   0.24967775  0.24728595  0.10699160
   0.22067110  0.26967535  0.21956223
   0.24967775  0.74728595  0.60699161
   0.22067110  0.76967538  0.71956218
   0.74967772  0.75271405  0.89300839
   0.72067106  0.73032462  0.78043782
   0.74967772  0.25271405  0.39300842
   0.72067106  0.23032464  0.28043776
   0.75434845  0.75603573  0.10731032
   0.74493271  0.72206623  0.21968666
   0.75434845  0.25603576  0.60731035
   0.74493271  0.22206622  0.71968669
   0.25434847  0.24396424  0.89268965
   0.24493272  0.27793380  0.78031331
   0.25434847  0.74396427  0.39268968
   0.24493272  0.77793377  0.28031334
   0.25390260  0.24485031 -0.00001228
   0.25390260  0.74485031  0.49998772
   0.75390259  0.75514969  1.00001228
   0.75390259  0.25514969  0.50001222
   0.79050238  0.75225779  0.34654097
   0.79050238  0.25225779  0.84654097
   0.79925040  0.75267968  0.45043251
   0.79925040  0.25267968  0.95043248
   0.29925040  0.24732034  0.54956752
   0.29050241  0.24774221  0.65345903
   0.29050241  0.74774221  0.15345903
   0.29925040  0.74732032  0.04956751
   0.29869171  0.24692592  0.45062035
   0.29869171  0.74692592  0.95062035
   0.79869171  0.75307408  0.54937965
   0.79869171  0.25307408  0.04937965
   0.61270057  0.55714683  0.05263094
   0.31816493  0.31698091  0.40600076
   0.52411098  0.47778376  0.13821437
   0.30780986  0.18799122  0.30225842
   0.50141175  0.49757800  0.25064249
   0.02209000  0.96294698  0.03778060
   0.08305848  0.03945508  0.14717298
   0.61270057  0.05714683  0.55263092
   0.31816493  0.81698091  0.90600076
   0.52411098  0.97778379  0.63821435
   0.30780986  0.68799119  0.80225842
   0.50141175  0.99757803  0.75064252
   0.02209000  0.46294701  0.53778059
   0.08305848  0.53945513  0.64717301
   0.11270060  0.44285314  0.94736908
   0.81816493  0.68301909  0.59399924
   0.02411095  0.52221621  0.86178565
   0.80780992  0.81200881  0.69774158
   0.00141177  0.50242197  0.74935748
   0.52209000  0.03705300  0.96221941
   0.58305850  0.96054487  0.85282699
   0.11270060  0.94285317  0.44736905
   0.81816493  0.18301909  0.09399926
   0.02411095  0.02221623  0.36178565
   0.80780992  0.31200881  0.19774158
   0.00141177  0.00242200  0.24935750
   0.52209000  0.53705302  0.46221938
   0.58305850  0.46054493  0.35282702
   0.11246359  0.44456250  0.05254959
   0.81530688  0.68647230  0.40518776
   0.02470845  0.52114465  0.13767495
   0.77992838  0.80229406  0.30395244
   0.00302768  0.50817645  0.25147335
   0.52074618  0.03773216  0.03804200
   0.58664272  0.95987181  0.14779563
   0.11246359  0.94456247  0.55254963
   0.81530688  0.18647232  0.90518779
   0.02470845  0.02114462  0.63767492
   0.77992838  0.30229409  0.80395241
   0.00302768  0.00817646  0.75147335
   0.52074618  0.53773217  0.53804198
   0.58664272  0.45987181  0.64779566
   0.61246357  0.55543753  0.94745037
   0.31530685  0.31352770  0.59481221
   0.52470839  0.47885538  0.86232508
   0.27992841  0.19770594  0.69604759
   0.50302771  0.49182355  0.74852665
   0.02074619  0.96226783  0.96195802
   0.08664273  0.04012817  0.85220434
   0.61246357  0.05543748  0.44745043
   0.31530685  0.81352770  0.09481223
   0.52470839  0.97885535  0.36232505
   0.27992841  0.69770594  0.19604755
   0.50302771  0.99182355  0.24852662
   0.02074619  0.46226786  0.46195802
   0.08664273  0.54012819  0.35220440
   0.32755211  0.16950130  0.50012504
   0.32755211  0.66950136  1.00012507
   0.82755211  0.83049864  0.49987493
   0.82755211  0.33049870 -0.00012507
   0.28830017  0.24486744  0.34495904
   0.28830017  0.74486744  0.84495907
   0.78830014  0.75513256  0.65504093
   0.78830014  0.25513257  0.15504094
