   0.25056285  0.24903630  0.10702502
   0.22477567  0.26960025  0.21977494
   0.25056285  0.74903630  0.60702503
   0.22477567  0.76960028  0.71977490
   0.75056282  0.75096370  0.89297497
   0.72477563  0.73039972  0.78022510
   0.75056282  0.25096370  0.39297500
   0.72477563  0.23039974  0.28022504
   0.75604221  0.75193999  0.10721960
   0.74412353  0.72088445  0.21951743
   0.75604221  0.25194002  0.60721962
   0.74412353  0.22088443  0.71951746
   0.25604222  0.24805998  0.89278038
   0.24412354  0.27911558  0.78048254
   0.25604222  0.74806001  0.39278041
   0.24412354  0.77911555  0.28048257
   0.24911541  0.24606397  0.00011592
   0.24911541  0.74606397  0.50011592
   0.74911539  0.75393603  0.99988408
   0.74911539  0.25393603  0.49988402
   0.79464000  0.75124264  0.34646738
   0.79464000  0.25124264  0.84646738
   0.79538758  0.75197386  0.45019441
   0.79538758  0.25197386  0.95019438
   0.29538758  0.24802615  0.54980562
   0.29464003  0.24875736  0.65353262
   0.29464003  0.74875736  0.15353262
   0.29538758  0.74802614  0.04980561
   0.29475353  0.24792908  0.45032731
   0.29475353  0.74792908  0.95032731
   0.79475353  0.75207092  0.54967269
   0.79475353  0.25207092  0.04967268
   0.60676611  0.55504449  0.05281125
   0.31743674  0.31776051  0.40557453
   0.52567911  0.47521266  0.13796000
   0.30378276  0.18632395  0.30218497
   0.50209632  0.49745306  0.25078077
   0.01733548  0.96266265  0.03796592
   0.09401732  0.04592715  0.14820378
   0.60676611  0.05504450  0.55281123
   0.31743674  0.81776051  0.90557453
   0.52567911  0.97521269  0.63795999
   0.30378276  0.68632392  0.80218497
   0.50209632  0.99745309  0.75078080
   0.01733548  0.46266268  0.53796591
   0.09401732  0.54592721  0.64820381
   0.10676614  0.44495548  0.94718877
   0.81743674  0.68223949  0.59442547
   0.02567909  0.52478731  0.86204001
   0.80378282  0.81367608  0.69781503
   0.00209634  0.50254691  0.74921920
   0.51733548  0.03733732  0.96203409
   0.59401733  0.95407279  0.85179619
   0.10676614  0.94495551  0.44718874
   0.81743674  0.18223949  0.09442548
   0.02567909  0.02478733  0.36204001
   0.80378282  0.31367608  0.19781503
   0.00209634  0.00254694  0.24921922
   0.51733548  0.53733735  0.46203406
   0.59401733  0.45407285  0.35179622
   0.10684312  0.44611929  0.05262555
   0.81380942  0.68557267  0.40481348
   0.02627228  0.52374271  0.13780594
   0.78569385  0.80470645  0.30387181
   0.00330390  0.50751250  0.25149876
   0.51582930  0.03807120  0.03830208
   0.59709316  0.95246766  0.14846918
   0.10684312  0.94611926  0.55262559
   0.81380942  0.18557269  0.90481350
   0.02627228  0.02374268  0.63780591
   0.78569385  0.30470648  0.80387178
   0.00330390  0.00751250  0.75149876
   0.51582930  0.53807120  0.53830206
   0.59709316  0.45246766  0.64846921
   0.60684311  0.55388074  0.94737441
   0.31380939  0.31442733  0.59518650
   0.52627223  0.47625732  0.86219409
   0.28569388  0.19529355  0.69612822
   0.50330393  0.49248750  0.74850124
   0.01582931  0.96192880  0.96169794
   0.09709317  0.04753232  0.85153079
   0.60684311  0.05388070  0.44737447
   0.31380939  0.81442733  0.09518651
   0.52627223  0.97625729  0.36219406
   0.28569388  0.69529355  0.19612817
   0.50330393  0.99248750  0.24850121
   0.01582931  0.46192883  0.46169794
   0.09709317  0.54753234  0.35153085
   0.32337223  0.16991611  0.50012419
   0.32337223  0.66991617  1.00012422
   0.82337223  0.83008383  0.49987578
   0.82337223  0.33008389 -0.00012422
   0.29126797  0.24656851  0.34484469
   0.29126797  0.74656851  0.84484472
   0.79126794  0.75343149  0.65515528
   0.79126794  0.25343150  0.15515530
