   0.25019583  0.24166143  0.10741146
   0.21647168  0.26981456  0.21952664
   0.25019583  0.74166143  0.60741148
   0.21647168  0.76981459  0.71952660
   0.75019580  0.75833857  0.89258852
   0.71647163  0.73018541  0.78047340
   0.75019580  0.25833857  0.39258855
   0.71647163  0.23018542  0.28047334
   0.75481228  0.76436267  0.10796173
   0.74316835  0.72243381  0.21981651
   0.75481228  0.26436270  0.60796176
   0.74316835  0.22243380  0.71981654
   0.25481230  0.23563730  0.89203824
   0.24316836  0.27756622  0.78018346
   0.25481230  0.73563733  0.39203827
   0.24316836  0.77756619  0.28018349
   0.26288691  0.24235294 -0.00005100
   0.26288691  0.74235294  0.49994900
   0.76288689  0.75764706  1.00005100
   0.76288689  0.25764706  0.50005094
   0.78368336  0.75483728  0.34644764
   0.78368336  0.25483728  0.84644764
   0.80722712  0.75433851  0.45061215
   0.80722712  0.25433851  0.95061212
   0.30722712  0.24566151  0.54938788
   0.28368339  0.24516272  0.65355236
   0.28368339  0.74516272  0.15355236
   0.30722712  0.74566149  0.04938787
   0.30650139  0.24466689  0.45089324
   0.30650139  0.74466689  0.95089324
   0.80650139  0.75533311  0.54910676
   0.80650139  0.25533311  0.04910676
   0.62472635  0.56177430  0.05274716
   0.31940198  0.31520591  0.40644185
   0.52413113  0.48541121  0.13885683
   0.30699818  0.18996544  0.30210227
   0.49859432  0.49780715  0.25059716
   0.03039210  0.96261076  0.03763692
   0.06027485  0.02401744  0.14569758
   0.62472635  0.06177430  0.55274713
   0.31940198  0.81520591  0.90644185
   0.52413113  0.98541124  0.63885682
   0.30699818  0.68996541  0.80210227
   0.49859432  0.99780718  0.75059719
   0.03039210  0.46261079  0.53763692
   0.06027485  0.52401749  0.64569761
   0.12472638  0.43822567  0.94725287
   0.81940198  0.68479409  0.59355815
   0.02413111  0.51458876  0.86114318
   0.80699824  0.81003459  0.69789773
  -0.00140567  0.50219282  0.74940281
   0.53039211  0.03738922  0.96236308
   0.56027487  0.97598251  0.85430239
   0.12472638  0.93822570  0.44725284
   0.81940198  0.18479409  0.09355817
   0.02413111  0.01458878  0.36114318
   0.80699824  0.31003459  0.19789773
  -0.00140567  0.00219285  0.24940282
   0.53039211  0.53738924  0.46236305
   0.56027487  0.47598257  0.35430242
   0.12458757  0.44026661  0.05274877
   0.81656927  0.68786159  0.40554899
   0.02449107  0.51345804  0.13799949
   0.77316918  0.79942053  0.30377198
   0.00038828  0.50837223  0.25148460
   0.52898165  0.03832398  0.03787377
   0.56457676  0.97616095  0.14668103
   0.12458757  0.94026658  0.55274882
   0.81656927  0.18786161  0.90554902
   0.02449107  0.01345802  0.63799946
   0.77316918  0.29942056  0.80377195
   0.00038828  0.00837224  0.75148460
   0.52898165  0.53832399  0.53787375
   0.56457676  0.47616095  0.64668106
   0.62458756  0.55973342  0.94725118
   0.31656924  0.31213841  0.59445098
   0.52449102  0.48654199  0.86200054
   0.27316921  0.20057947  0.69622805
   0.50038831  0.49162777  0.74851540
   0.02898166  0.96167601  0.96212625
   0.06457677  0.02383903  0.85331894
   0.62458756  0.05973338  0.44725124
   0.31656924  0.81213841  0.09445099
   0.52449102  0.98654196  0.36200051
   0.27316921  0.70057947  0.19622801
   0.50038831  0.99162777  0.24851537
   0.02898166  0.46167604  0.46212625
   0.06457677  0.52383905  0.35331900
   0.33536684  0.16787390  0.50013367
   0.33536684  0.66787396  1.00013370
   0.83536684  0.83212604  0.49986630
   0.83536684  0.33212610 -0.00013370
   0.28240337  0.24181744  0.34486728
   0.28240337  0.74181744  0.84486731
   0.78240334  0.75818256  0.65513269
   0.78240334  0.25818258  0.15513270
