   0.24979578  0.24791220  0.10697653
   0.22174451  0.26963292  0.21961334
   0.24979578  0.74791220  0.60697655
   0.22174451  0.76963295  0.71961330
   0.74979575  0.75208780  0.89302345
   0.72174447  0.73036705  0.78038670
   0.74979575  0.25208780  0.39302348
   0.72174447  0.23036706  0.28038664
   0.75469551  0.75462297  0.10725031
   0.74484833  0.72179350  0.21964637
   0.75469551  0.25462300  0.60725034
   0.74484833  0.22179349  0.71964640
   0.25469553  0.24537700  0.89274966
   0.24484834  0.27820653  0.78035360
   0.25469553  0.74537703  0.39274969
   0.24484834  0.77820650  0.28035363
   0.25234004  0.24526082  0.00000507
   0.25234004  0.74526082  0.50000507
   0.75234002  0.75473918  0.99999493
   0.75234002  0.25473918  0.49999487
   0.79177729  0.75190687  0.34652937
   0.79177729  0.25190687  0.84652937
   0.79795630  0.75244908  0.45037851
   0.79795630  0.25244908  0.95037848
   0.29795630  0.24755094  0.54962152
   0.29177732  0.24809313  0.65347063
   0.29177732  0.74809313  0.15347063
   0.29795630  0.74755092  0.04962151
   0.29742507  0.24729107  0.45055251
   0.29742507  0.74729107  0.95055251
   0.79742507  0.75270893  0.54944749
   0.79742507  0.25270893  0.04944748
   0.61066626  0.55636694  0.05264928
   0.31802164  0.31729936  0.40589499
   0.52449608  0.47685308  0.13812502
   0.30709918  0.18766358  0.30224566
   0.50176020  0.49755235  0.25067229
   0.02061167  0.96291896  0.03781901
   0.08667238  0.04169239  0.14748093
   0.61066626  0.05636694  0.55264926
   0.31802164  0.81729936  0.90589499
   0.52449608  0.97685311  0.63812501
   0.30709918  0.68766355  0.80224566
   0.50176020  0.99755238  0.75067232
   0.02061167  0.46291899  0.53781901
   0.08667238  0.54169245  0.64748096
   0.11066629  0.44363303  0.94735074
   0.81802164  0.68270064  0.59410501
   0.02449605  0.52314689  0.86187499
   0.80709924  0.81233645  0.69775434
   0.00176021  0.50244762  0.74932768
   0.52061168  0.03708101  0.96218099
   0.58667239  0.95830755  0.85251904
   0.11066629  0.94363306  0.44735071
   0.81802164  0.18270064  0.09410502
   0.02449605  0.02314691  0.36187499
   0.80709924  0.31233645  0.19775434
   0.00176021  0.00244765  0.24932770
   0.52061168  0.53708104  0.46218096
   0.58667239  0.45830761  0.35251907
   0.11047436  0.44520582  0.05254635
   0.81479202  0.68621215  0.40509479
   0.02506182  0.52211029  0.13769509
   0.78176098  0.80287080  0.30395023
   0.00328453  0.50803774  0.25147964
   0.51925242  0.03771045  0.03810056
   0.59003954  0.95745469  0.14797305
   0.11047436  0.94520579  0.55254639
   0.81479202  0.18621217  0.90509482
   0.02506182  0.02211026  0.63769506
   0.78176098  0.30287083  0.80395020
   0.00328453  0.00803775  0.75147964
   0.51925242  0.53771045  0.53810054
   0.59003954  0.45745469  0.64797308
   0.61047434  0.55479421  0.94745361
   0.31479199  0.31378785  0.59490518
   0.52506176  0.47788974  0.86230494
   0.28176101  0.19712920  0.69604980
   0.50328456  0.49196226  0.74852036
   0.01925242  0.96228955  0.96189946
   0.09003955  0.04254528  0.85202692
   0.61047434  0.05479416  0.44745367
   0.31479199  0.81378785  0.09490520
   0.52506176  0.97788971  0.36230491
   0.28176101  0.69712920  0.19604976
   0.50328456  0.99196226  0.24852033
   0.01925242  0.46228958  0.46189946
   0.09003955  0.54254531  0.35202698
   0.32615913  0.16972344  0.50012407
   0.32615913  0.66972350  1.00012410
   0.82615913  0.83027650  0.49987590
   0.82615913  0.33027656 -0.00012410
   0.28926479  0.24541170  0.34492801
   0.28926479  0.74541170  0.84492804
   0.78926476  0.75458830  0.65507196
   0.78926476  0.25458831  0.15507197
