   0.24992687  0.24821643  0.10697570
   0.22241441  0.26960123  0.21963912
   0.24992687  0.74821643  0.60697572
   0.22241441  0.76960126  0.71963907
   0.74992684  0.75178357  0.89302428
   0.72241437  0.73039874  0.78036093
   0.74992684  0.25178357  0.39302431
   0.72241437  0.23039875  0.28036087
   0.75498326  0.75389891  0.10722643
   0.74476623  0.72162935  0.21961235
   0.75498326  0.25389894  0.60722645
   0.74476623  0.22162933  0.71961238
   0.25498327  0.24610106  0.89277355
   0.24476625  0.27837068  0.78038762
   0.25498327  0.74610109  0.39277358
   0.24476625  0.77837065  0.28038765
   0.25151628  0.24546780  0.00001877
   0.25151628  0.74546780  0.50001877
   0.75151626  0.75453220  0.99998123
   0.75151626  0.25453220  0.49998117
   0.79251746  0.75173359  0.34651429
   0.79251746  0.25173359  0.84651429
   0.79723803  0.75231815  0.45033033
   0.79723803  0.25231815  0.95033030
   0.29723803  0.24768187  0.54966970
   0.29251749  0.24826641  0.65348571
   0.29251749  0.74826641  0.15348571
   0.29723803  0.74768185  0.04966969
   0.29671382  0.24748979  0.45049540
   0.29671382  0.74748979  0.95049540
   0.79671382  0.75251021  0.54950460
   0.79671382  0.25251021  0.04950459
   0.60962093  0.55600963  0.05266731
   0.31790971  0.31743250  0.40583330
   0.52476832  0.47638052  0.13808270
   0.30651735  0.18745974  0.30223232
   0.50190197  0.49753899  0.25069301
   0.01977754  0.96289320  0.03784464
   0.08856133  0.04284231  0.14765440
   0.60962093  0.05600964  0.55266729
   0.31790971  0.81743250  0.90583330
   0.52476832  0.97638055  0.63808268
   0.30651735  0.68745971  0.80223232
   0.50190197  0.99753902  0.75069304
   0.01977754  0.46289323  0.53784463
   0.08856133  0.54284236  0.64765443
   0.10962096  0.44399034  0.94733271
   0.81790971  0.68256750  0.59416670
   0.02476830  0.52361945  0.86191732
   0.80651741  0.81254029  0.69776768
   0.00190199  0.50246098  0.74930696
   0.51977754  0.03710678  0.96215537
   0.58856134  0.95715764  0.85234557
   0.10962096  0.94399037  0.44733268
   0.81790971  0.18256750  0.09416672
   0.02476830  0.02361947  0.36191732
   0.80651741  0.31254029  0.19776768
   0.00190199  0.00246101  0.24930697
   0.51977754  0.53710680  0.46215534
   0.58856134  0.45715770  0.35234560
   0.10945547  0.44548073  0.05255138
   0.81451027  0.68608798  0.40503865
   0.02530324  0.52257280  0.13771734
   0.78275529  0.80319895  0.30394500
   0.00337075  0.50793854  0.25148596
   0.51840421  0.03772741  0.03813751
   0.59186043  0.95620410  0.14808000
   0.10945547  0.94548070  0.55255142
   0.81451027  0.18608799  0.90503868
   0.02530324  0.02257277  0.63771731
   0.78275529  0.30319898  0.80394497
   0.00337075  0.00793855  0.75148596
   0.51840421  0.53772742  0.53813749
   0.59186043  0.45620410  0.64808003
   0.60945546  0.55451930  0.94744858
   0.31451024  0.31391202  0.59496132
   0.52530318  0.47742723  0.86228269
   0.28275532  0.19680105  0.69605503
   0.50337078  0.49206146  0.74851404
   0.01840421  0.96227258  0.96186251
   0.09186044  0.04379587  0.85191997
   0.60945546  0.05451926  0.44744864
   0.31451024  0.81391202  0.09496133
   0.52530318  0.97742720  0.36228266
   0.28275532  0.69680105  0.19605499
   0.50337078  0.99206146  0.24851401
   0.01840421  0.46227261  0.46186251
   0.09186044  0.54379590  0.35192003
   0.32541091  0.16982582  0.50012321
   0.32541091  0.66982588  1.00012324
   0.82541091  0.83017412  0.49987676
   0.82541091  0.33017418 -0.00012324
   0.28979575  0.24570395  0.34490813
   0.28979575  0.74570395  0.84490816
   0.78979572  0.75429605  0.65509184
   0.78979572  0.25429607  0.15509185
