   0.24956922  0.24663587  0.10702747
   0.21977225  0.26975540  0.21953707
   0.24956922  0.74663587  0.60702748
   0.21977225  0.76975543  0.71953702
   0.74956919  0.75336413  0.89297252
   0.71977221  0.73024457  0.78046298
   0.74956919  0.25336413  0.39297255
   0.71977221  0.23024458  0.28046292
   0.75418848  0.75739635  0.10739101
   0.74483569  0.72218293  0.21972034
   0.75418848  0.25739638  0.60739103
   0.74483569  0.22218292  0.71972037
   0.25418850  0.24260362  0.89260897
   0.24483571  0.27781710  0.78027963
   0.25418850  0.74260365  0.39260900
   0.24483571  0.77781707  0.28027966
   0.25537422  0.24444768 -0.00002387
   0.25537422  0.74444768  0.49997613
   0.75537421  0.75555232  1.00002387
   0.75537421  0.25555232  0.50002381
   0.78929767  0.75259713  0.34653175
   0.78929767  0.25259713  0.84653175
   0.80055599  0.75292519  0.45046789
   0.80055599  0.25292519  0.95046786
   0.30055599  0.24707482  0.54953214
   0.28929770  0.24740287  0.65346825
   0.28929770  0.74740287  0.15346825
   0.30055599  0.74707481  0.04953213
   0.29995180  0.24654067  0.45066535
   0.29995180  0.74654067  0.95066535
   0.79995180  0.75345933  0.54933465
   0.79995180  0.25345933  0.04933464
   0.61452000  0.55778593  0.05262267
   0.31831815  0.31667096  0.40610172
   0.52381401  0.47872059  0.13828884
   0.30811620  0.18815417  0.30226677
   0.50103124  0.49759486  0.25062478
   0.02343392  0.96294131  0.03775191
   0.07978859  0.03736555  0.14691498
   0.61452000  0.05778594  0.55262265
   0.31831815  0.81667096  0.90610172
   0.52381401  0.97872062  0.63828883
   0.30811620  0.68815415  0.80226677
   0.50103124  0.99759489  0.75062481
   0.02343392  0.46294134  0.53775191
   0.07978859  0.53736561  0.64691501
   0.11452003  0.44221404  0.94737735
   0.81831815  0.68332904  0.59389828
   0.02381398  0.52127938  0.86171117
   0.80811626  0.81184585  0.69773323
   0.00103125  0.50240511  0.74937519
   0.52343392  0.03705866  0.96224809
   0.57978860  0.96263439  0.85308499
   0.11452003  0.94221407  0.44737732
   0.81831815  0.18332904  0.09389830
   0.02381398  0.02127940  0.36171117
   0.80811626  0.31184585  0.19773323
   0.00103125  0.00240514  0.24937521
   0.52343392  0.53705869  0.46224806
   0.57978860  0.46263445  0.35308502
   0.11425003  0.44404086  0.05255971
   0.81576750  0.68667220  0.40527240
   0.02448417  0.52022549  0.13767277
   0.77848606  0.80188066  0.30396824
   0.00270071  0.50825154  0.25147299
   0.52210034  0.03780585  0.03799768
   0.58358400  0.96200491  0.14765058
   0.11425003  0.94404083  0.55255975
   0.81576750  0.18667221  0.90527243
   0.02448417  0.02022547  0.63767274
   0.77848606  0.30188069  0.80396821
   0.00270071  0.00825155  0.75147299
   0.52210034  0.53780586  0.53799765
   0.58358400  0.46200491  0.64765061
   0.61425002  0.55595917  0.94744025
   0.31576747  0.31332780  0.59472757
   0.52448411  0.47977454  0.86232726
   0.27848609  0.19811934  0.69603179
   0.50270074  0.49174846  0.74852701
   0.02210034  0.96219414  0.96200235
   0.08358400  0.03799507  0.85234939
   0.61425002  0.05595913  0.44744031
   0.31576747  0.81332780  0.09472758
   0.52448411  0.97977451  0.36232723
   0.27848609  0.69811934  0.19603174
   0.50270074  0.99174846  0.24852698
   0.02210034  0.46219417  0.46200235
   0.08358400  0.53799509  0.35234945
   0.32883086  0.16927194  0.50012579
   0.32883086  0.66927200  1.00012582
   0.82883086  0.83072800  0.49987418
   0.82883086  0.33072806 -0.00012582
   0.28722874  0.24427314  0.34497641
   0.28722874  0.74427314  0.84497644
   0.78722871  0.75572686  0.65502356
   0.78722871  0.25572688  0.15502358
