   0.25007570  0.24211953  0.10737490
   0.21666304  0.26982796  0.21952661
   0.25007570  0.74211953  0.60737492
   0.21666304  0.76982799  0.71952656
   0.75007567  0.75788047  0.89262508
   0.71666299  0.73017201  0.78047344
   0.75007567  0.25788047  0.39262511
   0.71666299  0.23017203  0.28047338
   0.75470425  0.76384909  0.10792074
   0.74330660  0.72243417  0.21981314
   0.75470425  0.26384912  0.60792076
   0.74330660  0.22243416  0.71981317
   0.25470427  0.23615088  0.89207924
   0.24330661  0.27756586  0.78018683
   0.25470427  0.73615091  0.39207927
   0.24330661  0.77756583  0.28018686
   0.26233353  0.24251592 -0.00005245
   0.26233353  0.74251592  0.49994755
   0.76233351  0.75748408  1.00005245
   0.76233351  0.25748408  0.50005239
   0.78408702  0.75467678  0.34645468
   0.78408702  0.25467678  0.84645468
   0.80675407  0.75421161  0.45060292
   0.80675407  0.25421161  0.95060289
   0.30675407  0.24578840  0.54939711
   0.28408705  0.24532322  0.65354532
   0.28408705  0.74532322  0.15354532
   0.30675407  0.74578839  0.04939709
   0.30601903  0.24480485  0.45088030
   0.30601903  0.74480485  0.95088030
   0.80601903  0.75519515  0.54911970
   0.80601903  0.25519515  0.04911969
   0.62400487  0.56148597  0.05273229
   0.31930251  0.31530432  0.40642034
   0.52398569  0.48477929  0.13881064
   0.30713546  0.18978006  0.30211776
   0.49874510  0.49779033  0.25059684
   0.02991321  0.96264470  0.03764803
   0.06179381  0.02505498  0.14577739
   0.62400487  0.06148597  0.55273227
   0.31930251  0.81530432  0.90642034
   0.52398569  0.98477932  0.63881062
   0.30713546  0.68978003  0.80211776
   0.49874510  0.99779036  0.75059687
   0.02991321  0.46264473  0.53764803
   0.06179381  0.52505503  0.64577742
   0.12400490  0.43851400  0.94726773
   0.81930251  0.68469568  0.59357966
   0.02398567  0.51522068  0.86118938
   0.80713552  0.81021997  0.69788224
  -0.00125488  0.50220964  0.74940313
   0.52991321  0.03735528  0.96235197
   0.56179383  0.97494497  0.85422258
   0.12400490  0.93851403  0.44726770
   0.81930251  0.18469568  0.09357968
   0.02398567  0.01522070  0.36118938
   0.80713552  0.31021997  0.19788224
  -0.00125488  0.00220967  0.24940315
   0.52991321  0.53735530  0.46235194
   0.56179383  0.47494503  0.35422261
   0.12383192  0.44057739  0.05273400
   0.81664438  0.68777397  0.40553008
   0.02441733  0.51402701  0.13796476
   0.77340863  0.79965415  0.30378781
   0.00053424  0.50836908  0.25148437
   0.52851073  0.03829129  0.03787904
   0.56612674  0.97493409  0.14677404
   0.12383192  0.94057736  0.55273404
   0.81664438  0.18777398  0.90553011
   0.02441733  0.01402698  0.63796473
   0.77340863  0.29965417  0.80378778
   0.00053424  0.00836908  0.75148437
   0.52851073  0.53829130  0.53787901
   0.56612674  0.47493409  0.64677407
   0.62383190  0.55942264  0.94726596
   0.31664435  0.31222603  0.59446989
   0.52441727  0.48597302  0.86203527
   0.27340866  0.20034585  0.69621222
   0.50053427  0.49163092  0.74851563
   0.02851074  0.96170870  0.96212099
   0.06612675  0.02506588  0.85322593
   0.62383190  0.05942260  0.44726602
   0.31664435  0.81222603  0.09446991
   0.52441727  0.98597299  0.36203524
   0.27340866  0.70034585  0.19621217
   0.50053427  0.99163092  0.24851560
   0.02851074  0.46170873  0.46212099
   0.06612675  0.52506591  0.35322599
   0.33492804  0.16798207  0.50013349
   0.33492804  0.66798213  1.00013352
   0.83492804  0.83201787  0.49986648
   0.83492804  0.33201793 -0.00013352
   0.28277394  0.24201562  0.34487503
   0.28277394  0.74201562  0.84487506
   0.78277391  0.75798438  0.65512494
   0.78277391  0.25798440  0.15512495
