   0.25090138  0.24926087  0.10704388
   0.22550972  0.26958731  0.21979018
   0.25090138  0.74926087  0.60704390
   0.22550972  0.76958734  0.71979014
   0.75090135  0.75073913  0.89295610
   0.72550968  0.73041266  0.78020986
   0.75090135  0.25073913  0.39295613
   0.72550968  0.23041268  0.28020980
   0.75644287  0.75145058  0.10722561
   0.74387268  0.72071397  0.21946550
   0.75644287  0.25145060  0.60722564
   0.74387268  0.22071396  0.71946553
   0.25644288  0.24854940  0.89277436
   0.24387270  0.27928606  0.78053447
   0.25644288  0.74854942  0.39277439
   0.24387270  0.77928603  0.28053450
   0.24848971  0.24616261  0.00016226
   0.24848971  0.74616261  0.50016226
   0.74848969  0.75383739  0.99983774
   0.74848969  0.25383739  0.49983768
   0.79524242  0.75110473  0.34645676
   0.79524242  0.25110473  0.84645676
   0.79487576  0.75182855  0.45014795
   0.79487576  0.25182855  0.95014792
   0.29487576  0.24817146  0.54985208
   0.29524245  0.24889527  0.65354324
   0.29524245  0.74889527  0.15354324
   0.29487576  0.74817145  0.04985207
   0.29417559  0.24806493  0.45026542
   0.29417559  0.74806493  0.95026542
   0.79417559  0.75193507  0.54973458
   0.79417559  0.25193507  0.04973457
   0.60604327  0.55485531  0.05287426
   0.31724816  0.31781372  0.40546035
   0.52598898  0.47490641  0.13792959
   0.30282333  0.18596262  0.30220271
   0.50208923  0.49743365  0.25081341
   0.01661415  0.96257748  0.03800589
   0.09543318  0.04673718  0.14836779
   0.60604327  0.05485532  0.55287424
   0.31724816  0.81781372  0.90546035
   0.52598898  0.97490644  0.63792958
   0.30282333  0.68596259  0.80220271
   0.50208923  0.99743368  0.75081344
   0.01661415  0.46257751  0.53800589
   0.09543318  0.54673723  0.64836782
   0.10604330  0.44514466  0.94712576
   0.81724816  0.68218628  0.59453965
   0.02598896  0.52509356  0.86207042
   0.80282339  0.81403741  0.69779729
   0.00208925  0.50256632  0.74918656
   0.51661415  0.03742250  0.96199411
   0.59543319  0.95326277  0.85163218
   0.10604330  0.94514469  0.44712573
   0.81724816  0.18218628  0.09453966
   0.02598896  0.02509358  0.36207042
   0.80282339  0.31403741  0.19779729
   0.00208925  0.00256635  0.24918658
   0.51661415  0.53742252  0.46199408
   0.59543319  0.45326283  0.35163221
   0.10621249  0.44614948  0.05265701
   0.81368629  0.68539634  0.40471842
   0.02655459  0.52398786  0.13783165
   0.78644396  0.80520569  0.30385052
   0.00322342  0.50740199  0.25150211
   0.51506462  0.03825311  0.03835888
   0.59850563  0.95147906  0.14860552
   0.10621249  0.94614945  0.55265705
   0.81368629  0.18539635  0.90471844
   0.02655459  0.02398783  0.63783162
   0.78644396  0.30520572  0.80385049
   0.00322342  0.00740199  0.75150211
   0.51506462  0.53825311  0.53835885
   0.59850563  0.45147906  0.64860555
   0.60621248  0.55385055  0.94734295
   0.31368626  0.31460366  0.59528156
   0.52655453  0.47601217  0.86216838
   0.28644399  0.19479431  0.69614951
   0.50322345  0.49259801  0.74849789
   0.01506463  0.96174689  0.96164115
   0.09850563  0.04852092  0.85139445
   0.60621248  0.05385050  0.44734301
   0.31368626  0.81460366  0.09528157
   0.52655453  0.97601214  0.36216835
   0.28644399  0.69479431  0.19614946
   0.50322345  0.99259801  0.24849786
   0.01506463  0.46174692  0.46164115
   0.09850563  0.54852094  0.35139451
   0.32281747  0.16988214  0.50012349
   0.32281747  0.66988220  1.00012352
   0.82281747  0.83011780  0.49987648
   0.82281747  0.33011786 -0.00012352
   0.29174094  0.24682939  0.34482325
   0.29174094  0.74682939  0.84482328
   0.79174091  0.75317061  0.65517672
   0.79174091  0.25317062  0.15517673
