   0.25020629  0.24156492  0.10742202
   0.21642892  0.26981366  0.21952836
   0.25020629  0.74156492  0.60742204
   0.21642892  0.76981369  0.71952831
   0.75020626  0.75843508  0.89257796
   0.71642887  0.73018631  0.78047169
   0.75020626  0.25843508  0.39257799
   0.71642887  0.23018633  0.28047163
   0.75484045  0.76447837  0.10797263
   0.74314035  0.72243445  0.21981946
   0.75484045  0.26447840  0.60797265
   0.74314035  0.22243443  0.71981949
   0.25484047  0.23552160  0.89202735
   0.24314037  0.27756558  0.78018051
   0.25484047  0.73552163  0.39202738
   0.24314037  0.77756555  0.28018054
   0.26300485  0.24232127 -0.00005062
   0.26300485  0.74232127  0.49994938
   0.76300483  0.75767873  1.00005062
   0.76300483  0.25767873  0.50005056
   0.78358085  0.75485625  0.34644740
   0.78358085  0.25485625  0.84644740
   0.80733548  0.75437095  0.45061452
   0.80733548  0.25437095  0.95061449
   0.30733548  0.24562907  0.54938551
   0.28358088  0.24514375  0.65355260
   0.28358088  0.74514375  0.15355260
   0.30733548  0.74562905  0.04938550
   0.30660925  0.24463033  0.45089815
   0.30660925  0.74463033  0.95089815
   0.80660925  0.75536967  0.54910185
   0.80660925  0.25536967  0.04910185
   0.62488211  0.56182516  0.05274941
   0.31943053  0.31519395  0.40644827
   0.52415035  0.48556200  0.13886598
   0.30696921  0.18999818  0.30210054
   0.49856564  0.49780880  0.25059719
   0.03050223  0.96260079  0.03763453
   0.05994282  0.02379939  0.14568073
   0.62488211  0.06182516  0.55274938
   0.31943053  0.81519395  0.90644827
   0.52415035  0.98556203  0.63886597
   0.30696921  0.68999815  0.80210054
   0.49856564  0.99780883  0.75059722
   0.03050223  0.46260082  0.53763453
   0.05994282  0.52379944  0.64568076
   0.12488214  0.43817481  0.94725062
   0.81943053  0.68480605  0.59355173
   0.02415032  0.51443797  0.86113403
   0.80696927  0.81000185  0.69789946
  -0.00143434  0.50219117  0.74940278
   0.53050223  0.03739919  0.96236547
   0.55994284  0.97620056  0.85431924
   0.12488214  0.93817484  0.44725059
   0.81943053  0.18480605  0.09355175
   0.02415032  0.01443799  0.36113403
   0.80696927  0.31000185  0.19789946
  -0.00143434  0.00219120  0.24940279
   0.53050223  0.53739921  0.46236544
   0.55994284  0.47620062  0.35431927
   0.12474788  0.44020907  0.05275080
   0.81655725  0.68787702  0.40555483
   0.02450727  0.51334386  0.13800695
   0.77312884  0.79937783  0.30377149
   0.00035997  0.50837198  0.25148465
   0.52909196  0.03833380  0.03787259
   0.56423778  0.97642178  0.14666047
   0.12474788  0.94020904  0.55275084
   0.81655725  0.18787703  0.90555486
   0.02450727  0.01334383  0.63800692
   0.77312884  0.29937786  0.80377146
   0.00035997  0.00837198  0.75148465
   0.52909196  0.53833381  0.53787257
   0.56423778  0.47642178  0.64666050
   0.62474787  0.55979096  0.94724916
   0.31655722  0.31212298  0.59444514
   0.52450722  0.48665617  0.86199308
   0.27312887  0.20062217  0.69622854
   0.50036001  0.49162802  0.74851535
   0.02909197  0.96166619  0.96212743
   0.06423779  0.02357820  0.85333950
   0.62474787  0.05979091  0.44724922
   0.31655722  0.81212298  0.09444516
   0.52450722  0.98665614  0.36199305
   0.27312887  0.70062217  0.19622849
   0.50036001  0.99162802  0.24851532
   0.02909197  0.46166622  0.46212743
   0.06423779  0.52357822  0.35333956
   0.33546552  0.16785250  0.50013377
   0.33546552  0.66785256  1.00013380
   0.83546552  0.83214744  0.49986620
   0.83546552  0.33214750 -0.00013380
   0.28231402  0.24177145  0.34486438
   0.28231402  0.74177145  0.84486441
   0.78231399  0.75822855  0.65513559
   0.78231399  0.25822857  0.15513561
