   0.24962927  0.24701104  0.10699864
   0.22027003  0.26971119  0.21955050
   0.24962927  0.74701104  0.60699865
   0.22027003  0.76971122  0.71955046
   0.74962924  0.75298896  0.89300135
   0.72026999  0.73028878  0.78044954
   0.74962924  0.25298896  0.39300138
   0.72026999  0.23028879  0.28044948
   0.75424162  0.75662005  0.10733792
   0.74490076  0.72211772  0.21970292
   0.75424162  0.25662008  0.60733794
   0.74490076  0.22211770  0.71970295
   0.25424164  0.24337992  0.89266206
   0.24490077  0.27788231  0.78029705
   0.25424164  0.74337995  0.39266209
   0.24490077  0.77788228  0.28029708
   0.25452751  0.24467368 -0.00001744
   0.25452751  0.74467368  0.49998256
   0.75452749  0.75532632  1.00001744
   0.75452749  0.25532632  0.50001738
   0.78995076  0.75242064  0.34654338
   0.78995076  0.25242064  0.84654338
   0.79983149  0.75279195  0.45045484
   0.79983149  0.25279195  0.95045481
   0.29983149  0.24720807  0.54954519
   0.28995079  0.24757936  0.65345662
   0.28995079  0.74757936  0.15345662
   0.29983149  0.74720805  0.04954518
   0.29924552  0.24674423  0.45065054
   0.29924552  0.74674423  0.95065054
   0.79924552  0.75325577  0.54934946
   0.79924552  0.25325577  0.04934945
   0.61354055  0.55746157  0.05262854
   0.31823261  0.31684961  0.40603929
   0.52398788  0.47818488  0.13824712
   0.30798981  0.18807597  0.30226565
   0.50124786  0.49758294  0.25063305
   0.02269534  0.96294009  0.03776713
   0.08156561  0.03852364  0.14705013
   0.61354055  0.05746158  0.55262852
   0.31823261  0.81684961  0.90603929
   0.52398788  0.97818491  0.63824710
   0.30798981  0.68807594  0.80226565
   0.50124786  0.99758297  0.75063308
   0.02269534  0.46294012  0.53776713
   0.08156561  0.53852370  0.64705016
   0.11354058  0.44253840  0.94737148
   0.81823261  0.68315039  0.59396071
   0.02398785  0.52181509  0.86175290
   0.80798987  0.81192406  0.69773435
   0.00124788  0.50241703  0.74936692
   0.52269534  0.03705989  0.96223287
   0.58156562  0.96147630  0.85294984
   0.11354058  0.94253843  0.44737145
   0.81823261  0.18315039  0.09396072
   0.02398785  0.02181511  0.36175290
   0.80798987  0.31192406  0.19773435
   0.00124788  0.00241706  0.24936693
   0.52269534  0.53705991  0.46223284
   0.58156562  0.46147636  0.35294987
   0.11329215  0.44430730  0.05255525
   0.81551756  0.68655838  0.40522182
   0.02457913  0.52071676  0.13766927
   0.77924071  0.80210787  0.30395248
   0.00288713  0.50820983  0.25147207
   0.52135191  0.03776487  0.03802098
   0.58526518  0.96086453  0.14772468
   0.11329215  0.94430727  0.55255529
   0.81551756  0.18655839  0.90522185
   0.02457913  0.02071673  0.63766924
   0.77924071  0.30210790  0.80395245
   0.00288713  0.00820984  0.75147207
   0.52135191  0.53776488  0.53802096
   0.58526518  0.46086453  0.64772471
   0.61329213  0.55569273  0.94744471
   0.31551753  0.31344162  0.59477815
   0.52457908  0.47928327  0.86233076
   0.27924074  0.19789213  0.69604755
   0.50288717  0.49179017  0.74852793
   0.02135191  0.96223512  0.96197904
   0.08526519  0.03913545  0.85227529
   0.61329213  0.05569269  0.44744477
   0.31551753  0.81344162  0.09477817
   0.52457908  0.97928324  0.36233073
   0.27924074  0.69789213  0.19604750
   0.50288717  0.99179017  0.24852790
   0.02135191  0.46223515  0.46197904
   0.08526519  0.53913547  0.35227535
   0.32812811  0.16939515  0.50012574
   0.32812811  0.66939521  1.00012576
   0.82812811  0.83060479  0.49987424
   0.82812811  0.33060485 -0.00012576
   0.28788136  0.24463310  0.34496835
   0.28788136  0.74463310  0.84496838
   0.78788133  0.75536690  0.65503162
   0.78788133  0.25536692  0.15503164
