   0.24966448  0.24475778  0.10715636
   0.21809276  0.26981693  0.21952091
   0.24966448  0.74475778  0.60715637
   0.21809276  0.76981696  0.71952086
   0.74966445  0.75524222  0.89284363
   0.71809272  0.73018304  0.78047914
   0.74966445  0.25524222  0.39284366
   0.71809272  0.23018305  0.28047908
   0.75419297  0.76050520  0.10762602
   0.74421002  0.72236050  0.21977259
   0.75419297  0.26050523  0.60762605
   0.74421002  0.22236048  0.71977262
   0.25419298  0.23949477  0.89237395
   0.24421003  0.27763953  0.78022738
   0.25419298  0.73949480  0.39237398
   0.24421003  0.77763950  0.28022741
   0.25877205  0.24355287 -0.00004528
   0.25877205  0.74355287  0.49995472
   0.75877203  0.75644713  1.00004528
   0.75877203  0.25644713  0.50004522
   0.78671030  0.75357205  0.34651744
   0.78671030  0.25357205  0.84651744
   0.80361086  0.75347992  0.45054969
   0.80361086  0.25347992  0.95054966
   0.30361086  0.24652010  0.54945034
   0.28671033  0.24642795  0.65348256
   0.28671033  0.74642795  0.15348256
   0.30361086  0.74652008  0.04945033
   0.30290574  0.24567939  0.45078821
   0.30290574  0.74567939  0.95078821
   0.80290574  0.75432061  0.54921179
   0.80290574  0.25432061  0.04921179
   0.61921890  0.55964664  0.05265577
   0.31867138  0.31594674  0.40625821
   0.52355344  0.48124420  0.13852343
   0.30787503  0.18881582  0.30221305
   0.49987802  0.49768927  0.25060087
   0.02662942  0.96281935  0.03770532
   0.07137530  0.03172519  0.14632701
   0.61921890  0.05964665  0.55265575
   0.31867138  0.81594674  0.90625821
   0.52355344  0.98124423  0.63852341
   0.30787503  0.68881579  0.80221305
   0.49987802  0.99768930  0.75060090
   0.02662942  0.46281938  0.53770531
   0.07137530  0.53172524  0.64632704
   0.11921893  0.44035333  0.94734425
   0.81867138  0.68405326  0.59374179
   0.02355341  0.51875577  0.86147659
   0.80787509  0.81118421  0.69778695
  -0.00012197  0.50231070  0.74939910
   0.52662942  0.03718063  0.96229469
   0.57137531  0.96827476  0.85367296
   0.11921893  0.94035336  0.44734422
   0.81867138  0.18405326  0.09374180
   0.02355341  0.01875579  0.36147659
   0.80787509  0.31118421  0.19778695
  -0.00012197  0.00231073  0.24939911
   0.52662942  0.53718065  0.46229466
   0.57137531  0.46827482  0.35367299
   0.11893831  0.44243454  0.05263340
   0.81652459  0.68719364  0.40540095
   0.02418048  0.51747671  0.13776634
   0.77544623  0.80087972  0.30388192
   0.00161970  0.50832742  0.25147688
   0.52526532  0.03807892  0.03792593
   0.57563205  0.96776009  0.14727519
   0.11893831  0.94243451  0.55263344
   0.81652459  0.18719366  0.90540098
   0.02418048  0.01747668  0.63776631
   0.77544623  0.30087975  0.80388189
   0.00161970  0.00832743  0.75147688
   0.52526532  0.53807893  0.53792591
   0.57563205  0.46776009  0.64727522
   0.61893829  0.55756549  0.94736656
   0.31652456  0.31280636  0.59459902
   0.52418042  0.48252332  0.86223369
   0.27544626  0.19912028  0.69611811
   0.50161973  0.49167258  0.74852312
   0.02526533  0.96192107  0.96207409
   0.07563205  0.03223989  0.85272478
   0.61893829  0.05756545  0.44736662
   0.31652456  0.81280636  0.09459903
   0.52418042  0.98252329  0.36223366
   0.27544626  0.69912028  0.19611806
   0.50161973  0.99167258  0.24852309
   0.02526533  0.46192110  0.46207409
   0.07563205  0.53223991  0.35272484
   0.33187017  0.16866939  0.50013053
   0.33187017  0.66866945  1.00013056
   0.83187017  0.83133055  0.49986944
   0.83187017  0.33133061 -0.00013056
   0.28516234  0.24323298  0.34494949
   0.28516234  0.74323298  0.84494952
   0.78516231  0.75676702  0.65505048
   0.78516231  0.25676703  0.15505049
