   0.24959554  0.24585845  0.10707889
   0.21895231  0.26980415  0.21952798
   0.24959554  0.74585845  0.60707890
   0.21895231  0.76980418  0.71952793
   0.74959551  0.75414155  0.89292110
   0.71895226  0.73019582  0.78047207
   0.74959551  0.25414155  0.39292113
   0.71895226  0.23019583  0.28047201
   0.75411576  0.75881142  0.10749361
   0.74461010  0.72227050  0.21974988
   0.75411576  0.25881145  0.60749363
   0.74461010  0.22227049  0.71974991
   0.25411578  0.24118855  0.89250637
   0.24461011  0.27772953  0.78025009
   0.25411578  0.74118858  0.39250640
   0.24461011  0.77772950  0.28025012
   0.25689728  0.24405261 -0.00003498
   0.25689728  0.74405261  0.49996502
   0.75689726  0.75594739  1.00003498
   0.75689726  0.25594739  0.50003492
   0.78811441  0.75301777  0.34653834
   0.78811441  0.25301777  0.84653834
   0.80191093  0.75317117  0.45051603
   0.80191093  0.25317117  0.95051600
   0.30191093  0.24682884  0.54948400
   0.28811444  0.24698223  0.65346166
   0.28811444  0.74698223  0.15346166
   0.30191093  0.74682883  0.04948398
   0.30125407  0.24613184  0.45073389
   0.30125407  0.74613184  0.95073389
   0.80125407  0.75386816  0.54926611
   0.80125407  0.25386816  0.04926611
   0.61670495  0.55867427  0.05263721
   0.31846078  0.31632492  0.40616586
   0.52366294  0.47984323  0.13839500
   0.30811507  0.18843834  0.30224894
   0.50051161  0.49764263  0.25061127
   0.02493357  0.96291566  0.03773122
   0.07592808  0.03479891  0.14663341
   0.61670495  0.05867428  0.55263719
   0.31846078  0.81632492  0.90616586
   0.52366294  0.97984326  0.63839499
   0.30811507  0.68843831  0.80224894
   0.50051161  0.99764266  0.75061130
   0.02493357  0.46291569  0.53773121
   0.07592808  0.53479896  0.64663344
   0.11670498  0.44132570  0.94736281
   0.81846078  0.68367508  0.59383414
   0.02366291  0.52015674  0.86160501
   0.80811513  0.81156169  0.69775106
   0.00051163  0.50235734  0.74938870
   0.52493357  0.03708432  0.96226879
   0.57592810  0.96520104  0.85336656
   0.11670498  0.94132573  0.44736278
   0.81846078  0.18367508  0.09383415
   0.02366291  0.02015676  0.36160501
   0.80811513  0.31156169  0.19775106
   0.00051163  0.00235737  0.24938872
   0.52493357  0.53708434  0.46226876
   0.57592810  0.46520110  0.35336659
   0.11642909  0.44330130  0.05259417
   0.81617960  0.68689727  0.40532858
   0.02431487  0.51898943  0.13770299
   0.77691799  0.80142207  0.30392353
   0.00221489  0.50829879  0.25147448
   0.52358475  0.03790893  0.03796187
   0.57996134  0.96463679  0.14748297
   0.11642909  0.94330127  0.55259421
   0.81617960  0.18689729  0.90532861
   0.02431487  0.01898940  0.63770296
   0.77691799  0.30142210  0.80392350
   0.00221489  0.00829879  0.75147448
   0.52358475  0.53790894  0.53796185
   0.57996134  0.46463679  0.64748300
   0.61642907  0.55669873  0.94740579
   0.31617957  0.31310273  0.59467139
   0.52431481  0.48101060  0.86229704
   0.27691802  0.19857793  0.69607650
   0.50221492  0.49170121  0.74852552
   0.02358476  0.96209106  0.96203815
   0.07996135  0.03536319  0.85251700
   0.61642907  0.05669869  0.44740585
   0.31617957  0.81310273  0.09467140
   0.52431481  0.98101057  0.36229701
   0.27691802  0.69857793  0.19607646
   0.50221492  0.99170121  0.24852549
   0.02358476  0.46209109  0.46203815
   0.07996135  0.53536321  0.35251706
   0.33027360  0.16899174  0.50012858
   0.33027360  0.66899180  1.00012861
   0.83027360  0.83100820  0.49987139
   0.83027360  0.33100826 -0.00012861
   0.28635631  0.24383645  0.34497346
   0.28635631  0.74383645  0.84497349
   0.78635628  0.75616355  0.65502651
   0.78635628  0.25616356  0.15502653
