   0.24968869  0.24743444  0.10698811
   0.22089747  0.26965283  0.21957596
   0.24968869  0.74743444  0.60698813
   0.22089747  0.76965286  0.71957591
   0.74968866  0.75256556  0.89301187
   0.72089743  0.73034714  0.78042409
   0.74968866  0.25256556  0.39301190
   0.72089743  0.23034716  0.28042403
   0.75440957  0.75570881  0.10729600
   0.74493534  0.72202122  0.21968235
   0.75440957  0.25570884  0.60729602
   0.74493534  0.22202120  0.71968238
   0.25440958  0.24429116  0.89270398
   0.24493535  0.27797881  0.78031762
   0.25440958  0.74429119  0.39270401
   0.24493535  0.77797878  0.28031765
   0.25356193  0.24496268 -0.00000918
   0.25356193  0.74496268  0.49999082
   0.75356191  0.75503732  1.00000918
   0.75356191  0.25503732  0.50000912
   0.79075758  0.75217507  0.34653036
   0.79075758  0.25217507  0.84653036
   0.79897086  0.75264148  0.45042396
   0.79897086  0.25264148  0.95042393
   0.29897086  0.24735854  0.54957607
   0.29075761  0.24782493  0.65346964
   0.29075761  0.74782493  0.15346964
   0.29897086  0.74735852  0.04957606
   0.29842011  0.24699936  0.45060729
   0.29842011  0.74699936  0.95060729
   0.79842011  0.75300064  0.54939271
   0.79842011  0.25300064  0.04939270
   0.61223798  0.55697741  0.05263368
   0.31813554  0.31706114  0.40597825
   0.52417017  0.47755269  0.13819267
   0.30769205  0.18792554  0.30225904
   0.50150173  0.49757081  0.25064714
   0.02175392  0.96294665  0.03778806
   0.08390044  0.03997190  0.14723765
   0.61223798  0.05697742  0.55263366
   0.31813554  0.81706114  0.90597825
   0.52417017  0.97755272  0.63819266
   0.30769205  0.68792551  0.80225904
   0.50150173  0.99757084  0.75064717
   0.02175392  0.46294668  0.53778806
   0.08390044  0.53997195  0.64723768
   0.11223801  0.44302256  0.94736634
   0.81813554  0.68293886  0.59402175
   0.02417014  0.52244728  0.86180734
   0.80769211  0.81207449  0.69774096
   0.00150175  0.50242916  0.74935283
   0.52175393  0.03705333  0.96221194
   0.58390045  0.96002805  0.85276232
   0.11223801  0.94302259  0.44736631
   0.81813554  0.18293886  0.09402176
   0.02417014  0.02244730  0.36180734
   0.80769211  0.31207449  0.19774096
   0.00150175  0.00242919  0.24935284
   0.52175393  0.53705335  0.46221191
   0.58390045  0.46002811  0.35276235
   0.11201319  0.44470623  0.05254769
   0.81518933  0.68641226  0.40516691
   0.02477081  0.52139685  0.13767637
   0.78033015  0.80241051  0.30395354
   0.00309918  0.50815107  0.25147178
   0.52040501  0.03771539  0.03805376
   0.58741682  0.95930493  0.14783104
   0.11201319  0.94470620  0.55254773
   0.81518933  0.18641227  0.90516694
   0.02477081  0.02139683  0.63767634
   0.78033015  0.30241054  0.80395351
   0.00309918  0.00815107  0.75147178
   0.52040501  0.53771540  0.53805373
   0.58741682  0.45930493  0.64783107
   0.61201318  0.55529380  0.94745227
   0.31518930  0.31358774  0.59483306
   0.52477076  0.47860318  0.86232366
   0.28033018  0.19758949  0.69604649
   0.50309921  0.49184893  0.74852822
   0.02040502  0.96228460  0.96194627
   0.08741683  0.04069504  0.85216893
   0.61201318  0.05529376  0.44745233
   0.31518930  0.81358774  0.09483307
   0.52477076  0.97860315  0.36232363
   0.28033018  0.69758949  0.19604644
   0.50309921  0.99184893  0.24852819
   0.02040502  0.46228463  0.46194627
   0.08741683  0.54069507  0.35216899
   0.32723563  0.16955743  0.50012502
   0.32723563  0.66955749  1.00012505
   0.82723563  0.83044251  0.49987495
   0.82723563  0.33044257 -0.00012505
   0.28850633  0.24496383  0.34494866
   0.28850633  0.74496383  0.84494869
   0.78850630  0.75503617  0.65505131
   0.78850630  0.25503619  0.15505132
