   0.24958482  0.24606729  0.10706322
   0.21917105  0.26978441  0.21953010
   0.24958482  0.74606729  0.60706324
   0.21917105  0.76978444  0.71953005
   0.74958479  0.75393271  0.89293676
   0.71917100  0.73021556  0.78046995
   0.74958479  0.25393271  0.39293679
   0.71917100  0.23021557  0.28046989
   0.75410889  0.75845141  0.10746534
   0.74468366  0.72226228  0.21974232
   0.75410889  0.25845144  0.60746536
   0.74468366  0.22226227  0.71974235
   0.25410891  0.24154856  0.89253464
   0.24468367  0.27773775  0.78025765
   0.25410891  0.74154859  0.39253467
   0.24468367  0.77773772  0.28025768
   0.25650911  0.24415531 -0.00003211
   0.25650911  0.74415531  0.49996789
   0.75650909  0.75584469  1.00003211
   0.75650909  0.25584469  0.50003205
   0.78841472  0.75290086  0.34653977
   0.78841472  0.25290086  0.84653977
   0.80157694  0.75308254  0.45050317
   0.80157694  0.25308254  0.95050314
   0.30157694  0.24691747  0.54949686
   0.28841475  0.24709914  0.65346023
   0.28841475  0.74709914  0.15346023
   0.30157694  0.74691746  0.04949685
   0.30093386  0.24625748  0.45071649
   0.30093386  0.74625748  0.95071649
   0.80093386  0.75374252  0.54928351
   0.80093386  0.25374252  0.04928351
   0.61617112  0.55846456  0.05263352
   0.31841634  0.31640388  0.40614861
   0.52367552  0.47955174  0.13836996
   0.30812425  0.18836116  0.30224925
   0.50064166  0.49763080  0.25061405
   0.02456386  0.96291292  0.03773683
   0.07689827  0.03546123  0.14670424
   0.61617112  0.05846457  0.55263350
   0.31841634  0.81640388  0.90614861
   0.52367552  0.97955177  0.63836995
   0.30812425  0.68836113  0.80224925
   0.50064166  0.99763083  0.75061408
   0.02456386  0.46291295  0.53773682
   0.07689827  0.53546128  0.64670427
   0.11617115  0.44153541  0.94736650
   0.81841634  0.68359612  0.59385139
   0.02367549  0.52044823  0.86163005
   0.80812431  0.81163887  0.69775075
   0.00064167  0.50236917  0.74938592
   0.52456386  0.03708706  0.96226318
   0.57689829  0.96453872  0.85329573
   0.11617115  0.94153544  0.44736647
   0.81841634  0.18359612  0.09385141
   0.02367549  0.02044825  0.36163005
   0.80812431  0.31163887  0.19775075
   0.00064167  0.00236920  0.24938593
   0.52456386  0.53708708  0.46226315
   0.57689829  0.46453878  0.35329576
   0.11590106  0.44348441  0.05258532
   0.81607797  0.68683857  0.40531455
   0.02433276  0.51931798  0.13769586
   0.77727444  0.80153996  0.30392267
   0.00233727  0.50828780  0.25147401
   0.52321524  0.03788967  0.03797067
   0.58087556  0.96396529  0.14752701
   0.11590106  0.94348438  0.55258536
   0.81607797  0.18683859  0.90531458
   0.02433276  0.01931795  0.63769583
   0.77727444  0.30153999  0.80392264
   0.00233727  0.00828780  0.75147401
   0.52321524  0.53788968  0.53797065
   0.58087556  0.46396529  0.64752704
   0.61590105  0.55651562  0.94741464
   0.31607794  0.31316143  0.59468542
   0.52433270  0.48068205  0.86230417
   0.27727447  0.19846004  0.69607736
   0.50233730  0.49171220  0.74852599
   0.02321524  0.96211032  0.96202935
   0.08087557  0.03603469  0.85247296
   0.61590105  0.05651557  0.44741470
   0.31607794  0.81316143  0.09468544
   0.52433270  0.98068202  0.36230414
   0.27727447  0.69846004  0.19607731
   0.50233730  0.99171220  0.24852596
   0.02321524  0.46211035  0.46202935
   0.08087557  0.53603471  0.35247302
   0.32991320  0.16906201  0.50012830
   0.32991320  0.66906207  1.00012833
   0.82991320  0.83093793  0.49987167
   0.82991320  0.33093799 -0.00012833
   0.28659829  0.24395449  0.34497286
   0.28659829  0.74395449  0.84497289
   0.78659826  0.75604551  0.65502711
   0.78659826  0.25604553  0.15502713
