   0.25359604  0.25029141  0.10736293
   0.23193928  0.27187183  0.21983648
   0.25359604  0.75029141  0.60736295
   0.23193928  0.77187186  0.71983644
   0.75359601  0.74970859  0.89263705
   0.73193924  0.72812814  0.78016356
   0.75359601  0.24970859  0.39263708
   0.73193924  0.22812815  0.28016350
   0.75610015  0.75022073  0.10759202
   0.73933457  0.72109985  0.21932688
   0.75610015  0.25022076  0.60759204
   0.73933457  0.22109983  0.71932691
   0.25610016  0.24977924  0.89240796
   0.23933458  0.27890018  0.78067309
   0.25610016  0.74977927  0.39240799
   0.23933458  0.77890015  0.28067312
   0.24414985  0.24413293  0.00089621
   0.24414985  0.74413293  0.50089621
   0.74414984  0.75586707  0.99910379
   0.74414984  0.25586707  0.49910373
   0.79676575  0.75068772  0.34605654
   0.79676575  0.25068772  0.84605654
   0.79249614  0.75242119  0.44951620
   0.79249614  0.25242119  0.94951617
   0.29249614  0.24757882  0.55048383
   0.29676578  0.24931228  0.65394346
   0.29676578  0.74931228  0.15394346
   0.29249614  0.74757881  0.05048381
   0.29098160  0.24690037  0.44943276
   0.29098160  0.74690037  0.94943276
   0.79098160  0.75309963  0.55056724
   0.79098160  0.25309963  0.05056724
   0.60234093  0.55428371  0.05429770
   0.31770884  0.31872162  0.40460993
   0.52672486  0.47400347  0.13735967
   0.29492717  0.18265749  0.30278885
   0.50262949  0.49657049  0.25129649
   0.01136449  0.96008683  0.03828163
   0.10426916  0.05151120  0.14965392
   0.60234093  0.05428371  0.55429768
   0.31770884  0.81872162  0.90460993
   0.52672486  0.97400350  0.63735966
   0.29492717  0.68265746  0.80278885
   0.50262949  0.99657052  0.75129652
   0.01136449  0.46008686  0.53828162
   0.10426916  0.55151126  0.64965395
   0.10234096  0.44571626  0.94570232
   0.81770884  0.68127838  0.59539007
   0.02672484  0.52599650  0.86264034
   0.79492723  0.81734254  0.69721115
   0.00262951  0.50342948  0.74870348
   0.51136449  0.03991315  0.96171838
   0.60426918  0.94848874  0.85034605
   0.10234096  0.94571629  0.44570229
   0.81770884  0.18127838  0.09539008
   0.02672484  0.02599652  0.36264034
   0.79492723  0.31734254  0.19721115
   0.00262951  0.00342951  0.24870350
   0.51136449  0.53991317  0.46171835
   0.60426918  0.44848880  0.35034608
   0.10639232  0.44345007  0.05326729
   0.81864052  0.68216370  0.40405922
   0.02885187  0.52550589  0.13749501
   0.79213212  0.81143085  0.30408300
   0.00246247  0.50637294  0.25129674
   0.50759449  0.04283537  0.03912500
   0.60569278  0.94403222  0.15008728
   0.10639232  0.94345004  0.55326733
   0.81864052  0.18216372  0.90405925
   0.02885187  0.02550587  0.63749498
   0.79213212  0.31143088  0.80408297
   0.00246247  0.00637295  0.75129674
   0.50759449  0.54283538  0.53912498
   0.60569278  0.44403222  0.65008731
   0.60639231  0.55654996  0.94673267
   0.31864049  0.31783630  0.59594075
   0.52885181  0.47449414  0.86250502
   0.29213215  0.18856915  0.69591703
   0.50246251  0.49362706  0.74870326
   0.00759450  0.95716462  0.96087502
   0.10569279  0.05596776  0.84991269
   0.60639231  0.05654992  0.44673273
   0.31864049  0.81783630  0.09594077
   0.52885181  0.97449411  0.36250499
   0.29213215  0.68856915  0.19591698
   0.50246251  0.99362706  0.24870323
   0.00759450  0.45716465  0.46087502
   0.10569279  0.55596778  0.34991275
   0.31962984  0.16486096  0.50016280
   0.31962984  0.66486102  1.00016283
   0.81962984  0.83513898  0.49983717
   0.81962984  0.33513904 -0.00016283
   0.29327509  0.24876476  0.34517631
   0.29327509  0.74876476  0.84517634
   0.79327506  0.75123524  0.65482366
   0.79327506  0.25123526  0.15482368
