   0.25007718  0.24209122  0.10737684
   0.21665162  0.26982671  0.21952612
   0.25007718  0.74209122  0.60737685
   0.21665162  0.76982674  0.71952608
   0.75007715  0.75790878  0.89262315
   0.71665158  0.73017326  0.78047392
   0.75007715  0.25790878  0.39262317
   0.71665158  0.23017328  0.28047386
   0.75470785  0.76387925  0.10792284
   0.74330034  0.72243273  0.21981288
   0.75470785  0.26387928  0.60792287
   0.74330034  0.22243272  0.71981291
   0.25470787  0.23612072  0.89207713
   0.24330036  0.27756730  0.78018709
   0.25470787  0.73612075  0.39207716
   0.24330036  0.77756727  0.28018712
   0.26236486  0.24250569 -0.00005237
   0.26236486  0.74250569  0.49994763
   0.76236485  0.75749431  1.00005237
   0.76236485  0.25749431  0.50005231
   0.78406391  0.75467995  0.34645826
   0.78406391  0.25467995  0.84645826
   0.80678203  0.75421725  0.45060234
   0.80678203  0.25421725  0.95060231
   0.30678203  0.24578276  0.54939769
   0.28406394  0.24532005  0.65354174
   0.28406394  0.74532005  0.15354174
   0.30678203  0.74578275  0.04939768
   0.30604897  0.24479885  0.45087955
   0.30604897  0.74479885  0.95087955
   0.80604897  0.75520115  0.54912045
   0.80604897  0.25520115  0.04912045
   0.62404086  0.56149784  0.05273269
   0.31930926  0.31529912  0.40642301
   0.52399659  0.48480271  0.13881324
   0.30713164  0.18978601  0.30211609
   0.49873936  0.49779134  0.25059697
   0.02993482  0.96264429  0.03764711
   0.06171773  0.02501059  0.14577372
   0.62404086  0.06149785  0.55273267
   0.31930926  0.81529912  0.90642301
   0.52399659  0.98480274  0.63881322
   0.30713164  0.68978598  0.80211609
   0.49873936  0.99779137  0.75059700
   0.02993482  0.46264432  0.53764711
   0.06171773  0.52501065  0.64577375
   0.12404089  0.43850213  0.94726733
   0.81930926  0.68470088  0.59357699
   0.02399656  0.51519726  0.86118678
   0.80713170  0.81021402  0.69788391
  -0.00126062  0.50220863  0.74940300
   0.52993482  0.03735568  0.96235289
   0.56171775  0.97498935  0.85422625
   0.12404089  0.93850216  0.44726730
   0.81930926  0.18470088  0.09357700
   0.02399656  0.01519728  0.36118678
   0.80713170  0.31021402  0.19788391
  -0.00126062  0.00220866  0.24940301
   0.52993482  0.53735571  0.46235286
   0.56171775  0.47498941  0.35422628
   0.12386744  0.44056192  0.05273449
   0.81664390  0.68777764  0.40553226
   0.02441533  0.51399661  0.13796677
   0.77339684  0.79964745  0.30378322
   0.00052706  0.50837000  0.25148448
   0.52853383  0.03829378  0.03787839
   0.56605834  0.97499706  0.14677000
   0.12386744  0.94056189  0.55273453
   0.81664390  0.18777766  0.90553229
   0.02441533  0.01399658  0.63796674
   0.77339684  0.29964747  0.80378319
   0.00052706  0.00837000  0.75148448
   0.52853383  0.53829379  0.53787836
   0.56605834  0.47499706  0.64677003
   0.62386743  0.55943811  0.94726547
   0.31664387  0.31222236  0.59446771
   0.52441527  0.48600342  0.86203326
   0.27339687  0.20035255  0.69621681
   0.50052709  0.49163000  0.74851552
   0.02853384  0.96170621  0.96212164
   0.06605835  0.02500292  0.85322997
   0.62386743  0.05943807  0.44726553
   0.31664387  0.81222236  0.09446772
   0.52441527  0.98600339  0.36203323
   0.27339687  0.70035255  0.19621676
   0.50052709  0.99163000  0.24851549
   0.02853384  0.46170624  0.46212164
   0.06605835  0.52500294  0.35323003
   0.33494939  0.16797675  0.50013330
   0.33494939  0.66797681  1.00013333
   0.83494939  0.83202319  0.49986667
   0.83494939  0.33202325 -0.00013333
   0.28274068  0.24200343  0.34487665
   0.28274068  0.74200343  0.84487668
   0.78274065  0.75799657  0.65512332
   0.78274065  0.25799658  0.15512333
