   0.25099704  0.24933912  0.10705280
   0.22583667  0.26964066  0.21980048
   0.25099704  0.74933912  0.60705281
   0.22583667  0.76964069  0.71980043
   0.75099701  0.75066088  0.89294719
   0.72583662  0.73035931  0.78019957
   0.75099701  0.25066088  0.39294722
   0.72583662  0.23035933  0.28019951
   0.75655955  0.75127746  0.10722914
   0.74371562  0.72059267  0.21944485
   0.75655955  0.25127749  0.60722917
   0.74371562  0.22059265  0.71944488
   0.25655957  0.24872251  0.89277083
   0.24371563  0.27940736  0.78055512
   0.25655957  0.74872254  0.39277086
   0.24371563  0.77940733  0.28055515
   0.24821909  0.24617936  0.00018905
   0.24821909  0.74617936  0.50018905
   0.74821907  0.75382064  0.99981095
   0.74821907  0.25382064  0.49981089
   0.79547506  0.75108543  0.34643819
   0.79547506  0.25108543  0.84643819
   0.79471681  0.75180938  0.45009799
   0.79471681  0.25180938  0.95009796
   0.29471681  0.24819063  0.54990204
   0.29547509  0.24891457  0.65356181
   0.29547509  0.74891457  0.15356181
   0.29471681  0.74819062  0.04990203
   0.29398171  0.24807964  0.45020954
   0.29398171  0.74807964  0.95020954
   0.79398171  0.75192036  0.54979046
   0.79398171  0.25192036  0.04979046
   0.60572199  0.55478085  0.05290067
   0.31718099  0.31784565  0.40542534
   0.52609737  0.47480182  0.13791460
   0.30238587  0.18569805  0.30219106
   0.50206683  0.49740095  0.25082944
   0.01630259  0.96251839  0.03801347
   0.09606452  0.04705125  0.14844228
   0.60572199  0.05478086  0.55290065
   0.31718099  0.81784565  0.90542534
   0.52609737  0.97480185  0.63791459
   0.30238587  0.68569802  0.80219106
   0.50206683  0.99740097  0.75082947
   0.01630259  0.46251842  0.53801346
   0.09606452  0.54705130  0.64844231
   0.10572202  0.44521912  0.94709935
   0.81718099  0.68215435  0.59457466
   0.02609734  0.52519815  0.86208541
   0.80238593  0.81430198  0.69780894
   0.00206684  0.50259903  0.74917053
   0.51630259  0.03748159  0.96198654
   0.59606454  0.95294870  0.85155769
   0.10572202  0.94521915  0.44709932
   0.81718099  0.18215435  0.09457467
   0.02609734  0.02519817  0.36208541
   0.80238593  0.31430198  0.19780894
   0.00206684  0.00259906  0.24917055
   0.51630259  0.53748161  0.46198651
   0.59606454  0.45294876  0.35155772
   0.10597895  0.44616632  0.05266514
   0.81367096  0.68530121  0.40469392
   0.02672090  0.52411874  0.13784214
   0.78679489  0.80546904  0.30386488
   0.00317545  0.50733017  0.25150255
   0.51469366  0.03834549  0.03837568
   0.59910384  0.95103865  0.14867014
   0.10597895  0.94616629  0.55266518
   0.81367096  0.18530123  0.90469394
   0.02672090  0.02411871  0.63784211
   0.78679489  0.30546907  0.80386485
   0.00317545  0.00733018  0.75150255
   0.51469366  0.53834549  0.53837566
   0.59910384  0.45103865  0.64867017
   0.60597894  0.55383371  0.94733482
   0.31367093  0.31469879  0.59530606
   0.52672085  0.47588129  0.86215789
   0.28679492  0.19453096  0.69613515
   0.50317549  0.49266983  0.74849745
   0.01469367  0.96165451  0.96162434
   0.09910385  0.04896132  0.85132983
   0.60597894  0.05383367  0.44733488
   0.31367093  0.81469879  0.09530607
   0.52672085  0.97588126  0.36215786
   0.28679492  0.69453096  0.19613511
   0.50317549  0.99266983  0.24849742
   0.01469367  0.46165454  0.46162434
   0.09910385  0.54896135  0.35132989
   0.32263039  0.16981211  0.50012542
   0.32263039  0.66981217  1.00012545
   0.82263039  0.83018783  0.49987455
   0.82263039  0.33018789 -0.00012545
   0.29190908  0.24696466  0.34483956
   0.29190908  0.74696466  0.84483959
   0.79190905  0.75303534  0.65516041
   0.79190905  0.25303535  0.15516043
