   0.25031271  0.24111558  0.10745854
   0.21623855  0.26981444  0.21952601
   0.25031271  0.74111558  0.60745855
   0.21623855  0.76981447  0.71952597
   0.75031268  0.75888442  0.89254145
   0.71623850  0.73018553  0.78047403
   0.75031268  0.25888442  0.39254147
   0.71623850  0.23018554  0.28047397
   0.75492987  0.76499179  0.10801214
   0.74298262  0.72244109  0.21982052
   0.75492987  0.26499182  0.60801216
   0.74298262  0.22244107  0.71982055
   0.25492989  0.23500818  0.89198784
   0.24298263  0.27755894  0.78017945
   0.25492989  0.73500821  0.39198787
   0.24298263  0.77755891  0.28017948
   0.26355723  0.24215337 -0.00004860
   0.26355723  0.74215337  0.49995140
   0.76355722  0.75784663  1.00004860
   0.76355722  0.25784663  0.50004854
   0.78318082  0.75501717  0.34643412
   0.78318082  0.25501717  0.84643412
   0.80781214  0.75448776  0.45062580
   0.80781214  0.25448776  0.95062577
   0.30781214  0.24551226  0.54937423
   0.28318085  0.24498283  0.65356588
   0.28318085  0.74498283  0.15356588
   0.30781214  0.74551224  0.04937421
   0.30709962  0.24449855  0.45091427
   0.30709962  0.74449855  0.95091427
   0.80709962  0.75550145  0.54908573
   0.80709962  0.25550145  0.04908572
   0.62559800  0.56209850  0.05276478
   0.31956248  0.31511671  0.40646919
   0.52431806  0.48624119  0.13891523
   0.30682804  0.19016841  0.30208151
   0.49840050  0.49782117  0.25059836
   0.03100861  0.96258271  0.03762123
   0.05838827  0.02276106  0.14560655
   0.62559800  0.06209851  0.55276476
   0.31956248  0.81511671  0.90646919
   0.52431806  0.98624122  0.63891521
   0.30682804  0.69016838  0.80208151
   0.49840050  0.99782120  0.75059839
   0.03100861  0.46258274  0.53762122
   0.05838827  0.52276111  0.64560658
   0.12559803  0.43790147  0.94723524
   0.81956248  0.68488329  0.59353081
   0.02431804  0.51375878  0.86108479
   0.80682810  0.80983162  0.69791849
  -0.00159949  0.50217880  0.74940161
   0.53100862  0.03741727  0.96237878
   0.55838829  0.97723889  0.85439342
   0.12559803  0.93790150  0.44723521
   0.81956248  0.18488329  0.09353082
   0.02431804  0.01375880  0.36108479
   0.80682810  0.30983162  0.19791849
  -0.00159949  0.00217883  0.24940162
   0.53100862  0.53741729  0.46237875
   0.55838829  0.47723895  0.35439345
   0.12549951  0.43990984  0.05276416
   0.81647169  0.68794212  0.40557127
   0.02458684  0.51276836  0.13804509
   0.77291832  0.79915117  0.30376180
   0.00020296  0.50837896  0.25148662
   0.52959171  0.03835337  0.03786666
   0.56264059  0.97770777  0.14656732
   0.12549951  0.93990981  0.55276420
   0.81647169  0.18794213  0.90557130
   0.02458684  0.01276833  0.63804506
   0.77291832  0.29915120  0.80376177
   0.00020296  0.00837897  0.75148662
   0.52959171  0.53835337  0.53786664
   0.56264059  0.47770777  0.64656735
   0.62549949  0.56009019  0.94723580
   0.31647166  0.31205788  0.59442870
   0.52458678  0.48723167  0.86195494
   0.27291835  0.20084883  0.69623823
   0.50020299  0.49162104  0.74851338
   0.02959171  0.96164663  0.96213336
   0.06264060  0.02229221  0.85343265
   0.62549949  0.06009014  0.44723586
   0.31647166  0.81205788  0.09442871
   0.52458678  0.98723164  0.36195491
   0.27291835  0.70084883  0.19623818
   0.50020299  0.99162104  0.24851335
   0.02959171  0.46164666  0.46213336
   0.06264060  0.52229223  0.35343271
   0.33592306  0.16774961  0.50013410
   0.33592306  0.66774967  1.00013413
   0.83592306  0.83225033  0.49986587
   0.83592306  0.33225039 -0.00013413
   0.28194763  0.24156192  0.34485296
   0.28194763  0.74156192  0.84485299
   0.78194760  0.75843808  0.65514701
   0.78194760  0.25843810  0.15514702
