   0.25005026  0.24225872  0.10736541
   0.21671201  0.26981623  0.21952681
   0.25005026  0.74225872  0.60736542
   0.21671201  0.76981626  0.71952676
   0.75005023  0.75774128  0.89263458
   0.71671196  0.73018374  0.78047324
   0.75005023  0.25774128  0.39263460
   0.71671196  0.23018376  0.28047318
   0.75467027  0.76367999  0.10790953
   0.74335703  0.72242564  0.21981112
   0.75467027  0.26368002  0.60790955
   0.74335703  0.22242563  0.71981115
   0.25467028  0.23631998  0.89209045
   0.24335704  0.27757439  0.78018885
   0.25467028  0.73632001  0.39209048
   0.24335704  0.77757436  0.28018888
   0.26216151  0.24256264 -0.00005268
   0.26216151  0.74256264  0.49994732
   0.76216149  0.75743736  1.00005268
   0.76216149  0.25743736  0.50005262
   0.78423375  0.75457723  0.34648685
   0.78423375  0.25457723  0.84648685
   0.80658640  0.75415885  0.45059042
   0.80658640  0.25415885  0.95059039
   0.30658640  0.24584116  0.54940961
   0.28423378  0.24542277  0.65351315
   0.28423378  0.74542277  0.15351315
   0.30658640  0.74584115  0.04940960
   0.30584773  0.24485709  0.45086675
   0.30584773  0.74485709  0.95086675
   0.80584773  0.75514291  0.54913325
   0.80584773  0.25514291  0.04913325
   0.62376702  0.56139618  0.05272605
   0.31926468  0.31531596  0.40642266
   0.52392439  0.48460168  0.13879657
   0.30718713  0.18971227  0.30212524
   0.49879864  0.49778651  0.25059721
   0.02975009  0.96266845  0.03765096
   0.06232227  0.02537135  0.14580579
   0.62376702  0.06139619  0.55272602
   0.31926468  0.81531596  0.90642266
   0.52392439  0.98460171  0.63879656
   0.30718713  0.68971224  0.80212524
   0.49879864  0.99778654  0.75059724
   0.02975009  0.46266848  0.53765095
   0.06232227  0.52537140  0.64580582
   0.12376705  0.43860379  0.94727398
   0.81926468  0.68468404  0.59357734
   0.02392436  0.51539829  0.86120344
   0.80718719  0.81028776  0.69787476
  -0.00120134  0.50221346  0.74940276
   0.52975009  0.03733153  0.96234905
   0.56232229  0.97462860  0.85419418
   0.12376705  0.93860382  0.44727395
   0.81926468  0.18468404  0.09357735
   0.02392436  0.01539832  0.36120344
   0.80718719  0.31028776  0.19787476
  -0.00120134  0.00221349  0.24940277
   0.52975009  0.53733155  0.46234902
   0.56232229  0.47462866  0.35419421
   0.12358143  0.44067282  0.05272749
   0.81666009  0.68775963  0.40553202
   0.02441914  0.51423636  0.13795505
   0.77348499  0.79973314  0.30378183
   0.00057920  0.50837221  0.25148332
   0.52835296  0.03827078  0.03788012
   0.56660731  0.97450857  0.14680595
   0.12358143  0.94067279  0.55272753
   0.81666009  0.18775965  0.90553205
   0.02441914  0.01423633  0.63795502
   0.77348499  0.29973317  0.80378180
   0.00057920  0.00837222  0.75148332
   0.52835296  0.53827079  0.53788009
   0.56660731  0.47450857  0.64680598
   0.62358142  0.55932721  0.94727247
   0.31666006  0.31224037  0.59446795
   0.52441908  0.48576367  0.86204498
   0.27348502  0.20026686  0.69621820
   0.50057924  0.49162779  0.74851668
   0.02835297  0.96172921  0.96211991
   0.06660732  0.02549141  0.85319402
   0.62358142  0.05932716  0.44727253
   0.31666006  0.81224037  0.09446797
   0.52441908  0.98576364  0.36204495
   0.27348502  0.70026686  0.19621815
   0.50057924  0.99162779  0.24851665
   0.02835297  0.46172924  0.46211991
   0.06660732  0.52549143  0.35319408
   0.33478219  0.16801804  0.50013302
   0.33478219  0.66801810  1.00013305
   0.83478219  0.83198190  0.49986695
   0.83478219  0.33198196 -0.00013305
   0.28289935  0.24208341  0.34487852
   0.28289935  0.74208341  0.84487855
   0.78289932  0.75791659  0.65512145
   0.78289932  0.25791661  0.15512147
