   0.25030754  0.24115880  0.10745612
   0.21626382  0.26980795  0.21952649
   0.25030754  0.74115880  0.60745614
   0.21626382  0.76980798  0.71952645
   0.75030751  0.75884120  0.89254386
   0.71626378  0.73019202  0.78047355
   0.75030751  0.25884120  0.39254389
   0.71626378  0.23019203  0.28047349
   0.75492919  0.76494247  0.10800947
   0.74299854  0.72245001  0.21982064
   0.75492919  0.26494250  0.60800949
   0.74299854  0.22244999  0.71982067
   0.25492920  0.23505750  0.89199051
   0.24299855  0.27755002  0.78017933
   0.25492920  0.73505753  0.39199054
   0.24299855  0.77754999  0.28017936
   0.26351368  0.24216759 -0.00004882
   0.26351368  0.74216759  0.49995118
   0.76351367  0.75783241  1.00004882
   0.76351367  0.25783241  0.50004876
   0.78321311  0.75499915  0.34643098
   0.78321311  0.25499915  0.84643098
   0.80776885  0.75447810  0.45062267
   0.80776885  0.25447810  0.95062264
   0.30776885  0.24552192  0.54937736
   0.28321314  0.24500085  0.65356902
   0.28321314  0.74500085  0.15356902
   0.30776885  0.74552190  0.04937735
   0.30705490  0.24451170  0.45090956
   0.30705490  0.74451170  0.95090956
   0.80705490  0.75548830  0.54909044
   0.80705490  0.25548830  0.04909043
   0.62553460  0.56207098  0.05276330
   0.31954718  0.31511843  0.40646929
   0.52428993  0.48618364  0.13891010
   0.30684121  0.19015201  0.30208320
   0.49841567  0.49781862  0.25059817
   0.03096028  0.96258316  0.03762238
   0.05854106  0.02285079  0.14561339
   0.62553460  0.06207099  0.55276328
   0.31954718  0.81511843  0.90646929
   0.52428993  0.98618367  0.63891009
   0.30684121  0.69015198  0.80208320
   0.49841567  0.99781865  0.75059820
   0.03096028  0.46258319  0.53762237
   0.05854106  0.52285085  0.64561342
   0.12553463  0.43792899  0.94723672
   0.81954718  0.68488157  0.59353071
   0.02428991  0.51381633  0.86108991
   0.80684127  0.80984802  0.69791680
  -0.00158432  0.50218135  0.74940180
   0.53096028  0.03741681  0.96237763
   0.55854108  0.97714915  0.85438658
   0.12553463  0.93792902  0.44723669
   0.81954718  0.18488157  0.09353073
   0.02428991  0.01381636  0.36108991
   0.80684127  0.30984802  0.19791680
  -0.00158432  0.00218138  0.24940181
   0.53096028  0.53741684  0.46237760
   0.55854108  0.47714921  0.35438661
   0.12543179  0.43993911  0.05276290
   0.81648006  0.68793949  0.40557089
   0.02458195  0.51282817  0.13804106
   0.77293550  0.79917533  0.30376014
   0.00021719  0.50837692  0.25148623
   0.52954538  0.03835332  0.03786705
   0.56277980  0.97757505  0.14657588
   0.12543179  0.93993908  0.55276295
   0.81648006  0.18793950  0.90557092
   0.02458195  0.01282814  0.63804103
   0.77293550  0.29917536  0.80376011
   0.00021719  0.00837692  0.75148623
   0.52954538  0.53835333  0.53786703
   0.56277980  0.47757505  0.64657591
   0.62543178  0.56006092  0.94723705
   0.31648003  0.31206051  0.59442908
   0.52458190  0.48717186  0.86195897
   0.27293553  0.20082467  0.69623989
   0.50021723  0.49162308  0.74851377
   0.02954539  0.96164667  0.96213297
   0.06277981  0.02242493  0.85342409
   0.62543178  0.06006088  0.44723711
   0.31648003  0.81206051  0.09442910
   0.52458190  0.98717183  0.36195894
   0.27293553  0.70082467  0.19623985
   0.50021723  0.99162308  0.24851374
   0.02954539  0.46164670  0.46213297
   0.06277981  0.52242495  0.35342415
   0.33587639  0.16775994  0.50013406
   0.33587639  0.66776000  1.00013409
   0.83587639  0.83224000  0.49986591
   0.83587639  0.33224006 -0.00013409
   0.28197220  0.24156806  0.34484874
   0.28197220  0.74156806  0.84484877
   0.78197217  0.75843194  0.65515123
   0.78197217  0.25843195  0.15515125
