   0.24994965  0.24272130  0.10732392
   0.21694269  0.26983024  0.21952142
   0.24994965  0.74272130  0.60732393
   0.21694269  0.76983027  0.71952138
   0.74994962  0.75727870  0.89267607
   0.71694264  0.73016973  0.78047862
   0.74994962  0.25727870  0.39267610
   0.71694264  0.23016975  0.28047856
   0.75460780  0.76315421  0.10785823
   0.74349975  0.72243829  0.21980296
   0.75460780  0.26315424  0.60785825
   0.74349975  0.22243828  0.71980299
   0.25460781  0.23684576  0.89214175
   0.24349977  0.27756174  0.78019701
   0.25460781  0.73684579  0.39214178
   0.24349977  0.77756171  0.28019704
   0.26163117  0.24273352 -0.00005291
   0.26163117  0.74273352  0.49994709
   0.76163115  0.75726648  1.00005291
   0.76163115  0.25726648  0.50005285
   0.78461509  0.75444699  0.34645776
   0.78461509  0.25444699  0.84645776
   0.80611393  0.75404816  0.45058809
   0.80611393  0.25404816  0.95058806
   0.30611393  0.24595186  0.54941194
   0.28461512  0.24555301  0.65354224
   0.28461512  0.74555301  0.15354224
   0.30611393  0.74595184  0.04941193
   0.30537194  0.24498950  0.45085759
   0.30537194  0.74498950  0.95085759
   0.80537194  0.75501050  0.54914241
   0.80537194  0.25501050  0.04914241
   0.62301138  0.56110605  0.05271301
   0.31914218  0.31542563  0.40638740
   0.52380397  0.48392526  0.13874371
   0.30729714  0.18955084  0.30214392
   0.49896853  0.49776938  0.25059690
   0.02922566  0.96268094  0.03766207
   0.06386850  0.02655248  0.14589267
   0.62301138  0.06110606  0.55271299
   0.31914218  0.81542563  0.90638740
   0.52380397  0.98392529  0.63874370
   0.30729714  0.68955081  0.80214392
   0.49896853  0.99776941  0.75059693
   0.02922566  0.46268097  0.53766207
   0.06386850  0.52655253  0.64589270
   0.12301141  0.43889392  0.94728701
   0.81914218  0.68457437  0.59361260
   0.02380394  0.51607471  0.86125630
   0.80729720  0.81044919  0.69785608
  -0.00103145  0.50223059  0.74940307
   0.52922566  0.03731904  0.96233793
   0.56386852  0.97344747  0.85410730
   0.12301141  0.93889395  0.44728698
   0.81914218  0.18457437  0.09361261
   0.02380394  0.01607473  0.36125630
   0.80729720  0.31044919  0.19785608
  -0.00103145  0.00223062  0.24940309
   0.52922566  0.53731906  0.46233790
   0.56386852  0.47344753  0.35410733
   0.12279983  0.44098546  0.05271295
   0.81669898  0.68765778  0.40550309
   0.02429032  0.51479586  0.13791616
   0.77376974  0.79993110  0.30381767
   0.00075099  0.50836416  0.25148373
   0.52783152  0.03825107  0.03788609
   0.56827882  0.97327378  0.14689790
   0.12279983  0.94098543  0.55271299
   0.81669898  0.18765779  0.90550312
   0.02429032  0.01479583  0.63791613
   0.77376974  0.29993112  0.80381764
   0.00075099  0.00836417  0.75148373
   0.52783152  0.53825108  0.53788606
   0.56827882  0.47327378  0.64689793
   0.62279981  0.55901457  0.94728701
   0.31669895  0.31234222  0.59449688
   0.52429026  0.48520417  0.86208387
   0.27376977  0.20006890  0.69618236
   0.50075102  0.49163584  0.74851627
   0.02783153  0.96174892  0.96211394
   0.06827883  0.02672620  0.85310207
   0.62279981  0.05901452  0.44728707
   0.31669895  0.81234222  0.09449689
   0.52429026  0.98520414  0.36208384
   0.27376977  0.70006890  0.19618231
   0.50075102  0.99163584  0.24851624
   0.02783153  0.46174895  0.46211394
   0.06827883  0.52672622  0.35310213
   0.33429931  0.16813088  0.50013307
   0.33429931  0.66813094  1.00013310
   0.83429931  0.83186906  0.49986690
   0.83429931  0.33186912 -0.00013310
   0.28323094  0.24224836  0.34488441
   0.28323094  0.74224836  0.84488444
   0.78323091  0.75775164  0.65511556
   0.78323091  0.25775166  0.15511557
