   0.24958874  0.24632234  0.10704165
   0.21945970  0.26976835  0.21952768
   0.24958874  0.74632234  0.60704166
   0.21945970  0.76976838  0.71952763
   0.74958871  0.75367766  0.89295834
   0.71945965  0.73023162  0.78047237
   0.74958871  0.25367766  0.39295837
   0.71945965  0.23023163  0.28047231
   0.75414795  0.75798432  0.10742620
   0.74475690  0.72225308  0.21972766
   0.75414795  0.25798435  0.60742622
   0.74475690  0.22225307  0.71972769
   0.25414797  0.24201565  0.89257378
   0.24475691  0.27774695  0.78027231
   0.25414797  0.74201568  0.39257381
   0.24475691  0.77774692  0.28027234
   0.25601066  0.24428993 -0.00002845
   0.25601066  0.74428993  0.49997155
   0.75601064  0.75571007  1.00002845
   0.75601064  0.25571007  0.50002839
   0.78880698  0.75276030  0.34653427
   0.78880698  0.25276030  0.84653427
   0.80113438  0.75299132  0.45048565
   0.80113438  0.25299132  0.95048562
   0.30113438  0.24700870  0.54951438
   0.28880701  0.24723970  0.65346573
   0.28880701  0.74723970  0.15346573
   0.30113438  0.74700868  0.04951437
   0.30050911  0.24639867  0.45069340
   0.30050911  0.74639867  0.95069340
   0.80050911  0.75360133  0.54930660
   0.80050911  0.25360133  0.04930660
   0.61545530  0.55819519  0.05263265
   0.31836109  0.31651097  0.40611878
   0.52374829  0.47915297  0.13833492
   0.30811884  0.18828343  0.30225293
   0.50080759  0.49761777  0.25061870
   0.02406210  0.96292935  0.03774454
   0.07812733  0.03635533  0.14679832
   0.61545530  0.05819520  0.55263263
   0.31836109  0.81651097  0.90611878
   0.52374829  0.97915300  0.63833490
   0.30811884  0.68828340  0.80225293
   0.50080759  0.99761780  0.75061873
   0.02406210  0.46292938  0.53774453
   0.07812733  0.53635538  0.64679835
   0.11545533  0.44180478  0.94736737
   0.81836109  0.68348903  0.59388122
   0.02374826  0.52084700  0.86166510
   0.80811890  0.81171660  0.69774707
   0.00080761  0.50238220  0.74938127
   0.52406210  0.03707062  0.96225547
   0.57812734  0.96364462  0.85320165
   0.11545533  0.94180481  0.44736734
   0.81836109  0.18348903  0.09388124
   0.02374826  0.02084702  0.36166510
   0.80811890  0.31171660  0.19774707
   0.00080761  0.00238223  0.24938129
   0.52406210  0.53707065  0.46225544
   0.57812734  0.46364468  0.35320168
   0.11518926  0.44370869  0.05257768
   0.81593547  0.68677178  0.40529003
   0.02435174  0.51968702  0.13768487
   0.77778242  0.80169525  0.30393141
   0.00249399  0.50827835  0.25147535
   0.52271444  0.03784494  0.03798318
   0.58210090  0.96313428  0.14758432
   0.11518926  0.94370866  0.55257772
   0.81593547  0.18677180  0.90529006
   0.02435174  0.01968699  0.63768484
   0.77778242  0.30169528  0.80393138
   0.00249399  0.00827836  0.75147535
   0.52271444  0.53784495  0.53798315
   0.58210090  0.46313428  0.64758435
   0.61518924  0.55629134  0.94742228
   0.31593544  0.31322822  0.59470994
   0.52435169  0.48031301  0.86231516
   0.27778245  0.19830475  0.69606862
   0.50249402  0.49172165  0.74852465
   0.02271445  0.96215505  0.96201685
   0.08210091  0.03686570  0.85241565
   0.61518924  0.05629130  0.44742234
   0.31593544  0.81322822  0.09470995
   0.52435169  0.98031298  0.36231513
   0.27778245  0.69830475  0.19606857
   0.50249402  0.99172165  0.24852462
   0.02271445  0.46215508  0.46201685
   0.08210091  0.53686572  0.35241571
   0.32942610  0.16915903  0.50012778
   0.32942610  0.66915909  1.00012781
   0.82942610  0.83084091  0.49987219
   0.82942610  0.33084097 -0.00012781
   0.28691057  0.24412372  0.34497852
   0.28691057  0.74412372  0.84497855
   0.78691054  0.75587628  0.65502145
   0.78691054  0.25587630  0.15502147
