   0.24962410  0.24525370  0.10711538
   0.21843559  0.26982462  0.21951834
   0.24962410  0.74525370  0.60711540
   0.21843559  0.76982465  0.71951830
   0.74962407  0.75474630  0.89288460
   0.71843554  0.73017535  0.78048170
   0.74962407  0.25474630  0.39288463
   0.71843554  0.23017537  0.28048164
   0.75413802  0.75976680  0.10756161
   0.74438756  0.72230957  0.21975999
   0.75413802  0.25976683  0.60756164
   0.74438756  0.22230955  0.71976002
   0.25413803  0.24023317  0.89243836
   0.24438757  0.27769046  0.78023998
   0.25413803  0.74023320  0.39243839
   0.24438757  0.77769043  0.28024001
   0.25797297  0.24376491 -0.00004107
   0.25797297  0.74376491  0.49995893
   0.75797295  0.75623509  1.00004107
   0.75797295  0.25623509  0.50004101
   0.78732047  0.75332841  0.34652941
   0.78732047  0.25332841  0.84652941
   0.80287325  0.75332309  0.45053824
   0.80287325  0.25332309  0.95053821
   0.30287325  0.24667693  0.54946179
   0.28732050  0.24667159  0.65347059
   0.28732050  0.74667159  0.15347059
   0.30287325  0.74667691  0.04946178
   0.30218898  0.24589222  0.45076788
   0.30218898  0.74589222  0.95076788
   0.80218898  0.75410778  0.54923212
   0.80218898  0.25410778  0.04923212
   0.61812305  0.55922902  0.05264703
   0.31858394  0.31611617  0.40621377
   0.52358880  0.48059227  0.13846482
   0.30801825  0.18862682  0.30223145
   0.50014643  0.49766747  0.25060495
   0.02590059  0.96287380  0.03771488
   0.07335731  0.03310039  0.14646052
   0.61812305  0.05922903  0.55264700
   0.31858394  0.81611617  0.90621377
   0.52358880  0.98059230  0.63846481
   0.30801825  0.68862679  0.80223145
   0.50014643  0.99766750  0.75060498
   0.02590059  0.46287383  0.53771487
   0.07335731  0.53310045  0.64646055
   0.11812308  0.44077095  0.94735300
   0.81858394  0.68388383  0.59378623
   0.02358877  0.51940770  0.86153519
   0.80801831  0.81137321  0.69776855
   0.00014645  0.50233250  0.74939502
   0.52590060  0.03712618  0.96228513
   0.57335733  0.96689955  0.85353945
   0.11812308  0.94077098  0.44735297
   0.81858394  0.18388383  0.09378624
   0.02358877  0.01940772  0.36153519
   0.80801831  0.31137321  0.19776855
   0.00014645  0.00233253  0.24939503
   0.52590060  0.53712620  0.46228510
   0.57335733  0.46689961  0.35353948
   0.11784316  0.44281595  0.05261596
   0.81640435  0.68705621  0.40536692
   0.02420534  0.51814327  0.13773412
   0.77605434  0.80113009  0.30390450
   0.00187808  0.50832253  0.25147594
   0.52454057  0.03799455  0.03793885
   0.57756100  0.96638899  0.14737018
   0.11784316  0.94281592  0.55261601
   0.81640435  0.18705622  0.90536695
   0.02420534  0.01814325  0.63773409
   0.77605434  0.30113012  0.80390447
   0.00187808  0.00832253  0.75147594
   0.52454057  0.53799456  0.53793882
   0.57756100  0.46638899  0.64737021
   0.61784315  0.55718408  0.94738399
   0.31640432  0.31294379  0.59463305
   0.52420528  0.48185676  0.86226591
   0.27605437  0.19886991  0.69609553
   0.50187811  0.49167747  0.74852406
   0.02454057  0.96200544  0.96206118
   0.07756100  0.03361099  0.85262979
   0.61784315  0.05718403  0.44738405
   0.31640432  0.81294379  0.09463307
   0.52420528  0.98185673  0.36226588
   0.27605437  0.69886991  0.19609549
   0.50187811  0.99167747  0.24852403
   0.02454057  0.46200547  0.46206118
   0.07756100  0.53361101  0.35262985
   0.33119046  0.16880595  0.50012993
   0.33119046  0.66880601  1.00012996
   0.83119046  0.83119399  0.49987004
   0.83119046  0.33119405 -0.00012996
   0.28566324  0.24349055  0.34496689
   0.28566324  0.74349055  0.84496692
   0.78566321  0.75650945  0.65503308
   0.78566321  0.25650946  0.15503310
