   0.25003333  0.24244270  0.10734075
   0.21683570  0.26982535  0.21951062
   0.25003333  0.74244270  0.60734077
   0.21683570  0.76982538  0.71951058
   0.75003330  0.75755730  0.89265923
   0.71683565  0.73017462  0.78048942
   0.75003330  0.25755730  0.39265926
   0.71683565  0.23017463  0.28048936
   0.75466531  0.76348131  0.10788181
   0.74340998  0.72244807  0.21979389
   0.75466531  0.26348134  0.60788184
   0.74340998  0.22244806  0.71979392
   0.25466533  0.23651866  0.89211816
   0.24341000  0.27755196  0.78020608
   0.25466533  0.73651869  0.39211819
   0.24341000  0.77755193  0.28020611
   0.26197779  0.24262961 -0.00005292
   0.26197779  0.74262961  0.49994708
   0.76197778  0.75737039  1.00005292
   0.76197778  0.25737039  0.50005286
   0.78436989  0.75458381  0.34644252
   0.78436989  0.25458381  0.84644252
   0.80643235  0.75410727  0.45059496
   0.80643235  0.25410727  0.95059493
   0.30643235  0.24589274  0.54940507
   0.28436992  0.24541619  0.65355748
   0.28436992  0.74541619  0.15355748
   0.30643235  0.74589273  0.04940506
   0.30569466  0.24491743  0.45086738
   0.30569466  0.74491743  0.95086738
   0.80569466  0.75508257  0.54913262
   0.80569466  0.25508257  0.04913262
   0.62346945  0.56129933  0.05272579
   0.31920328  0.31536455  0.40639218
   0.52391168  0.48427039  0.13877972
   0.30720249  0.18967236  0.30213039
   0.49885568  0.49777511  0.25059741
   0.02952431  0.96266630  0.03765694
   0.06290083  0.02587480  0.14584781
   0.62346945  0.06129934  0.55272577
   0.31920328  0.81536455  0.90639218
   0.52391168  0.98427042  0.63877971
   0.30720249  0.68967233  0.80213039
   0.49885568  0.99777514  0.75059744
   0.02952431  0.46266633  0.53765694
   0.06290083  0.52587486  0.64584784
   0.12346948  0.43870064  0.94727423
   0.81920328  0.68463545  0.59360782
   0.02391166  0.51572958  0.86122029
   0.80720255  0.81032767  0.69786961
  -0.00114431  0.50222486  0.74940256
   0.52952431  0.03733368  0.96234306
   0.56290084  0.97412514  0.85415216
   0.12346948  0.93870067  0.44727420
   0.81920328  0.18463545  0.09360783
   0.02391166  0.01572960  0.36122029
   0.80720255  0.31032767  0.19786961
  -0.00114431  0.00222489  0.24940257
   0.52952431  0.53733370  0.46234303
   0.56290084  0.47412520  0.35415219
   0.12327264  0.44078223  0.05272677
   0.81666888  0.68771031  0.40550368
   0.02432577  0.51444315  0.13794347
   0.77359500  0.79979107  0.30380591
   0.00064754  0.50836026  0.25148699
   0.52812625  0.03826733  0.03788390
   0.56731365  0.97407190  0.14685121
   0.12327264  0.94078220  0.55272681
   0.81666888  0.18771033  0.90550371
   0.02432577  0.01444313  0.63794344
   0.77359500  0.29979110  0.80380588
   0.00064754  0.00836027  0.75148699
   0.52812625  0.53826734  0.53788387
   0.56731365  0.47407190  0.64685124
   0.62327262  0.55921780  0.94727319
   0.31666885  0.31228969  0.59449629
   0.52432572  0.48555688  0.86205656
   0.27359503  0.20020893  0.69619412
   0.50064757  0.49163974  0.74851301
   0.02812626  0.96173266  0.96211613
   0.06731366  0.02592808  0.85314876
   0.62327262  0.05921775  0.44727325
   0.31666885  0.81228969  0.09449631
   0.52432572  0.98555685  0.36205653
   0.27359503  0.70020893  0.19619408
   0.50064757  0.99163974  0.24851298
   0.02812626  0.46173269  0.46211613
   0.06731366  0.52592810  0.35314882
   0.33456966  0.16806942  0.50013274
   0.33456966  0.66806948  1.00013277
   0.83456966  0.83193052  0.49986723
   0.83456966  0.33193058 -0.00013277
   0.28299371  0.24218006  0.34491012
   0.28299371  0.74218006  0.84491015
   0.78299368  0.75781994  0.65508985
   0.78299368  0.25781996  0.15508987
