   0.25026216  0.24126785  0.10744652
   0.21629306  0.26981720  0.21952833
   0.25026216  0.74126785  0.60744654
   0.21629306  0.76981723  0.71952829
   0.75026213  0.75873215  0.89255346
   0.71629302  0.73018277  0.78047171
   0.75026213  0.25873215  0.39255349
   0.71629302  0.23018278  0.28047165
   0.75488787  0.76481565  0.10799902
   0.74303591  0.72243265  0.21982209
   0.75488787  0.26481568  0.60799904
   0.74303591  0.22243264  0.71982212
   0.25488788  0.23518432  0.89200096
   0.24303592  0.27756738  0.78017788
   0.25488788  0.73518435  0.39200099
   0.24303592  0.77756735  0.28017791
   0.26336609  0.24220695 -0.00004940
   0.26336609  0.74220695  0.49995060
   0.76336608  0.75779305  1.00004940
   0.76336608  0.25779305  0.50004934
   0.78331714  0.75495488  0.34644330
   0.78331714  0.25495488  0.84644330
   0.80764202  0.75444720  0.45062014
   0.80764202  0.25444720  0.95062011
   0.30764202  0.24555281  0.54937989
   0.28331717  0.24504512  0.65355670
   0.28331717  0.74504512  0.15355670
   0.30764202  0.74555280  0.04937988
   0.30692478  0.24454681  0.45090586
   0.30692478  0.74454681  0.95090586
   0.80692478  0.75545319  0.54909414
   0.80692478  0.25545319  0.04909414
   0.62535127  0.56199563  0.05275880
   0.31952690  0.31514724  0.40646601
   0.52423901  0.48600728  0.13889813
   0.30689089  0.19009661  0.30208642
   0.49845733  0.49781534  0.25059799
   0.03083991  0.96258846  0.03762483
   0.05895296  0.02311616  0.14563251
   0.62535127  0.06199564  0.55275878
   0.31952690  0.81514724  0.90646601
   0.52423901  0.98600731  0.63889811
   0.30689089  0.69009658  0.80208642
   0.49845733  0.99781537  0.75059802
   0.03083991  0.46258849  0.53762482
   0.05895296  0.52311621  0.64563254
   0.12535130  0.43800434  0.94724122
   0.81952690  0.68485276  0.59353399
   0.02423898  0.51399269  0.86110189
   0.80689095  0.80990342  0.69791358
  -0.00154266  0.50218463  0.74940198
   0.53083991  0.03741151  0.96237518
   0.55895297  0.97688379  0.85436746
   0.12535130  0.93800437  0.44724119
   0.81952690  0.18485276  0.09353400
   0.02423898  0.01399272  0.36110189
   0.80689095  0.30990342  0.19791358
  -0.00154266  0.00218466  0.24940199
   0.53083991  0.53741154  0.46237515
   0.55895297  0.47688385  0.35436749
   0.12523649  0.44001811  0.05275918
   0.81651724  0.68791598  0.40556859
   0.02456249  0.51298094  0.13803147
   0.77298900  0.79924525  0.30375938
   0.00025689  0.50837894  0.25148601
   0.52942801  0.03834862  0.03786757
   0.56319555  0.97723322  0.14660049
   0.12523649  0.94001808  0.55275922
   0.81651724  0.18791600  0.90556862
   0.02456249  0.01298092  0.63803144
   0.77298900  0.29924527  0.80375935
   0.00025689  0.00837895  0.75148601
   0.52942801  0.53834863  0.53786754
   0.56319555  0.47723322  0.64660052
   0.62523648  0.55998192  0.94724078
   0.31651721  0.31208402  0.59443138
   0.52456243  0.48701909  0.86196856
   0.27298903  0.20075475  0.69624065
   0.50025692  0.49162106  0.74851399
   0.02942802  0.96165137  0.96213246
   0.06319556  0.02276675  0.85339948
   0.62523648  0.05998187  0.44724084
   0.31651721  0.81208402  0.09443139
   0.52456243  0.98701906  0.36196853
   0.27298903  0.70075475  0.19624060
   0.50025692  0.99162106  0.24851396
   0.02942802  0.46165140  0.46213246
   0.06319556  0.52276678  0.35339954
   0.33577664  0.16777986  0.50013377
   0.33577664  0.66777992  1.00013380
   0.83577664  0.83222008  0.49986620
   0.83577664  0.33222014 -0.00013380
   0.28205025  0.24162322  0.34485592
   0.28205025  0.74162322  0.84485595
   0.78205022  0.75837678  0.65514405
   0.78205022  0.25837680  0.15514407
