   0.24980610  0.24345671  0.10725729
   0.21727561  0.26985069  0.21951645
   0.24980610  0.74345671  0.60725730
   0.21727561  0.76985072  0.71951641
   0.74980607  0.75654329  0.89274270
   0.71727557  0.73014928  0.78048359
   0.74980607  0.25654329  0.39274272
   0.71727557  0.23014929  0.28048353
   0.75442484  0.76223997  0.10777371
   0.74374139  0.72238775  0.21979173
   0.75442484  0.26224000  0.60777373
   0.74374139  0.22238774  0.71979176
   0.25442486  0.23776000  0.89222627
   0.24374140  0.27761228  0.78020824
   0.25442486  0.73776003  0.39222630
   0.24374140  0.77761225  0.28020827
   0.26064106  0.24300603 -0.00005186
   0.26064106  0.74300603  0.49994814
   0.76064105  0.75699397  1.00005186
   0.76064105  0.25699397  0.50005180
   0.78535003  0.75413203  0.34649849
   0.78535003  0.25413203  0.84649849
   0.80525461  0.75383825  0.45058194
   0.80525461  0.25383825  0.95058191
   0.30525461  0.24616177  0.54941809
   0.28535006  0.24586797  0.65350151
   0.28535006  0.74586797  0.15350151
   0.30525461  0.74616175  0.04941808
   0.30451944  0.24522852  0.45084193
   0.30451944  0.74522852  0.95084193
   0.80451944  0.75477148  0.54915807
   0.80451944  0.25477148  0.04915807
   0.62166405  0.56056913  0.05268648
   0.31898709  0.31560158  0.40635209
   0.52366982  0.48292031  0.13866003
   0.30756722  0.18924303  0.30217346
   0.49927405  0.49773652  0.25059788
   0.02835229  0.96275008  0.03767726
   0.06653006  0.02840216  0.14603679
   0.62166405  0.06056913  0.55268646
   0.31898709  0.81560158  0.90635209
   0.52366982  0.98292034  0.63866002
   0.30756722  0.68924300  0.80217346
   0.49927405  0.99773655  0.75059791
   0.02835229  0.46275011  0.53767725
   0.06653006  0.52840221  0.64603682
   0.12166408  0.43943084  0.94731354
   0.81898709  0.68439842  0.59364791
   0.02366980  0.51707966  0.86133998
   0.80756728  0.81075700  0.69782654
  -0.00072593  0.50226345  0.74940209
   0.52835229  0.03724989  0.96232275
   0.56653007  0.97159779  0.85396318
   0.12166408  0.93943087  0.44731351
   0.81898709  0.18439842  0.09364793
   0.02366980  0.01707968  0.36133998
   0.80756728  0.31075700  0.19782654
  -0.00072593  0.00226348  0.24940210
   0.52835229  0.53724992  0.46232272
   0.56653007  0.47159785  0.35396321
   0.12142584  0.44154348  0.05268118
   0.81672565  0.68750057  0.40547479
   0.02422868  0.51575998  0.13785291
   0.77429126  0.80030123  0.30384950
   0.00104339  0.50836087  0.25148209
   0.52696328  0.03817472  0.03789712
   0.57093276  0.97125365  0.14703836
   0.12142584  0.94154345  0.55268122
   0.81672565  0.18750058  0.90547482
   0.02422868  0.01575996  0.63785288
   0.77429126  0.30030126  0.80384947
   0.00104339  0.00836088  0.75148209
   0.52696328  0.53817473  0.53789709
   0.57093276  0.47125365  0.64703838
   0.62142583  0.55845655  0.94731878
   0.31672562  0.31249943  0.59452518
   0.52422862  0.48424005  0.86214712
   0.27429129  0.19969877  0.69615053
   0.50104343  0.49163913  0.74851791
   0.02696329  0.96182527  0.96210291
   0.07093277  0.02874633  0.85296162
   0.62142583  0.05845651  0.44731884
   0.31672562  0.81249943  0.09452520
   0.52422862  0.98424002  0.36214709
   0.27429129  0.69969877  0.19615048
   0.50104343  0.99163913  0.24851788
   0.02696329  0.46182530  0.46210291
   0.07093277  0.52874635  0.35296167
   0.33347623  0.16832781  0.50013258
   0.33347623  0.66832787  1.00013261
   0.83347623  0.83167213  0.49986739
   0.83347623  0.33167219 -0.00013261
   0.28385506  0.24258976  0.34492406
   0.28385506  0.74258976  0.84492409
   0.78385503  0.75741024  0.65507591
   0.78385503  0.25741025  0.15507592
