   0.24994513  0.24827085  0.10697517
   0.22251714  0.26960681  0.21964866
   0.24994513  0.74827085  0.60697519
   0.22251714  0.76960684  0.71964862
   0.74994510  0.75172915  0.89302481
   0.72251709  0.73039316  0.78035138
   0.74994510  0.25172915  0.39302484
   0.72251709  0.23039317  0.28035132
   0.75502821  0.75377501  0.10722215
   0.74474202  0.72158219  0.21961089
   0.75502821  0.25377504  0.60722217
   0.74474202  0.22158217  0.71961092
   0.25502822  0.24622496  0.89277783
   0.24474204  0.27841784  0.78038908
   0.25502822  0.74622499  0.39277786
   0.24474204  0.77841781  0.28038911
   0.25136217  0.24551440  0.00002163
   0.25136217  0.74551440  0.50002163
   0.75136216  0.75448560  0.99997837
   0.75136216  0.25448560  0.49997831
   0.79264220  0.75169818  0.34651671
   0.79264220  0.25169818  0.84651671
   0.79711487  0.75230120  0.45033614
   0.79711487  0.25230120  0.95033611
   0.29711487  0.24769881  0.54966389
   0.29264223  0.24830182  0.65348329
   0.29264223  0.74830182  0.15348329
   0.29711487  0.74769880  0.04966388
   0.29658343  0.24751264  0.45050166
   0.29658343  0.74751264  0.95050166
   0.79658343  0.75248736  0.54949834
   0.79658343  0.25248736  0.04949834
   0.60944778  0.55594692  0.05267399
   0.31789512  0.31747462  0.40581104
   0.52481443  0.47631174  0.13807575
   0.30640149  0.18741003  0.30222933
   0.50192880  0.49753865  0.25069664
   0.01964404  0.96288591  0.03785190
   0.08889370  0.04301882  0.14768539
   0.60944778  0.05594693  0.55267397
   0.31789512  0.81747462  0.90581104
   0.52481443  0.97631177  0.63807573
   0.30640149  0.68741000  0.80222933
   0.50192880  0.99753868  0.75069667
   0.01964404  0.46288594  0.53785190
   0.08889370  0.54301887  0.64768542
   0.10944781  0.44405305  0.94732603
   0.81789512  0.68252538  0.59418896
   0.02481440  0.52368823  0.86192427
   0.80640155  0.81259000  0.69777067
   0.00192882  0.50246132  0.74930333
   0.51964405  0.03711406  0.96214810
   0.58889372  0.95698113  0.85231458
   0.10944781  0.94405308  0.44732600
   0.81789512  0.18252538  0.09418897
   0.02481440  0.02368825  0.36192427
   0.80640155  0.31259000  0.19777067
   0.00192882  0.00246135  0.24930334
   0.51964405  0.53711409  0.46214807
   0.58889372  0.45698119  0.35231461
   0.10928761  0.44552731  0.05255546
   0.81446700  0.68604844  0.40501973
   0.02536188  0.52265450  0.13772211
   0.78293070  0.80326981  0.30394032
   0.00338212  0.50792107  0.25148570
   0.51826784  0.03773542  0.03814688
   0.59216304  0.95598516  0.14809984
   0.10928761  0.94552728  0.55255550
   0.81446700  0.18604845  0.90501976
   0.02536188  0.02265447  0.63772208
   0.78293070  0.30326984  0.80394029
   0.00338212  0.00792108  0.75148570
   0.51826784  0.53773542  0.53814686
   0.59216304  0.45598516  0.64809986
   0.60928759  0.55447272  0.94744450
   0.31446697  0.31395156  0.59498024
   0.52536182  0.47734553  0.86227792
   0.28293073  0.19673019  0.69605971
   0.50338215  0.49207893  0.74851430
   0.01826785  0.96226458  0.96185314
   0.09216305  0.04401481  0.85190014
   0.60928759  0.05447268  0.44744456
   0.31446697  0.81395156  0.09498025
   0.52536182  0.97734550  0.36227789
   0.28293073  0.69673019  0.19605966
   0.50338215  0.99207893  0.24851427
   0.01826785  0.46226461  0.46185314
   0.09216305  0.54401484  0.35190019
   0.32529655  0.16983776  0.50012320
   0.32529655  0.66983782  1.00012323
   0.82529655  0.83016218  0.49987677
   0.82529655  0.33016224 -0.00012323
   0.28988256  0.24575657  0.34490596
   0.28988256  0.74575657  0.84490599
   0.78988253  0.75424343  0.65509401
   0.78988253  0.25424344  0.15509402
