   0.24963180  0.24521114  0.10712533
   0.21841497  0.26981285  0.21951957
   0.24963180  0.74521114  0.60712534
   0.21841497  0.76981288  0.71951952
   0.74963177  0.75478886  0.89287466
   0.71841493  0.73018712  0.78048048
   0.74963177  0.25478886  0.39287469
   0.71841493  0.23018714  0.28048042
   0.75415622  0.75983369  0.10757354
   0.74437295  0.72232932  0.21976232
   0.75415622  0.25983372  0.60757356
   0.74437295  0.22232931  0.71976235
   0.25415624  0.24016628  0.89242644
   0.24437296  0.27767071  0.78023765
   0.25415624  0.74016631  0.39242647
   0.24437296  0.77767068  0.28023768
   0.25805883  0.24373952 -0.00004150
   0.25805883  0.74373952  0.49995850
   0.75805882  0.75626048  1.00004150
   0.75805882  0.25626048  0.50004144
   0.78725492  0.75336139  0.34650548
   0.78725492  0.25336139  0.84650548
   0.80293984  0.75334010  0.45052676
   0.80293984  0.25334010  0.95052673
   0.30293984  0.24665991  0.54947327
   0.28725495  0.24663861  0.65349452
   0.28725495  0.74663861  0.15349452
   0.30293984  0.74665990  0.04947326
   0.30225633  0.24587642  0.45075408
   0.30225633  0.74587642  0.95075408
   0.80225633  0.75412358  0.54924592
   0.80225633  0.25412358  0.04924591
   0.61821722  0.55925985  0.05264374
   0.31858440  0.31607291  0.40623470
   0.52357136  0.48065464  0.13846650
   0.30799305  0.18866198  0.30224357
   0.50012260  0.49766706  0.25060445
   0.02596190  0.96287550  0.03771234
   0.07320614  0.03298130  0.14644546
   0.61821722  0.05925985  0.55264372
   0.31858440  0.81607291  0.90623470
   0.52357136  0.98065467  0.63846649
   0.30799305  0.68866195  0.80224357
   0.50012260  0.99766709  0.75060448
   0.02596190  0.46287553  0.53771233
   0.07320614  0.53298135  0.64644549
   0.11821725  0.44074012  0.94735628
   0.81858440  0.68392709  0.59376530
   0.02357134  0.51934533  0.86153351
   0.80799311  0.81133805  0.69775643
   0.00012261  0.50233291  0.74939552
   0.52596190  0.03712448  0.96228767
   0.57320615  0.96701865  0.85355451
   0.11821725  0.94074015  0.44735625
   0.81858440  0.18392709  0.09376531
   0.02357134  0.01934535  0.36153351
   0.80799311  0.31133805  0.19775643
   0.00012261  0.00233294  0.24939554
   0.52596190  0.53712450  0.46228764
   0.57320615  0.46701871  0.35355454
   0.11793135  0.44278494  0.05261360
   0.81641119  0.68709160  0.40538213
   0.02420565  0.51809587  0.13773353
   0.77600151  0.80108492  0.30392107
   0.00185491  0.50832238  0.25147587
   0.52460604  0.03800006  0.03793594
   0.57738970  0.96647962  0.14735862
   0.11793135  0.94278491  0.55261364
   0.81641119  0.18709162  0.90538216
   0.02420565  0.01809584  0.63773350
   0.77600151  0.30108495  0.80392104
   0.00185491  0.00832239  0.75147587
   0.52460604  0.53800007  0.53793591
   0.57738970  0.46647962  0.64735865
   0.61793134  0.55721509  0.94738636
   0.31641116  0.31290840  0.59461784
   0.52420559  0.48190416  0.86226650
   0.27600154  0.19891508  0.69607896
   0.50185494  0.49167762  0.74852413
   0.02460605  0.96199993  0.96206409
   0.07738971  0.03352036  0.85264135
   0.61793134  0.05721504  0.44738642
   0.31641116  0.81290840  0.09461786
   0.52420559  0.98190413  0.36226647
   0.27600154  0.69891508  0.19607892
   0.50185494  0.99167762  0.24852410
   0.02460605  0.46199996  0.46206409
   0.07738971  0.53352038  0.35264141
   0.33124739  0.16879931  0.50012953
   0.33124739  0.66879937  1.00012956
   0.83124739  0.83120063  0.49987044
   0.83124739  0.33120069 -0.00012956
   0.28560956  0.24343076  0.34494583
   0.28560956  0.74343076  0.84494585
   0.78560953  0.75656924  0.65505415
   0.78560953  0.25656925  0.15505416
