   0.24992509  0.24297473  0.10729939
   0.21703908  0.26983237  0.21952313
   0.24992509  0.74297473  0.60729940
   0.21703908  0.76983240  0.71952308
   0.74992506  0.75702527  0.89270060
   0.71703904  0.73016760  0.78047692
   0.74992506  0.25702527  0.39270063
   0.71703904  0.23016762  0.28047686
   0.75452128  0.76282990  0.10782885
   0.74357455  0.72241307  0.21980189
   0.75452128  0.26282993  0.60782887
   0.74357455  0.22241306  0.71980192
   0.25452130  0.23717007  0.89217113
   0.24357456  0.27758696  0.78019808
   0.25452130  0.73717010  0.39217116
   0.24357456  0.77758693  0.28019811
   0.26126901  0.24284489 -0.00005291
   0.26126901  0.74284489  0.49994709
   0.76126900  0.75715511  1.00005291
   0.76126900  0.25715511  0.50005285
   0.78489478  0.75433532  0.34649395
   0.78489478  0.25433532  0.84649395
   0.80580146  0.75397034  0.45059076
   0.80580146  0.25397034  0.95059073
   0.30580146  0.24602967  0.54940927
   0.28489481  0.24566468  0.65350605
   0.28489481  0.74566468  0.15350605
   0.30580146  0.74602966  0.04940926
   0.30506143  0.24507505  0.45085799
   0.30506143  0.74507505  0.95085799
   0.80506143  0.75492495  0.54914201
   0.80506143  0.25492495  0.04914200
   0.62257291  0.56094561  0.05270611
   0.31907848  0.31549441  0.40636733
   0.52376428  0.48357522  0.13871860
   0.30739547  0.18943962  0.30214849
   0.49906339  0.49776131  0.25059646
   0.02892711  0.96270837  0.03766851
   0.06479041  0.02712468  0.14593937
   0.62257291  0.06094561  0.55270609
   0.31907848  0.81549441  0.90636733
   0.52376428  0.98357525  0.63871858
   0.30739547  0.68943959  0.80214849
   0.49906339  0.99776134  0.75059649
   0.02892711  0.46270840  0.53766850
   0.06479041  0.52712474  0.64593940
   0.12257294  0.43905436  0.94729391
   0.81907848  0.68450559  0.59363267
   0.02376425  0.51642475  0.86128142
   0.80739553  0.81056041  0.69785151
  -0.00093660  0.50223866  0.74940351
   0.52892711  0.03729161  0.96233150
   0.56479042  0.97287526  0.85406060
   0.12257294  0.93905439  0.44729388
   0.81907848  0.18450559  0.09363269
   0.02376425  0.01642477  0.36128142
   0.80739553  0.31056041  0.19785151
  -0.00093660  0.00223869  0.24940353
   0.52892711  0.53729163  0.46233147
   0.56479042  0.47287532  0.35406063
   0.12235010  0.44115204  0.05270465
   0.81670574  0.68759781  0.40549009
   0.02429791  0.51512903  0.13789637
   0.77392303  0.80007311  0.30380811
   0.00083726  0.50836042  0.25148044
   0.52753743  0.03822534  0.03789096
   0.56915401  0.97258895  0.14694538
   0.12235010  0.94115201  0.55270469
   0.81670574  0.18759783  0.90549012
   0.02429791  0.01512900  0.63789634
   0.77392303  0.30007314  0.80380808
   0.00083726  0.00836043  0.75148044
   0.52753743  0.53822535  0.53789093
   0.56915401  0.47258895  0.64694541
   0.62235009  0.55884799  0.94729531
   0.31670571  0.31240219  0.59450988
   0.52429785  0.48487100  0.86210366
   0.27392306  0.19992689  0.69619192
   0.50083730  0.49163958  0.74851956
   0.02753744  0.96177465  0.96210907
   0.06915402  0.02741103  0.85305459
   0.62235009  0.05884795  0.44729537
   0.31670571  0.81240219  0.09450990
   0.52429785  0.98487097  0.36210363
   0.27392306  0.69992689  0.19619187
   0.50083730  0.99163958  0.24851953
   0.02753744  0.46177468  0.46210907
   0.06915402  0.52741105  0.35305465
   0.33402645  0.16819433  0.50013261
   0.33402645  0.66819439  1.00013264
   0.83402645  0.83180561  0.49986736
   0.83402645  0.33180567 -0.00013264
   0.28348916  0.24240788  0.34491064
   0.28348916  0.74240788  0.84491067
   0.78348913  0.75759212  0.65508933
   0.78348913  0.25759213  0.15508935
