   0.24968107  0.24453632  0.10717388
   0.21794018  0.26982295  0.21952056
   0.24968107  0.74453632  0.60717389
   0.21794018  0.76982298  0.71952052
   0.74968104  0.75546368  0.89282611
   0.71794014  0.73017702  0.78047948
   0.74968104  0.25546368  0.39282614
   0.71794014  0.23017703  0.28047942
   0.75422986  0.76081846  0.10765241
   0.74413129  0.72236698  0.21977719
   0.75422986  0.26081849  0.60765243
   0.74413129  0.22236696  0.71977722
   0.25422987  0.23918151  0.89234757
   0.24413131  0.27763305  0.78022278
   0.25422987  0.73918154  0.39234760
   0.24413131  0.77763302  0.28022281
   0.25911321  0.24346310 -0.00004688
   0.25911321  0.74346310  0.49995312
   0.75911320  0.75653690  1.00004688
   0.75911320  0.25653690  0.50004682
   0.78645581  0.75367715  0.34650352
   0.78645581  0.25367715  0.84650352
   0.80390733  0.75354574  0.45055620
   0.80390733  0.25354574  0.95055617
   0.30390733  0.24645427  0.54944383
   0.28645584  0.24632285  0.65349648
   0.28645584  0.74632285  0.15349648
   0.30390733  0.74645426  0.04944382
   0.30319340  0.24559518  0.45079750
   0.30319340  0.74559518  0.95079750
   0.80319340  0.75440482  0.54920250
   0.80319340  0.25440482  0.04920250
   0.61967549  0.55983473  0.05266232
   0.31871931  0.31588145  0.40627362
   0.52356346  0.48152267  0.13854924
   0.30781876  0.18889595  0.30220759
   0.49976822  0.49769914  0.25059984
   0.02693338  0.96280836  0.03770141
   0.07051183  0.03112955  0.14627524
   0.61967549  0.05983474  0.55266230
   0.31871931  0.81588145  0.90627362
   0.52356346  0.98152270  0.63854923
   0.30781876  0.68889592  0.80220759
   0.49976822  0.99769916  0.75059987
   0.02693338  0.46280839  0.53770140
   0.07051183  0.53112960  0.64627527
   0.11967552  0.44016524  0.94733770
   0.81871931  0.68411855  0.59372638
   0.02356344  0.51847730  0.86145077
   0.80781882  0.81110408  0.69779241
  -0.00023177  0.50230084  0.74940013
   0.52693338  0.03719162  0.96229860
   0.57051185  0.96887040  0.85372473
   0.11967552  0.94016527  0.44733767
   0.81871931  0.18411855  0.09372639
   0.02356344  0.01847732  0.36145077
   0.80781882  0.31110408  0.19779241
  -0.00023177  0.00230087  0.24940015
   0.52693338  0.53719164  0.46229857
   0.57051185  0.46887046  0.35372476
   0.11939872  0.44225680  0.05264370
   0.81657477  0.68724757  0.40541195
   0.02418289  0.51717735  0.13778218
   0.77521112  0.80076140  0.30388096
   0.00151444  0.50833224  0.25147712
   0.52556488  0.03809805  0.03792105
   0.57480889  0.96836847  0.14723696
   0.11939872  0.94225677  0.55264374
   0.81657477  0.18724759  0.90541198
   0.02418289  0.01717732  0.63778215
   0.77521112  0.30076143  0.80388093
   0.00151444  0.00833224  0.75147712
   0.52556488  0.53809806  0.53792102
   0.57480889  0.46836847  0.64723699
   0.61939871  0.55774323  0.94735626
   0.31657474  0.31275243  0.59458802
   0.52418284  0.48282268  0.86221785
   0.27521115  0.19923860  0.69611907
   0.50151447  0.49166776  0.74852288
   0.02556489  0.96190194  0.96207898
   0.07480890  0.03163150  0.85276301
   0.61939871  0.05774318  0.44735632
   0.31657474  0.81275243  0.09458803
   0.52418284  0.98282265  0.36221782
   0.27521115  0.69923860  0.19611903
   0.50151447  0.99166776  0.24852285
   0.02556489  0.46190197  0.46207898
   0.07480890  0.53163153  0.35276307
   0.33216917  0.16860565  0.50013096
   0.33216917  0.66860571  1.00013099
   0.83216917  0.83139429  0.49986901
   0.83216917  0.33139435 -0.00013099
   0.28493235  0.24311536  0.34494182
   0.28493235  0.74311536  0.84494185
   0.78493232  0.75688464  0.65505815
   0.78493232  0.25688466  0.15505817
