   0.25012463  0.24854137  0.10698903
   0.22326037  0.26957833  0.21968383
   0.25012463  0.74854137  0.60698904
   0.22326037  0.76957836  0.71968379
   0.75012460  0.75145863  0.89301096
   0.72326033  0.73042164  0.78031621
   0.75012460  0.25145863  0.39301098
   0.72326033  0.23042165  0.28031615
   0.75535590  0.75309366  0.10721580
   0.74458140  0.72137445  0.21957522
   0.75535590  0.25309369  0.60721582
   0.74458140  0.22137444  0.71957525
   0.25535592  0.24690631  0.89278418
   0.24458142  0.27862558  0.78042475
   0.25535592  0.74690634  0.39278421
   0.24458142  0.77862555  0.28042478
   0.25057845  0.24571006  0.00004350
   0.25057845  0.74571006  0.50004350
   0.75057844  0.75428994  0.99995650
   0.75057844  0.25428994  0.49995644
   0.79341032  0.75149436  0.34651991
   0.79341032  0.25149436  0.84651991
   0.79643968  0.75216587  0.45026883
   0.79643968  0.25216587  0.95026880
   0.29643968  0.24783415  0.54973120
   0.29341035  0.24850564  0.65348009
   0.29341035  0.74850564  0.15348009
   0.29643968  0.74783413  0.04973119
   0.29590339  0.24770085  0.45042243
   0.29590339  0.74770085  0.95042243
   0.79590339  0.75229915  0.54957757
   0.79590339  0.25229915  0.04957757
   0.60843796  0.55561005  0.05270123
   0.31774445  0.31756280  0.40575423
   0.52511081  0.47586328  0.13803400
   0.30559136  0.18711480  0.30220798
   0.50201894  0.49752973  0.25072153
   0.01879974  0.96283224  0.03788185
   0.09079282  0.04414241  0.14786636
   0.60843796  0.05561006  0.55270121
   0.31774445  0.81756280  0.90575423
   0.52511081  0.97586331  0.63803398
   0.30559136  0.68711477  0.80220798
   0.50201894  0.99752976  0.75072156
   0.01879974  0.46283227  0.53788185
   0.09079282  0.54414246  0.64786639
   0.10843799  0.44438992  0.94729879
   0.81774445  0.68243720  0.59424577
   0.02511078  0.52413669  0.86196602
   0.80559142  0.81288523  0.69779202
   0.00201895  0.50247024  0.74927844
   0.51879975  0.03716774  0.96211815
   0.59079284  0.95585754  0.85213361
   0.10843799  0.94438995  0.44729876
   0.81774445  0.18243720  0.09424578
   0.02511078  0.02413671  0.36196602
   0.80559142  0.31288523  0.19779202
   0.00201895  0.00247027  0.24927845
   0.51879975  0.53716776  0.46211812
   0.59079284  0.45585760  0.35213364
   0.10833452  0.44577617  0.05256520
   0.81418999  0.68592161  0.40496914
   0.02563357  0.52307585  0.13775081
   0.78393060  0.80370344  0.30391086
   0.00339924  0.50779821  0.25149097
   0.51739356  0.03780381  0.03818966
   0.59398145  0.95469437  0.14821957
   0.10833452  0.94577614  0.55256524
   0.81418999  0.18592163  0.90496917
   0.02563357  0.02307582  0.63775078
   0.78393060  0.30370346  0.80391083
   0.00339924  0.00779822  0.75149097
   0.51739356  0.53780382  0.53818964
   0.59398145  0.45469437  0.64821959
   0.60833451  0.55422386  0.94743476
   0.31418996  0.31407839  0.59503083
   0.52563351  0.47692418  0.86224922
   0.28393063  0.19629656  0.69608917
   0.50339928  0.49220179  0.74850903
   0.01739357  0.96219618  0.96181036
   0.09398146  0.04530561  0.85178041
   0.60833451  0.05422381  0.44743482
   0.31418996  0.81407839  0.09503085
   0.52563351  0.97692415  0.36224919
   0.28393063  0.69629656  0.19608913
   0.50339928  0.99220179  0.24850900
   0.01739357  0.46219621  0.46181036
   0.09398146  0.54530563  0.35178046
   0.32455812  0.16991532  0.50012297
   0.32455812  0.66991538  1.00012300
   0.82455812  0.83008462  0.49987700
   0.82455812  0.33008468 -0.00012300
   0.29042854  0.24607849  0.34488568
   0.29042854  0.74607849  0.84488570
   0.79042851  0.75392151  0.65511430
   0.79042851  0.25392153  0.15511431
