   0.24998041  0.24253255  0.10734859
   0.21682694  0.26982997  0.21952634
   0.24998041  0.74253255  0.60734860
   0.21682694  0.76983000  0.71952629
   0.74998038  0.75746745  0.89265140
   0.71682689  0.73017000  0.78047371
   0.74998038  0.25746745  0.39265142
   0.71682689  0.23017002  0.28047365
   0.75462023  0.76337788  0.10788791
   0.74343706  0.72241777  0.21980920
   0.75462023  0.26337791  0.60788793
   0.74343706  0.22241775  0.71980923
   0.25462025  0.23662209  0.89211207
   0.24343707  0.27758226  0.78019077
   0.25462025  0.73662212  0.39211210
   0.24343707  0.77758223  0.28019080
   0.26185717  0.24265721 -0.00005301
   0.26185717  0.74265721  0.49994699
   0.76185715  0.75734279  1.00005301
   0.76185715  0.25734279  0.50005295
   0.78445533  0.75451317  0.34646737
   0.78445533  0.25451317  0.84646737
   0.80630042  0.75411473  0.45059077
   0.80630042  0.25411473  0.95059074
   0.30630042  0.24588529  0.54940926
   0.28445536  0.24548683  0.65353263
   0.28445536  0.74548683  0.15353263
   0.30630042  0.74588527  0.04940925
   0.30556160  0.24491739  0.45086225
   0.30556160  0.74491739  0.95086225
   0.80556160  0.75508261  0.54913775
   0.80556160  0.25508261  0.04913775
   0.62334918  0.56124777  0.05271717
   0.31920782  0.31537840  0.40640455
   0.52386009  0.48423380  0.13876670
   0.30724220  0.18964007  0.30215234
   0.49889562  0.49777843  0.25059677
   0.02947323  0.96268093  0.03765647
   0.06318848  0.02600594  0.14585053
   0.62334918  0.06124777  0.55271715
   0.31920782  0.81537840  0.90640455
   0.52386009  0.98423383  0.63876669
   0.30724220  0.68964004  0.80215234
   0.49889562  0.99777846  0.75059680
   0.02947323  0.46268096  0.53765646
   0.06318848  0.52600599  0.64585056
   0.12334921  0.43875220  0.94728285
   0.81920782  0.68462160  0.59359545
   0.02386006  0.51576617  0.86123331
   0.80724226  0.81035996  0.69784766
  -0.00110436  0.50222154  0.74940320
   0.52947323  0.03731904  0.96234354
   0.56318849  0.97399401  0.85414944
   0.12334921  0.93875223  0.44728282
   0.81920782  0.18462160  0.09359547
   0.02386006  0.01576620  0.36123331
   0.80724226  0.31035996  0.19784766
  -0.00110436  0.00222157  0.24940322
   0.52947323  0.53731907  0.46234351
   0.56318849  0.47399407  0.35414947
   0.12316093  0.44084327  0.05271826
   0.81668714  0.68770048  0.40551856
   0.02435871  0.51454653  0.13793277
   0.77363811  0.79983693  0.30380717
   0.00067551  0.50836578  0.25148292
   0.52806944  0.03824761  0.03788277
   0.56752039  0.97381843  0.14685432
   0.12316093  0.94084324  0.55271830
   0.81668714  0.18770049  0.90551859
   0.02435871  0.01454651  0.63793274
   0.77363811  0.29983696  0.80380714
   0.00067551  0.00836578  0.75148292
   0.52806944  0.53824762  0.53788274
   0.56752039  0.47381843  0.64685435
   0.62316091  0.55915676  0.94728170
   0.31668711  0.31229952  0.59448141
   0.52435866  0.48545350  0.86206726
   0.27363814  0.20016307  0.69619286
   0.50067555  0.49163422  0.74851708
   0.02806944  0.96175238  0.96211726
   0.06752039  0.02618155  0.85314565
   0.62316091  0.05915671  0.44728176
   0.31668711  0.81229952  0.09448142
   0.52435866  0.98545347  0.36206723
   0.27363814  0.70016307  0.19619281
   0.50067555  0.99163422  0.24851705
   0.02806944  0.46175241  0.46211726
   0.06752039  0.52618157  0.35314571
   0.33453737  0.16807778  0.50013374
   0.33453737  0.66807784  1.00013377
   0.83453737  0.83192216  0.49986623
   0.83453737  0.33192222 -0.00013377
   0.28309645  0.24217001  0.34487701
   0.28309645  0.74217001  0.84487704
   0.78309642  0.75782999  0.65512296
   0.78309642  0.25783000  0.15512298
