   0.24967896  0.24734105  0.10698856
   0.22074671  0.26967192  0.21956810
   0.24967896  0.74734105  0.60698858
   0.22074671  0.76967195  0.71956805
   0.74967893  0.75265895  0.89301142
   0.72074667  0.73032805  0.78043195
   0.74967893  0.25265895  0.39301145
   0.72074667  0.23032807  0.28043189
   0.75435991  0.75591624  0.10730360
   0.74493132  0.72204475  0.21968608
   0.75435991  0.25591627  0.60730363
   0.74493132  0.22204473  0.71968611
   0.25435992  0.24408373  0.89269637
   0.24493133  0.27795528  0.78031389
   0.25435992  0.74408376  0.39269640
   0.24493133  0.77795525  0.28031392
   0.25377461  0.24488765 -0.00001120
   0.25377461  0.74488765  0.49998880
   0.75377459  0.75511235  1.00001120
   0.75377459  0.25511235  0.50001114
   0.79059881  0.75223295  0.34654303
   0.79059881  0.25223295  0.84654303
   0.79914647  0.75266210  0.45043217
   0.79914647  0.25266210  0.95043214
   0.29914647  0.24733792  0.54956786
   0.29059884  0.24776705  0.65345697
   0.29059884  0.74776705  0.15345697
   0.29914647  0.74733790  0.04956785
   0.29858696  0.24695199  0.45062030
   0.29858696  0.74695199  0.95062030
   0.79858696  0.75304801  0.54937970
   0.79858696  0.25304801  0.04937969
   0.61252319  0.55707873  0.05263318
   0.31815724  0.31701899  0.40598885
   0.52414051  0.47768976  0.13820761
   0.30776855  0.18795873  0.30225701
   0.50145008  0.49757469  0.25064420
   0.02195794  0.96294690  0.03778398
   0.08337961  0.03966777  0.14720045
   0.61252319  0.05707874  0.55263316
   0.31815724  0.81701899  0.90598885
   0.52414051  0.97768979  0.63820759
   0.30776855  0.68795870  0.80225701
   0.50145008  0.99757472  0.75064423
   0.02195794  0.46294693  0.53778397
   0.08337961  0.53966782  0.64720048
   0.11252322  0.44292124  0.94736684
   0.81815724  0.68298101  0.59401115
   0.02414049  0.52231021  0.86179241
   0.80776861  0.81204130  0.69774299
   0.00145010  0.50242528  0.74935577
   0.52195794  0.03705308  0.96221603
   0.58337962  0.96033218  0.85279952
   0.11252322  0.94292127  0.44736681
   0.81815724  0.18298101  0.09401117
   0.02414049  0.02231023  0.36179241
   0.80776861  0.31204130  0.19774299
   0.00145010  0.00242531  0.24935578
   0.52195794  0.53705310  0.46221600
   0.58337962  0.46033224  0.35279955
   0.11228584  0.44461567  0.05255001
   0.81526402  0.68644336  0.40517815
   0.02473002  0.52123915  0.13767716
   0.78008521  0.80234567  0.30394914
   0.00305934  0.50816574  0.25147258
   0.52061529  0.03772788  0.03804704
   0.58695790  0.95965789  0.14781119
   0.11228584  0.94461564  0.55255005
   0.81526402  0.18644337  0.90517818
   0.02473002  0.02123912  0.63767713
   0.78008521  0.30234570  0.80394911
   0.00305934  0.00816574  0.75147258
   0.52061529  0.53772789  0.53804702
   0.58695790  0.45965789  0.64781122
   0.61228583  0.55538436  0.94744995
   0.31526399  0.31355664  0.59482182
   0.52472997  0.47876088  0.86232287
   0.28008524  0.19765433  0.69605089
   0.50305937  0.49183426  0.74852742
   0.02061529  0.96227211  0.96195298
   0.08695791  0.04034209  0.85218878
   0.61228583  0.05538432  0.44745001
   0.31526399  0.81355664  0.09482184
   0.52472997  0.97876085  0.36232284
   0.28008524  0.69765433  0.19605085
   0.50305937  0.99183426  0.24852739
   0.02061529  0.46227214  0.46195298
   0.08695791  0.54034211  0.35218884
   0.32743014  0.16951909  0.50012475
   0.32743014  0.66951915  1.00012478
   0.82743014  0.83048085  0.49987522
   0.82743014  0.33048091 -0.00012478
   0.28837122  0.24490539  0.34495818
   0.28837122  0.74490539  0.84495821
   0.78837119  0.75509461  0.65504179
   0.78837119  0.25509462  0.15504181
