   0.24963146  0.24689895  0.10700936
   0.22012271  0.26971823  0.21954833
   0.24963146  0.74689895  0.60700938
   0.22012271  0.76971826  0.71954828
   0.74963143  0.75310105  0.89299062
   0.72012267  0.73028174  0.78045172
   0.74963143  0.25310105  0.39299065
   0.72012267  0.23028176  0.28045166
   0.75422604  0.75685848  0.10735663
   0.74488457  0.72215300  0.21971072
   0.75422604  0.25685851  0.60735665
   0.74488457  0.22215298  0.71971075
   0.25422605  0.24314149  0.89264335
   0.24488459  0.27784703  0.78028925
   0.25422605  0.74314152  0.39264338
   0.24488459  0.77784700  0.28028928
   0.25479537  0.24461094 -0.00001951
   0.25479537  0.74461094  0.49998049
   0.75479536  0.75538906  1.00001951
   0.75479536  0.25538906  0.50001945
   0.78973593  0.75250156  0.34652471
   0.78973593  0.25250156  0.84652471
   0.80005739  0.75283190  0.45046371
   0.80005739  0.25283190  0.95046368
   0.30005739  0.24716811  0.54953632
   0.28973596  0.24749844  0.65347529
   0.28973596  0.74749844  0.15347529
   0.30005739  0.74716810  0.04953631
   0.29946993  0.24668148  0.45065958
   0.29946993  0.74668148  0.95065958
   0.79946993  0.75331852  0.54934042
   0.79946993  0.25331852  0.04934041
   0.61389521  0.55760097  0.05262678
   0.31824699  0.31678101  0.40605610
   0.52392824  0.47836439  0.13826029
   0.30802837  0.18812693  0.30227099
   0.50117053  0.49758812  0.25062992
   0.02295241  0.96294179  0.03776225
   0.08094223  0.03811788  0.14699907
   0.61389521  0.05760098  0.55262676
   0.31824699  0.81678101  0.90605610
   0.52392824  0.97836442  0.63826028
   0.30802837  0.68812691  0.80227099
   0.50117053  0.99758815  0.75062995
   0.02295241  0.46294182  0.53776224
   0.08094223  0.53811793  0.64699910
   0.11389524  0.44239900  0.94737324
   0.81824699  0.68321899  0.59394390
   0.02392821  0.52163558  0.86173972
   0.80802843  0.81187309  0.69772901
   0.00117055  0.50241185  0.74937005
   0.52295241  0.03705819  0.96223776
   0.58094225  0.96188207  0.85300090
   0.11389524  0.94239903  0.44737321
   0.81824699  0.18321899  0.09394392
   0.02392821  0.02163560  0.36173972
   0.80802843  0.31187309  0.19772901
   0.00117055  0.00241188  0.24937006
   0.52295241  0.53705821  0.46223773
   0.58094225  0.46188213  0.35300093
   0.11364470  0.44419612  0.05255686
   0.81559173  0.68660718  0.40523578
   0.02454241  0.52053660  0.13766771
   0.77895871  0.80200953  0.30396804
   0.00282161  0.50822175  0.25147194
   0.52160781  0.03777540  0.03801310
   0.58467542  0.96127090  0.14769543
   0.11364470  0.94419609  0.55255690
   0.81559173  0.18660719  0.90523581
   0.02454241  0.02053657  0.63766768
   0.77895871  0.30200956  0.80396801
   0.00282161  0.00822175  0.75147194
   0.52160781  0.53777541  0.53801308
   0.58467542  0.46127090  0.64769546
   0.61364469  0.55580391  0.94744310
   0.31559170  0.31339282  0.59476419
   0.52454236  0.47946343  0.86233232
   0.27895874  0.19799047  0.69603199
   0.50282164  0.49177825  0.74852806
   0.02160782  0.96222459  0.96198692
   0.08467543  0.03872908  0.85230454
   0.61364469  0.05580386  0.44744316
   0.31559170  0.81339282  0.09476420
   0.52454236  0.97946340  0.36233229
   0.27895874  0.69799047  0.19603195
   0.50282164  0.99177825  0.24852803
   0.02160782  0.46222462  0.46198692
   0.08467543  0.53872910  0.35230460
   0.32837229  0.16935242  0.50012635
   0.32837229  0.66935248  1.00012638
   0.82837229  0.83064752  0.49987362
   0.82837229  0.33064758 -0.00012638
   0.28769777  0.24453266  0.34496384
   0.28769777  0.74453266  0.84496387
   0.78769774  0.75546734  0.65503613
   0.78769774  0.25546735  0.15503615
