   0.24993245  0.24290337  0.10730630
   0.21700987  0.26983060  0.21952166
   0.24993245  0.74290337  0.60730632
   0.21700987  0.76983063  0.71952162
   0.74993242  0.75709663  0.89269368
   0.71700982  0.73016937  0.78047838
   0.74993242  0.25709663  0.39269371
   0.71700982  0.23016938  0.28047832
   0.75454316  0.76291547  0.10783706
   0.74355027  0.72241817  0.21980118
   0.75454316  0.26291550  0.60783708
   0.74355027  0.22241815  0.71980121
   0.25454317  0.23708450  0.89216292
   0.24355028  0.27758186  0.78019879
   0.25454317  0.73708453  0.39216295
   0.24355028  0.77758183  0.28019882
   0.26136199  0.24281169 -0.00005289
   0.26136199  0.74281169  0.49994711
   0.76136198  0.75718831  1.00005289
   0.76136198  0.25718831  0.50005283
   0.78481313  0.75437640  0.34647629
   0.78481313  0.25437640  0.84647629
   0.80588779  0.75399403  0.45058902
   0.80588779  0.25399403  0.95058899
   0.30588779  0.24600599  0.54941101
   0.28481316  0.24562360  0.65352371
   0.28481316  0.74562360  0.15352371
   0.30588779  0.74600597  0.04941100
   0.30514915  0.24504985  0.45085504
   0.30514915  0.74504985  0.95085504
   0.80514915  0.75495015  0.54914496
   0.80514915  0.25495015  0.04914496
   0.62269770  0.56099399  0.05270717
   0.31909200  0.31546939  0.40637638
   0.52378244  0.48366947  0.13872477
   0.30736583  0.18948053  0.30215155
   0.49903104  0.49776143  0.25059666
   0.02901172  0.96269901  0.03766603
   0.06452777  0.02695505  0.14592268
   0.62269770  0.06099400  0.55270715
   0.31909200  0.81546939  0.90637638
   0.52378244  0.98366950  0.63872475
   0.30736583  0.68948050  0.80215155
   0.49903104  0.99776146  0.75059669
   0.02901172  0.46269904  0.53766602
   0.06452777  0.52695510  0.64592271
   0.12269773  0.43900598  0.94729285
   0.81909200  0.68453061  0.59362362
   0.02378241  0.51633050  0.86127525
   0.80736589  0.81051950  0.69784845
  -0.00096894  0.50223854  0.74940331
   0.52901172  0.03730097  0.96233398
   0.56452779  0.97304490  0.85407729
   0.12269773  0.93900601  0.44729282
   0.81909200  0.18453061  0.09362363
   0.02378241  0.01633052  0.36127525
   0.80736589  0.31051950  0.19784845
  -0.00096894  0.00223857  0.24940333
   0.52901172  0.53730099  0.46233395
   0.56452779  0.47304496  0.35407732
   0.12248029  0.44110261  0.05270621
   0.81670130  0.68761955  0.40549499
   0.02429537  0.51502822  0.13790025
   0.77387868  0.80002281  0.30382107
   0.00080798  0.50836061  0.25148181
   0.52761883  0.03823307  0.03788892
   0.56889970  0.97278951  0.14692891
   0.12248029  0.94110258  0.55270625
   0.81670130  0.18761956  0.90549502
   0.02429537  0.01502819  0.63790022
   0.77387868  0.30002284  0.80382104
   0.00080798  0.00836062  0.75148181
   0.52761883  0.53823307  0.53788890
   0.56889970  0.47278951  0.64692894
   0.62248028  0.55889742  0.94729375
   0.31670127  0.31238045  0.59450498
   0.52429531  0.48497181  0.86209978
   0.27387871  0.19997719  0.69617896
   0.50080802  0.49163939  0.74851819
   0.02761884  0.96176693  0.96211110
   0.06889971  0.02721047  0.85307106
   0.62248028  0.05889738  0.44729381
   0.31670127  0.81238045  0.09450499
   0.52429531  0.98497178  0.36209975
   0.27387871  0.69997719  0.19617891
   0.50080802  0.99163939  0.24851816
   0.02761884  0.46176696  0.46211110
   0.06889971  0.52721049  0.35307112
   0.33410308  0.16817627  0.50013276
   0.33410308  0.66817633  1.00013279
   0.83410308  0.83182367  0.49986721
   0.83410308  0.33182373 -0.00013279
   0.28345829  0.24237829  0.34490079
   0.28345829  0.74237829  0.84490082
   0.78345826  0.75762171  0.65509918
   0.78345826  0.25762172  0.15509920
