   0.24963553  0.24693828  0.10700474
   0.22017785  0.26971185  0.21954828
   0.24963553  0.74693828  0.60700476
   0.22017785  0.76971188  0.71954823
   0.74963550  0.75306172  0.89299524
   0.72017780  0.73028812  0.78045177
   0.74963550  0.25306172  0.39299527
   0.72017780  0.23028813  0.28045171
   0.75422557  0.75676866  0.10734933
   0.74489429  0.72213725  0.21970651
   0.75422557  0.25676868  0.60734936
   0.74489429  0.22213724  0.71970654
   0.25422558  0.24323132  0.89265064
   0.24489431  0.27786278  0.78029346
   0.25422558  0.74323134  0.39265067
   0.24489431  0.77786275  0.28029349
   0.25469283  0.24462745 -0.00001864
   0.25469283  0.74462745  0.49998136
   0.75469281  0.75537255  1.00001864
   0.75469281  0.25537255  0.50001858
   0.78983823  0.75244636  0.34655081
   0.78983823  0.25244636  0.84655081
   0.79996601  0.75280138  0.45046033
   0.79996601  0.25280138  0.95046030
   0.29996601  0.24719864  0.54953970
   0.28983826  0.24755364  0.65344919
   0.28983826  0.74755364  0.15344919
   0.29996601  0.74719862  0.04953969
   0.29938098  0.24671921  0.45065694
   0.29938098  0.74671921  0.95065694
   0.79938098  0.75328079  0.54934306
   0.79938098  0.25328079  0.04934306
   0.61375636  0.55754631  0.05262789
   0.31824210  0.31680697  0.40604906
   0.52394726  0.47830080  0.13825671
   0.30801800  0.18809923  0.30226212
   0.50120043  0.49758903  0.25063127
   0.02285170  0.96293960  0.03776405
   0.08118901  0.03826671  0.14702037
   0.61375636  0.05754632  0.55262787
   0.31824210  0.81680697  0.90604906
   0.52394726  0.97830083  0.63825669
   0.30801800  0.68809920  0.80226212
   0.50120043  0.99758906  0.75063130
   0.02285170  0.46293963  0.53776404
   0.08118901  0.53826676  0.64702040
   0.11375639  0.44245366  0.94737213
   0.81824210  0.68319303  0.59395094
   0.02394723  0.52169917  0.86174331
   0.80801806  0.81190080  0.69773788
   0.00120044  0.50241094  0.74936870
   0.52285170  0.03706038  0.96223596
   0.58118902  0.96173324  0.85297960
   0.11375639  0.94245369  0.44737210
   0.81824210  0.18319303  0.09395095
   0.02394723  0.02169919  0.36174331
   0.80801806  0.31190080  0.19773788
   0.00120044  0.00241097  0.24936871
   0.52285170  0.53706040  0.46223593
   0.58118902  0.46173330  0.35297963
   0.11350432  0.44423768  0.05255646
   0.81556332  0.68658799  0.40523011
   0.02456056  0.52060892  0.13766961
   0.77906324  0.80206424  0.30394641
   0.00284655  0.50822083  0.25147223
   0.52150942  0.03777414  0.03801607
   0.58489229  0.96110669  0.14770794
   0.11350432  0.94423765  0.55255651
   0.81556332  0.18658800  0.90523014
   0.02456056  0.02060889  0.63766958
   0.77906324  0.30206427  0.80394638
   0.00284655  0.00822083  0.75147223
   0.52150942  0.53777415  0.53801604
   0.58489229  0.46110669  0.64770797
   0.61350430  0.55576235  0.94744349
   0.31556329  0.31341201  0.59476986
   0.52456050  0.47939111  0.86233042
   0.27906327  0.19793576  0.69605362
   0.50284658  0.49177917  0.74852777
   0.02150943  0.96222585  0.96198396
   0.08489230  0.03889329  0.85229203
   0.61350430  0.05576231  0.44744355
   0.31556329  0.81341201  0.09476988
   0.52456050  0.97939108  0.36233039
   0.27906327  0.69793576  0.19605357
   0.50284658  0.99177917  0.24852774
   0.02150943  0.46222588  0.46198396
   0.08489230  0.53889331  0.35229209
   0.32827238  0.16936943  0.50012606
   0.32827238  0.66936949  1.00012609
   0.82827238  0.83063051  0.49987391
   0.82827238  0.33063057 -0.00012609
   0.28777162  0.24458121  0.34497146
   0.28777162  0.74458121  0.84497149
   0.78777159  0.75541879  0.65502851
   0.78777159  0.25541881  0.15502853
