   0.25023367  0.24142809  0.10743134
   0.21636648  0.26981340  0.21952654
   0.25023367  0.74142809  0.60743136
   0.21636648  0.76981343  0.71952650
   0.75023364  0.75857191  0.89256864
   0.71636644  0.73018657  0.78047350
   0.75023364  0.25857191  0.39256867
   0.71636644  0.23018658  0.28047344
   0.75484883  0.76463299  0.10798333
   0.74308835  0.72243251  0.21981861
   0.75484883  0.26463302  0.60798335
   0.74308835  0.22243249  0.71981864
   0.25484885  0.23536698  0.89201665
   0.24308837  0.27756752  0.78018136
   0.25484885  0.73536701  0.39201668
   0.24308837  0.77756749  0.28018139
   0.26318030  0.24226372 -0.00005003
   0.26318030  0.74226372  0.49994997
   0.76318029  0.75773628  1.00005003
   0.76318029  0.25773628  0.50004997
   0.78345982  0.75491597  0.34644166
   0.78345982  0.25491597  0.84644166
   0.80748886  0.75439730  0.45061587
   0.80748886  0.25439730  0.95061584
   0.30748886  0.24560271  0.54938416
   0.28345985  0.24508403  0.65355834
   0.28345985  0.74508403  0.15355834
   0.30748886  0.74560270  0.04938415
   0.30676889  0.24460126  0.45089914
   0.30676889  0.74460126  0.95089914
   0.80676889  0.75539874  0.54910086
   0.80676889  0.25539874  0.04910086
   0.62511795  0.56191242  0.05275312
   0.31947422  0.31516705  0.40645896
   0.52419397  0.48576902  0.13888166
   0.30693122  0.19004913  0.30209507
   0.49850526  0.49781207  0.25059740
   0.03066510  0.96259317  0.03762900
   0.05945388  0.02346269  0.14565545
   0.62511795  0.06191243  0.55275310
   0.31947422  0.81516705  0.90645896
   0.52419397  0.98576905  0.63888165
   0.30693122  0.69004911  0.80209507
   0.49850526  0.99781209  0.75059743
   0.03066510  0.46259320  0.53762899
   0.05945388  0.52346274  0.64565548
   0.12511798  0.43808755  0.94724690
   0.81947422  0.68483295  0.59354104
   0.02419394  0.51423095  0.86111835
   0.80693128  0.80995089  0.69790493
  -0.00149473  0.50218791  0.74940257
   0.53066510  0.03740681  0.96237101
   0.55945390  0.97653726  0.85434452
   0.12511798  0.93808758  0.44724687
   0.81947422  0.18483295  0.09354105
   0.02419394  0.01423097  0.36111835
   0.80693128  0.30995089  0.19790493
  -0.00149473  0.00218794  0.24940259
   0.53066510  0.53740683  0.46237098
   0.55945390  0.47653732  0.35434455
   0.12499240  0.44011067  0.05275425
   0.81653756  0.68789653  0.40556251
   0.02452061  0.51316316  0.13801814
   0.77305651  0.79931397  0.30376779
   0.00030412  0.50837591  0.25148533
   0.52925589  0.03834426  0.03786918
   0.56372145  0.97682729  0.14662994
   0.12499240  0.94011064  0.55275429
   0.81653756  0.18789654  0.90556254
   0.02452061  0.01316313  0.63801811
   0.77305651  0.29931400  0.80376776
   0.00030412  0.00837592  0.75148533
   0.52925589  0.53834427  0.53786916
   0.56372145  0.47682729  0.64662997
   0.62499239  0.55988936  0.94724571
   0.31653753  0.31210347  0.59443746
   0.52452056  0.48683687  0.86198189
   0.27305654  0.20068603  0.69623224
   0.50030416  0.49162409  0.74851467
   0.02925590  0.96165573  0.96213084
   0.06372146  0.02317269  0.85337003
   0.62499239  0.05988931  0.44724577
   0.31653753  0.81210347  0.09443747
   0.52452056  0.98683684  0.36198186
   0.27305654  0.70068603  0.19623220
   0.50030416  0.99162409  0.24851464
   0.02925590  0.46165576  0.46213084
   0.06372146  0.52317271  0.35337009
   0.33561542  0.16781905  0.50013359
   0.33561542  0.66781911  1.00013362
   0.83561542  0.83218089  0.49986638
   0.83561542  0.33218095 -0.00013362
   0.28221906  0.24171309  0.34486007
   0.28221906  0.74171309  0.84486010
   0.78221903  0.75828691  0.65513990
   0.78221903  0.25828692  0.15513992
