   0.24968369  0.24453933  0.10717395
   0.21794289  0.26982206  0.21952061
   0.24968369  0.74453933  0.60717397
   0.21794289  0.76982209  0.71952057
   0.74968366  0.75546067  0.89282603
   0.71794285  0.73017791  0.78047943
   0.74968366  0.25546067  0.39282606
   0.71794285  0.23017793  0.28047937
   0.75423022  0.76081402  0.10765246
   0.74413350  0.72236735  0.21977713
   0.75423022  0.26081405  0.60765248
   0.74413350  0.22236734  0.71977716
   0.25423023  0.23918595  0.89234752
   0.24413351  0.27763268  0.78022284
   0.25423023  0.73918598  0.39234755
   0.24413351  0.77763265  0.28022287
   0.25910777  0.24346415 -0.00004686
   0.25910777  0.74346415  0.49995314
   0.75910776  0.75653585  1.00004686
   0.75910776  0.25653585  0.50004680
   0.78646375  0.75367406  0.34650512
   0.78646375  0.25367406  0.84650512
   0.80389936  0.75354326  0.45055589
   0.80389936  0.25354326  0.95055586
   0.30389936  0.24645676  0.54944414
   0.28646378  0.24632594  0.65349488
   0.28646378  0.74632594  0.15349488
   0.30389936  0.74645674  0.04944413
   0.30318586  0.24559802  0.45079740
   0.30318586  0.74559802  0.95079740
   0.80318586  0.75440198  0.54920260
   0.80318586  0.25440198  0.04920260
   0.61967119  0.55983523  0.05266220
   0.31871917  0.31588189  0.40627335
   0.52356546  0.48152101  0.13854894
   0.30781957  0.18889596  0.30220753
   0.49976884  0.49769961  0.25059985
   0.02693119  0.96280934  0.03770146
   0.07051784  0.03113247  0.14627540
   0.61967119  0.05983524  0.55266218
   0.31871917  0.81588189  0.90627335
   0.52356546  0.98152104  0.63854893
   0.30781957  0.68889593  0.80220753
   0.49976884  0.99769964  0.75059988
   0.02693119  0.46280937  0.53770146
   0.07051784  0.53113252  0.64627543
   0.11967122  0.44016474  0.94733782
   0.81871917  0.68411811  0.59372665
   0.02356543  0.51847896  0.86145107
   0.80781963  0.81110407  0.69779247
  -0.00023115  0.50230036  0.74940012
   0.52693119  0.03719064  0.96229854
   0.57051785  0.96886748  0.85372457
   0.11967122  0.94016477  0.44733779
   0.81871917  0.18411811  0.09372666
   0.02356543  0.01847898  0.36145107
   0.80781963  0.31110407  0.19779247
  -0.00023115  0.00230039  0.24940013
   0.52693119  0.53719066  0.46229851
   0.57051785  0.46886754  0.35372460
   0.11939549  0.44225739  0.05264356
   0.81657455  0.68724780  0.40541216
   0.02418472  0.51717869  0.13778194
   0.77521207  0.80076337  0.30387939
   0.00151480  0.50833270  0.25147714
   0.52556164  0.03809600  0.03792111
   0.57481464  0.96836526  0.14723705
   0.11939549  0.94225736  0.55264360
   0.81657455  0.18724781  0.90541219
   0.02418472  0.01717866  0.63778191
   0.77521207  0.30076340  0.80387936
   0.00151480  0.00833270  0.75147714
   0.52556164  0.53809600  0.53792108
   0.57481464  0.46836526  0.64723708
   0.61939548  0.55774264  0.94735640
   0.31657452  0.31275220  0.59458781
   0.52418466  0.48282134  0.86221809
   0.27521210  0.19923663  0.69612064
   0.50151483  0.49166730  0.74852286
   0.02556165  0.96190400  0.96207892
   0.07481465  0.03163472  0.85276292
   0.61939548  0.05774260  0.44735646
   0.31657452  0.81275220  0.09458782
   0.52418466  0.98282131  0.36221806
   0.27521210  0.69923663  0.19612059
   0.50151483  0.99166730  0.24852283
   0.02556165  0.46190403  0.46207892
   0.07481465  0.53163474  0.35276298
   0.33216727  0.16860604  0.50013102
   0.33216727  0.66860610  1.00013105
   0.83216727  0.83139390  0.49986895
   0.83216727  0.33139396 -0.00013105
   0.28493437  0.24311699  0.34494217
   0.28493437  0.74311699  0.84494219
   0.78493434  0.75688301  0.65505781
   0.78493434  0.25688303  0.15505782
