   0.25418726  0.25042909  0.10736017
   0.23344062  0.27297272  0.21976894
   0.25418726  0.75042909  0.60736018
   0.23344062  0.77297275  0.71976890
   0.75418723  0.74957091  0.89263982
   0.73344058  0.72702725  0.78023110
   0.75418723  0.24957091  0.39263984
   0.73344058  0.22702726  0.28023104
   0.75503715  0.75018595  0.10760991
   0.73785530  0.72235075  0.21936957
   0.75503715  0.25018598  0.60760993
   0.73785530  0.22235073  0.71936960
   0.25503717  0.24981402  0.89239007
   0.23785532  0.27764928  0.78063040
   0.25503717  0.74981405  0.39239010
   0.23785532  0.77764925  0.28063043
   0.24371725  0.24300622  0.00097089
   0.24371725  0.74300622  0.50097089
   0.74371724  0.75699378  0.99902911
   0.74371724  0.25699378  0.49902905
   0.79622358  0.75112323  0.34592320
   0.79622358  0.25112323  0.84592320
   0.79213988  0.75212705  0.44954181
   0.79213988  0.25212705  0.94954178
   0.29213988  0.24787296  0.55045822
   0.29622361  0.24887677  0.65407680
   0.29622361  0.74887677  0.15407680
   0.29213988  0.74787295  0.05045821
   0.28994572  0.24612971  0.44943230
   0.28994572  0.74612971  0.94943230
   0.78994572  0.75387029  0.55056770
   0.78994572  0.25387029  0.05056769
   0.60269811  0.55383191  0.05470574
   0.31858485  0.31942051  0.40432255
   0.52605361  0.47394300  0.13718863
   0.29384924  0.18348080  0.30315446
   0.50295829  0.49621679  0.25136524
   0.01022121  0.95982925  0.03825958
   0.10558988  0.05174116  0.14989089
   0.60269811  0.05383192  0.55470571
   0.31858485  0.81942051  0.90432255
   0.52605361  0.97394303  0.63718861
   0.29384924  0.68348077  0.80315446
   0.50295829  0.99621682  0.75136527
   0.01022121  0.45982928  0.53825958
   0.10558988  0.55174121  0.64989092
   0.10269814  0.44616806  0.94529429
   0.81858485  0.68057949  0.59567745
   0.02605358  0.52605697  0.86281139
   0.79384930  0.81651923  0.69684554
   0.00295831  0.50378318  0.74863473
   0.51022121  0.04017073  0.96174042
   0.60558990  0.94825879  0.85010908
   0.10269814  0.94616809  0.44529426
   0.81858485  0.18057949  0.09567746
   0.02605358  0.02605699  0.36281139
   0.79384930  0.31651923  0.19684554
   0.00295831  0.00378321  0.24863475
   0.51022121  0.54017075  0.46174039
   0.60558990  0.44825885  0.35010911
   0.10712467  0.44103594  0.05340860
   0.82113077  0.68080727  0.40360678
   0.02893822  0.52607355  0.13736323
   0.79311541  0.81209273  0.30432786
   0.00248783  0.50597416  0.25124799
   0.50641823  0.04483585  0.03929697
   0.60602554  0.94299014  0.15040639
   0.10712467  0.94103591  0.55340864
   0.82113077  0.18080728  0.90360681
   0.02893822  0.02607353  0.63736320
   0.79311541  0.31209276  0.80432783
   0.00248783  0.00597417  0.75124799
   0.50641823  0.54483586  0.53929695
   0.60602554  0.44299014  0.65040642
   0.60712465  0.55896409  0.94659136
   0.32113074  0.31919273  0.59639319
   0.52893816  0.47392648  0.86263680
   0.29311544  0.18790727  0.69567217
   0.50248786  0.49402584  0.74875201
   0.00641823  0.95516414  0.96070305
   0.10602554  0.05700984  0.84959358
   0.60712465  0.05896405  0.44659142
   0.32113074  0.81919273  0.09639320
   0.52893816  0.97392645  0.36263677
   0.29311544  0.68790727  0.19567212
   0.50248786  0.99402584  0.24875198
   0.00641823  0.45516417  0.46070305
   0.10602554  0.55700986  0.34959364
   0.31880327  0.16258850  0.50009338
   0.31880327  0.66258856  1.00009341
   0.81880327  0.83741144  0.49990659
   0.81880327  0.33741150 -0.00009341
   0.29345395  0.24857157  0.34529133
   0.29345395  0.74857157  0.84529136
   0.79345392  0.75142843  0.65470864
   0.79345392  0.25142845  0.15470865
