   0.25151228  0.24969783  0.10710880
   0.22718611  0.26981825  0.21986639
   0.25151228  0.74969783  0.60710882
   0.22718611  0.76981828  0.71986634
   0.75151225  0.75030217  0.89289118
   0.72718607  0.73018172  0.78013366
   0.75151225  0.25030217  0.39289121
   0.72718607  0.23018173  0.28013360
   0.75697068  0.75066359  0.10727227
   0.74302142  0.72020028  0.21940199
   0.75697068  0.25066362  0.60727229
   0.74302142  0.22020026  0.71940202
   0.25697069  0.24933638  0.89272771
   0.24302143  0.27979975  0.78059798
   0.25697069  0.74933641  0.39272774
   0.24302143  0.77979972  0.28059801
   0.24719268  0.24617447  0.00033083
   0.24719268  0.74617447  0.50033083
   0.74719266  0.75382553  0.99966917
   0.74719266  0.25382553  0.49966911
   0.79620439  0.75101435  0.34633328
   0.79620439  0.25101435  0.84633328
   0.79412362  0.75173619  0.45003294
   0.79412362  0.25173619  0.95003291
   0.29412362  0.24826383  0.54996709
   0.29620442  0.24898565  0.65366672
   0.29620442  0.74898565  0.15366672
   0.29412362  0.74826381  0.04996708
   0.29318247  0.24811015  0.45010105
   0.29318247  0.74811015  0.95010105
   0.79318247  0.75188985  0.54989895
   0.79318247  0.25188985  0.04989895
   0.60470673  0.55445307  0.05311342
   0.31691790  0.31793454  0.40525438
   0.52654447  0.47450195  0.13783480
   0.30051593  0.18460422  0.30224482
   0.50201650  0.49724502  0.25090837
   0.01514120  0.96217125  0.03810469
   0.09828991  0.04821944  0.14871402
   0.60470673  0.05445308  0.55311340
   0.31691790  0.81793454  0.90525438
   0.52654447  0.97450198  0.63783479
   0.30051593  0.68460420  0.80224482
   0.50201650  0.99724504  0.75090840
   0.01514120  0.46217128  0.53810468
   0.09828991  0.54821949  0.64871405
   0.10470676  0.44554690  0.94688660
   0.81691790  0.68206546  0.59474562
   0.02654445  0.52549802  0.86216521
   0.80051599  0.81539580  0.69775518
   0.00201651  0.50275496  0.74909160
   0.51514120  0.03782872  0.96189532
   0.59828992  0.95178051  0.85128595
   0.10470676  0.94554693  0.44688657
   0.81691790  0.18206546  0.09474563
   0.02654445  0.02549804  0.36216521
   0.80051599  0.31539580  0.19775518
   0.00201651  0.00275499  0.24909161
   0.51514120  0.53782875  0.46189529
   0.59828992  0.45178057  0.35128598
   0.10534075  0.44608566  0.05277842
   0.81386368  0.68482024  0.40455584
   0.02734127  0.52446273  0.13784159
   0.78809009  0.80677937  0.30388280
   0.00293972  0.50708253  0.25148259
   0.51332226  0.03896898  0.03851652
   0.60121778  0.94934071  0.14893657
   0.10534075  0.94608563  0.55277846
   0.81386368  0.18482025  0.90455587
   0.02734127  0.02446270  0.63784156
   0.78809009  0.30677940  0.80388277
   0.00293972  0.00708253  0.75148259
   0.51332226  0.53896899  0.53851650
   0.60121778  0.44934071  0.64893660
   0.60534073  0.55391437  0.94722154
   0.31386365  0.31517976  0.59544413
   0.52734122  0.47553730  0.86215844
   0.28809012  0.19322063  0.69611723
   0.50293975  0.49291747  0.74851741
   0.01332226  0.96103101  0.96148350
   0.10121778  0.05065927  0.85106340
   0.60534073  0.05391433  0.44722160
   0.31386365  0.81517976  0.09544415
   0.52734122  0.97553727  0.36215841
   0.28809012  0.69322063  0.19611718
   0.50293975  0.99291747  0.24851738
   0.01332226  0.46103104  0.46148350
   0.10121778  0.55065929  0.35106346
   0.32192483  0.16939030  0.50012965
   0.32192483  0.66939036  1.00012968
   0.82192483  0.83060964  0.49987032
   0.82192483  0.33060970 -0.00012968
   0.29243318  0.24729796  0.34481836
   0.29243318  0.74729796  0.84481839
   0.79243315  0.75270204  0.65518161
   0.79243315  0.25270206  0.15518163
