   0.24963184  0.24510555  0.10712785
   0.21832772  0.26982014  0.21951801
   0.24963184  0.74510555  0.60712787
   0.21832772  0.76982017  0.71951796
   0.74963181  0.75489445  0.89287213
   0.71832768  0.73017983  0.78048204
   0.74963181  0.25489445  0.39287216
   0.71832768  0.23017985  0.28048198
   0.75415709  0.75999353  0.10758136
   0.74433513  0.72232975  0.21976342
   0.75415709  0.25999356  0.60758138
   0.74433513  0.22232973  0.71976345
   0.25415710  0.24000644  0.89241862
   0.24433515  0.27767028  0.78023655
   0.25415710  0.74000647  0.39241865
   0.24433515  0.77767025  0.28023658
   0.25821731  0.24369873 -0.00004245
   0.25821731  0.74369873  0.49995755
   0.75821729  0.75630127  1.00004245
   0.75821729  0.25630127  0.50004239
   0.78714226  0.75339751  0.34652316
   0.78714226  0.25339751  0.84652316
   0.80308742  0.75336753  0.45053928
   0.80308742  0.25336753  0.95053925
   0.30308742  0.24663249  0.54946075
   0.28714229  0.24660249  0.65347684
   0.28714229  0.74660249  0.15347684
   0.30308742  0.74663247  0.04946073
   0.30239634  0.24583309  0.45077116
   0.30239634  0.74583309  0.95077116
   0.80239634  0.75416691  0.54922884
   0.80239634  0.25416691  0.04922884
   0.61845142  0.55936287  0.05264985
   0.31860788  0.31605653  0.40623134
   0.52357790  0.48078559  0.13848257
   0.30797853  0.18867991  0.30222721
   0.50006480  0.49767220  0.25060370
   0.02611559  0.96286492  0.03771166
   0.07277187  0.03269013  0.14642211
   0.61845142  0.05936288  0.55264983
   0.31860788  0.81605653  0.90623134
   0.52357790  0.98078562  0.63848256
   0.30797853  0.68867988  0.80222721
   0.50006480  0.99767223  0.75060373
   0.02611559  0.46286495  0.53771165
   0.07277187  0.53269018  0.64642214
   0.11845145  0.44063710  0.94735017
   0.81860788  0.68394347  0.59376866
   0.02357787  0.51921438  0.86151744
   0.80797859  0.81132012  0.69777279
   0.00006482  0.50232777  0.74939627
   0.52611559  0.03713506  0.96228835
   0.57277189  0.96730982  0.85357786
   0.11845145  0.94063713  0.44735014
   0.81860788  0.18394347  0.09376867
   0.02357787  0.01921440  0.36151744
   0.80797859  0.31132012  0.19777279
   0.00006482  0.00232780  0.24939629
   0.52611559  0.53713508  0.46228832
   0.57277189  0.46730988  0.35357789
   0.11816951  0.44269445  0.05262155
   0.81644306  0.68710487  0.40537888
   0.02420192  0.51795129  0.13774393
   0.77586708  0.80104759  0.30390345
   0.00179956  0.50832664  0.25147630
   0.52475362  0.03801177  0.03793440
   0.57699033  0.96679202  0.14734397
   0.11816951  0.94269442  0.55262159
   0.81644306  0.18710489  0.90537891
   0.02420192  0.01795126  0.63774390
   0.77586708  0.30104762  0.80390342
   0.00179956  0.00832665  0.75147630
   0.52475362  0.53801178  0.53793438
   0.57699033  0.46679202  0.64734400
   0.61816950  0.55730558  0.94737841
   0.31644303  0.31289513  0.59462109
   0.52420186  0.48204874  0.86225610
   0.27586711  0.19895241  0.69609658
   0.50179960  0.49167336  0.74852370
   0.02475363  0.96198822  0.96206562
   0.07699034  0.03320796  0.85265600
   0.61816950  0.05730554  0.44737847
   0.31644303  0.81289513  0.09462111
   0.52420186  0.98204871  0.36225607
   0.27586711  0.69895241  0.19609654
   0.50179960  0.99167336  0.24852367
   0.02475363  0.46198825  0.46206562
   0.07699034  0.53320798  0.35265606
   0.33139538  0.16876562  0.50012998
   0.33139538  0.66876568  1.00013000
   0.83139538  0.83123432  0.49987000
   0.83139538  0.33123438 -0.00013000
   0.28551626  0.24340142  0.34495674
   0.28551626  0.74340142  0.84495677
   0.78551623  0.75659858  0.65504323
   0.78551623  0.25659859  0.15504324
