   0.24958895  0.24614144  0.10705837
   0.21924584  0.26977986  0.21953159
   0.24958895  0.74614144  0.60705839
   0.21924584  0.76977989  0.71953154
   0.74958892  0.75385856  0.89294161
   0.71924579  0.73022011  0.78046846
   0.74958892  0.25385856  0.39294164
   0.71924579  0.23022012  0.28046840
   0.75412066  0.75832515  0.10745595
   0.74470466  0.72226151  0.21974127
   0.75412066  0.25832518  0.60745597
   0.74470466  0.22226150  0.71974130
   0.25412068  0.24167482  0.89254403
   0.24470468  0.27773852  0.78025870
   0.25412068  0.74167485  0.39254406
   0.24470468  0.77773849  0.28025873
   0.25637699  0.24419947 -0.00003128
   0.25637699  0.74419947  0.49996872
   0.75637698  0.75580053  1.00003128
   0.75637698  0.25580053  0.50003122
   0.78851465  0.75288246  0.34652809
   0.78851465  0.25288246  0.84652809
   0.80145753  0.75306577  0.45050492
   0.80145753  0.25306577  0.95050489
   0.30145753  0.24693425  0.54949511
   0.28851468  0.24711754  0.65347191
   0.28851468  0.74711754  0.15347191
   0.30145753  0.74693423  0.04949510
   0.30081644  0.24628345  0.45071844
   0.30081644  0.74628345  0.95071844
   0.80081644  0.75371655  0.54928156
   0.80081644  0.25371655  0.04928156
   0.61599812  0.55840068  0.05263367
   0.31840312  0.31643789  0.40613583
   0.52371196  0.47943658  0.13835996
   0.30812010  0.18835430  0.30226013
   0.50068163  0.49762991  0.25061473
   0.02443428  0.96292460  0.03773957
   0.07718795  0.03570183  0.14672587
   0.61599812  0.05840069  0.55263365
   0.31840312  0.81643789  0.90613583
   0.52371196  0.97943661  0.63835995
   0.30812010  0.68835427  0.80226013
   0.50068163  0.99762994  0.75061476
   0.02443428  0.46292463  0.53773957
   0.07718795  0.53570188  0.64672590
   0.11599815  0.44159929  0.94736635
   0.81840312  0.68356211  0.59386417
   0.02371193  0.52056339  0.86164005
   0.80812016  0.81164573  0.69773987
   0.00068164  0.50237006  0.74938524
   0.52443428  0.03707538  0.96226043
   0.57718797  0.96429812  0.85327410
   0.11599815  0.94159932  0.44736632
   0.81840312  0.18356211  0.09386419
   0.02371193  0.02056341  0.36164005
   0.80812016  0.31164573  0.19773987
   0.00068164  0.00237009  0.24938526
   0.52443428  0.53707540  0.46226040
   0.57718797  0.46429818  0.35327413
   0.11572159  0.44352989  0.05258399
   0.81604432  0.68681405  0.40530546
   0.02432546  0.51939619  0.13769181
   0.77739779  0.80157016  0.30393176
   0.00237560  0.50828784  0.25147349
   0.52309116  0.03787680  0.03797459
   0.58120289  0.96377846  0.14754012
   0.11572159  0.94352986  0.55258403
   0.81604432  0.18681407  0.90530549
   0.02432546  0.01939616  0.63769178
   0.77739779  0.30157019  0.80393173
   0.00237560  0.00828784  0.75147349
   0.52309116  0.53787680  0.53797456
   0.58120289  0.46377846  0.64754015
   0.61572157  0.55647014  0.94741597
   0.31604429  0.31318595  0.59469451
   0.52432540  0.48060384  0.86230822
   0.27739782  0.19842984  0.69606827
   0.50237564  0.49171216  0.74852651
   0.02309117  0.96212320  0.96202544
   0.08120290  0.03622152  0.85245985
   0.61572157  0.05647010  0.44741603
   0.31604429  0.81318595  0.09469452
   0.52432540  0.98060381  0.36230819
   0.27739782  0.69842984  0.19606823
   0.50237564  0.99171216  0.24852648
   0.02309117  0.46212323  0.46202544
   0.08120290  0.53622154  0.35245991
   0.32979788  0.16908651  0.50012770
   0.32979788  0.66908657  1.00012773
   0.82979788  0.83091343  0.49987227
   0.82979788  0.33091349 -0.00012773
   0.28668027  0.24398274  0.34496524
   0.28668027  0.74398274  0.84496527
   0.78668024  0.75601726  0.65503473
   0.78668024  0.25601727  0.15503475
