   0.25056415  0.24900933  0.10702117
   0.22470992  0.26958806  0.21976062
   0.25056415  0.74900933  0.60702119
   0.22470992  0.76958809  0.71976057
   0.75056412  0.75099067  0.89297881
   0.72470988  0.73041191  0.78023943
   0.75056412  0.25099067  0.39297884
   0.72470988  0.23041192  0.28023937
   0.75603335  0.75199840  0.10721710
   0.74416049  0.72093710  0.21951232
   0.75603335  0.25199843  0.60721712
   0.74416049  0.22093708  0.71951235
   0.25603336  0.24800157  0.89278288
   0.24416050  0.27906293  0.78048765
   0.25603336  0.74800160  0.39278291
   0.24416050  0.77906290  0.28048768
   0.24919880  0.24602755  0.00011103
   0.24919880  0.74602755  0.50011103
   0.74919879  0.75397245  0.99988897
   0.74919879  0.25397245  0.49988891
   0.79459069  0.75127131  0.34645487
   0.79459069  0.25127131  0.84645487
   0.79542145  0.75195464  0.45019095
   0.79542145  0.25195464  0.95019092
   0.29542145  0.24804538  0.54980908
   0.29459072  0.24872869  0.65354513
   0.29459072  0.74872869  0.15354513
   0.29542145  0.74804536  0.04980907
   0.29479438  0.24794582  0.45032395
   0.29479438  0.74794582  0.95032395
   0.79479438  0.75205418  0.54967605
   0.79479438  0.25205418  0.04967604
   0.60683783  0.55508539  0.05280246
   0.31744855  0.31774288  0.40557745
   0.52566410  0.47522689  0.13796526
   0.30387005  0.18640820  0.30219778
   0.50208913  0.49746570  0.25077815
   0.01738608  0.96268041  0.03795950
   0.09385210  0.04585567  0.14818860
   0.60683783  0.05508539  0.55280244
   0.31744855  0.81774288  0.90557745
   0.52566410  0.97522692  0.63796525
   0.30387005  0.68640817  0.80219778
   0.50208913  0.99746573  0.75077818
   0.01738608  0.46268044  0.53795949
   0.09385210  0.54585572  0.64818863
   0.10683786  0.44491458  0.94719756
   0.81744855  0.68225712  0.59442255
   0.02566407  0.52477308  0.86203475
   0.80387011  0.81359183  0.69780222
   0.00208914  0.50253427  0.74922182
   0.51738608  0.03731957  0.96204051
   0.59385212  0.95414428  0.85181137
   0.10683786  0.94491461  0.44719753
   0.81744855  0.18225712  0.09442257
   0.02566407  0.02477310  0.36203475
   0.80387011  0.31359183  0.19780222
   0.00208914  0.00253430  0.24922183
   0.51738608  0.53731959  0.46204048
   0.59385212  0.45414434  0.35181140
   0.10689363  0.44607985  0.05261944
   0.81382344  0.68559766  0.40481632
   0.02622731  0.52370520  0.13780491
   0.78560268  0.80461534  0.30388722
   0.00331555  0.50753359  0.25150058
   0.51589355  0.03805328  0.03829444
   0.59695461  0.95258740  0.14845787
   0.10689363  0.94607982  0.55261948
   0.81382344  0.18559768  0.90481634
   0.02622731  0.02370518  0.63780488
   0.78560268  0.30461537  0.80388719
   0.00331555  0.00753359  0.75150058
   0.51589355  0.53805329  0.53829441
   0.59695461  0.45258740  0.64845790
   0.60689361  0.55392018  0.94738052
   0.31382341  0.31440234  0.59518366
   0.52622726  0.47629483  0.86219512
   0.28560271  0.19538466  0.69611281
   0.50331558  0.49246641  0.74849942
   0.01589356  0.96194671  0.96170559
   0.09695462  0.04741258  0.85154210
   0.60689361  0.05392014  0.44738058
   0.31382341  0.81440234  0.09518367
   0.52622726  0.97629480  0.36219509
   0.28560271  0.69538466  0.19611277
   0.50331558  0.99246641  0.24849939
   0.01589356  0.46194674  0.46170559
   0.09695462  0.54741260  0.35154216
   0.32341350  0.16992403  0.50012365
   0.32341350  0.66992409  1.00012368
   0.82341350  0.83007591  0.49987632
   0.82341350  0.33007597 -0.00012368
   0.29125451  0.24654459  0.34483786
   0.29125451  0.74654459  0.84483789
   0.79125448  0.75345541  0.65516211
   0.79125448  0.25345542  0.15516213
