   0.24974771  0.24392174  0.10722271
   0.21755002  0.26983338  0.21952159
   0.24974771  0.74392174  0.60722273
   0.21755002  0.76983341  0.71952155
   0.74974768  0.75607826  0.89277727
   0.71754998  0.73016659  0.78047845
   0.74974768  0.25607826  0.39277730
   0.71754998  0.23016660  0.28047839
   0.75432723  0.76165193  0.10772505
   0.74390881  0.72238487  0.21978838
   0.75432723  0.26165196  0.60772508
   0.74390881  0.22238485  0.71978841
   0.25432725  0.23834804  0.89227492
   0.24390882  0.27761516  0.78021159
   0.25432725  0.73834807  0.39227495
   0.24390882  0.77761513  0.28021162
   0.26000677  0.24319692 -0.00005040
   0.26000677  0.74319692  0.49994960
   0.76000675  0.75680308  1.00005040
   0.76000675  0.25680308  0.50005034
   0.78580283  0.75395571  0.34649597
   0.78580283  0.25395571  0.84649597
   0.80469425  0.75371286  0.45057234
   0.80469425  0.25371286  0.95057231
   0.30469425  0.24628716  0.54942769
   0.28580286  0.24604429  0.65350403
   0.28580286  0.74604429  0.15350403
   0.30469425  0.74628714  0.04942768
   0.30396629  0.24538292  0.45082468
   0.30396629  0.74538292  0.95082468
   0.80396629  0.75461708  0.54917532
   0.80396629  0.25461708  0.04917531
   0.62088829  0.56028935  0.05267584
   0.31887330  0.31571752  0.40631893
   0.52362084  0.48233226  0.13861672
   0.30765572  0.18911083  0.30219006
   0.49946059  0.49772790  0.25059759
   0.02778412  0.96276830  0.03768780
   0.06813940  0.02948843  0.14612964
   0.62088829  0.06028936  0.55267582
   0.31887330  0.81571752  0.90631893
   0.52362084  0.98233229  0.63861671
   0.30765572  0.68911080  0.80219006
   0.49946059  0.99772793  0.75059762
   0.02778412  0.46276833  0.53768779
   0.06813940  0.52948848  0.64612967
   0.12088832  0.43971062  0.94732418
   0.81887330  0.68428248  0.59368107
   0.02362081  0.51766771  0.86138329
   0.80765578  0.81088920  0.69780994
  -0.00053940  0.50227207  0.74940238
   0.52778412  0.03723168  0.96231221
   0.56813941  0.97051152  0.85387033
   0.12088832  0.93971065  0.44732415
   0.81887330  0.18428248  0.09368108
   0.02362081  0.01766773  0.36138329
   0.80765578  0.31088920  0.19780994
  -0.00053940  0.00227210  0.24940239
   0.52778412  0.53723170  0.46231218
   0.56813941  0.47051158  0.35387036
   0.12062418  0.44181644  0.05266620
   0.81667868  0.68739248  0.40544852
   0.02419768  0.51633842  0.13782441
   0.77462481  0.80048832  0.30386082
   0.00122104  0.50834697  0.25148033
   0.52640785  0.03815605  0.03790658
   0.57250591  0.97008285  0.14711982
   0.12062418  0.94181641  0.55266624
   0.81667868  0.18739250  0.90544854
   0.02419768  0.01633840  0.63782438
   0.77462481  0.30048834  0.80386079
   0.00122104  0.00834698  0.75148033
   0.52640785  0.53815606  0.53790655
   0.57250591  0.47008285  0.64711985
   0.62062416  0.55818359  0.94733376
   0.31667865  0.31260752  0.59455146
   0.52419762  0.48366161  0.86217562
   0.27462484  0.19951168  0.69613921
   0.50122107  0.49165303  0.74851967
   0.02640785  0.96184394  0.96209345
   0.07250592  0.02991713  0.85288015
   0.62062416  0.05818354  0.44733382
   0.31667865  0.81260752  0.09455147
   0.52419762  0.98366158  0.36217559
   0.27462484  0.69951168  0.19613916
   0.50122107  0.99165303  0.24851964
   0.02640785  0.46184397  0.46209345
   0.07250592  0.52991715  0.35288021
   0.33296774  0.16843675  0.50013146
   0.33296774  0.66843681  1.00013149
   0.83296774  0.83156319  0.49986851
   0.83296774  0.33156325 -0.00013149
   0.28434579  0.24283305  0.34492976
   0.28434579  0.74283305  0.84492979
   0.78434576  0.75716695  0.65507021
   0.78434576  0.25716697  0.15507022
