   0.24958782  0.24622125  0.10705184
   0.21933889  0.26977603  0.21953303
   0.24958782  0.74622125  0.60705186
   0.21933889  0.76977606  0.71953299
   0.74958779  0.75377875  0.89294814
   0.71933885  0.73022394  0.78046701
   0.74958779  0.25377875  0.39294817
   0.71933885  0.23022395  0.28046695
   0.75414163  0.75818468  0.10744381
   0.74473169  0.72226235  0.21973798
   0.75414163  0.25818471  0.60744383
   0.74473169  0.22226233  0.71973801
   0.25414165  0.24181529  0.89255617
   0.24473170  0.27773768  0.78026199
   0.25414165  0.74181532  0.39255620
   0.24473170  0.77773765  0.28026202
   0.25623449  0.24424679 -0.00002996
   0.25623449  0.74424679  0.49997004
   0.75623448  0.75575321  1.00002996
   0.75623448  0.25575321  0.50002990
   0.78860886  0.75281436  0.34652509
   0.78860886  0.25281436  0.84652509
   0.80136440  0.75304057  0.45050157
   0.80136440  0.25304057  0.95050154
   0.30136440  0.24695945  0.54949846
   0.28860889  0.24718564  0.65347491
   0.28860889  0.74718564  0.15347491
   0.30136440  0.74695943  0.04949845
   0.30072425  0.24632015  0.45071288
   0.30072425  0.74632015  0.95071288
   0.80072425  0.75367985  0.54928712
   0.80072425  0.25367985  0.04928711
   0.61576859  0.55829252  0.05263496
   0.31838187  0.31646921  0.40612457
   0.52368718  0.47933064  0.13834570
   0.30811186  0.18832642  0.30225582
   0.50075302  0.49762315  0.25061614
   0.02427665  0.96291619  0.03774415
   0.07761262  0.03600335  0.14675748
   0.61576859  0.05829253  0.55263494
   0.31838187  0.81646921  0.90612457
   0.52368718  0.97933067  0.63834569
   0.30811186  0.68832639  0.80225582
   0.50075302  0.99762318  0.75061617
   0.02427665  0.46291622  0.53774414
   0.07761262  0.53600340  0.64675751
   0.11576862  0.44170745  0.94736506
   0.81838187  0.68353079  0.59387543
   0.02368715  0.52066933  0.86165431
   0.80811192  0.81167361  0.69774418
   0.00075303  0.50237682  0.74938383
   0.52427665  0.03708378  0.96225586
   0.57761263  0.96399660  0.85324249
   0.11576862  0.94170748  0.44736503
   0.81838187  0.18353079  0.09387544
   0.02368715  0.02066935  0.36165431
   0.80811192  0.31167361  0.19774418
   0.00075303  0.00237685  0.24938384
   0.52427665  0.53708381  0.46225583
   0.57761263  0.46399666  0.35324252
   0.11548943  0.44362183  0.05258268
   0.81599558  0.68679236  0.40529484
   0.02433174  0.51954309  0.13768649
   0.77756770  0.80161543  0.30393038
   0.00243638  0.50828228  0.25147352
   0.52293916  0.03787736  0.03798081
   0.58159469  0.96345383  0.14755923
   0.11548943  0.94362180  0.55258272
   0.81599558  0.18679238  0.90529487
   0.02433174  0.01954306  0.63768646
   0.77756770  0.30161546  0.80393035
   0.00243638  0.00828228  0.75147352
   0.52293916  0.53787737  0.53798079
   0.58159469  0.46345383  0.64755926
   0.61548942  0.55637820  0.94741728
   0.31599555  0.31320764  0.59470513
   0.52433168  0.48045694  0.86231354
   0.27756773  0.19838457  0.69606965
   0.50243642  0.49171772  0.74852648
   0.02293917  0.96212263  0.96201921
   0.08159469  0.03654615  0.85244074
   0.61548942  0.05637816  0.44741734
   0.31599555  0.81320764  0.09470515
   0.52433168  0.98045691  0.36231351
   0.27756773  0.69838457  0.19606961
   0.50243642  0.99171772  0.24852645
   0.02293917  0.46212266  0.46201921
   0.08159469  0.53654617  0.35244080
   0.32962831  0.16912176  0.50012759
   0.32962831  0.66912182  1.00012762
   0.82962831  0.83087818  0.49987238
   0.82962831  0.33087824 -0.00012762
   0.28669304  0.24397671  0.34496401
   0.28669304  0.74397671  0.84496404
   0.78669301  0.75602329  0.65503596
   0.78669301  0.25602330  0.15503598
