   0.25030049  0.24117033  0.10745436
   0.21626693  0.26981026  0.21952577
   0.25030049  0.74117033  0.60745438
   0.21626693  0.76981029  0.71952572
   0.75030046  0.75882967  0.89254562
   0.71626688  0.73018971  0.78047428
   0.75030046  0.25882967  0.39254565
   0.71626688  0.23018972  0.28047422
   0.75492357  0.76492854  0.10800765
   0.74300387  0.72244620  0.21981996
   0.75492357  0.26492857  0.60800767
   0.74300387  0.22244618  0.71981999
   0.25492359  0.23507143  0.89199233
   0.24300389  0.27755383  0.78018001
   0.25492359  0.73507146  0.39199236
   0.24300389  0.77755380  0.28018004
   0.26349599  0.24216764 -0.00004889
   0.26349599  0.74216764  0.49995111
   0.76349598  0.75783236  1.00004889
   0.76349598  0.25783236  0.50004883
   0.78323151  0.75499300  0.34643307
   0.78323151  0.25499300  0.84643307
   0.80775070  0.75446649  0.45062079
   0.80775070  0.25446649  0.95062076
   0.30775070  0.24553352  0.54937924
   0.28323154  0.24500700  0.65356693
   0.28323154  0.74500700  0.15356693
   0.30775070  0.74553351  0.04937923
   0.30703698  0.24452450  0.45090685
   0.30703698  0.74452450  0.95090685
   0.80703698  0.75547550  0.54909315
   0.80703698  0.25547550  0.04909315
   0.62551665  0.56206403  0.05276267
   0.31954621  0.31511720  0.40647079
   0.52428598  0.48617027  0.13890944
   0.30684776  0.19014528  0.30208237
   0.49841757  0.49781958  0.25059820
   0.03094791  0.96258563  0.03762241
   0.05857806  0.02287105  0.14561622
   0.62551665  0.06206404  0.55276265
   0.31954621  0.81511720  0.90647079
   0.52428598  0.98617030  0.63890943
   0.30684776  0.69014525  0.80208237
   0.49841757  0.99781961  0.75059823
   0.03094791  0.46258566  0.53762240
   0.05857806  0.52287110  0.64561625
   0.12551668  0.43793594  0.94723735
   0.81954621  0.68488280  0.59352921
   0.02428595  0.51382970  0.86109057
   0.80684782  0.80985475  0.69791763
  -0.00158242  0.50218039  0.74940177
   0.53094792  0.03741434  0.96237760
   0.55857808  0.97712890  0.85438375
   0.12551668  0.93793597  0.44723732
   0.81954621  0.18488280  0.09352922
   0.02428595  0.01382972  0.36109057
   0.80684782  0.30985475  0.19791763
  -0.00158242  0.00218042  0.24940178
   0.53094792  0.53741437  0.46237757
   0.55857808  0.47712896  0.35438378
   0.12541090  0.43994485  0.05276233
   0.81648483  0.68793943  0.40557155
   0.02458415  0.51284185  0.13804074
   0.77294124  0.79918002  0.30376042
   0.00021956  0.50837875  0.25148645
   0.52953460  0.03835193  0.03786691
   0.56281443  0.97754480  0.14657926
   0.12541090  0.93994482  0.55276237
   0.81648483  0.18793945  0.90557158
   0.02458415  0.01284182  0.63804071
   0.77294124  0.29918005  0.80376039
   0.00021956  0.00837876  0.75148645
   0.52953460  0.53835194  0.53786689
   0.56281443  0.47754480  0.64657929
   0.62541089  0.56005518  0.94723763
   0.31648480  0.31206057  0.59442842
   0.52458409  0.48715818  0.86195929
   0.27294127  0.20081998  0.69623961
   0.50021959  0.49162125  0.74851355
   0.02953461  0.96164806  0.96213311
   0.06281444  0.02245518  0.85342071
   0.62541089  0.06005514  0.44723769
   0.31648480  0.81206057  0.09442843
   0.52458409  0.98715815  0.36195926
   0.27294127  0.70081998  0.19623957
   0.50021959  0.99162125  0.24851352
   0.02953461  0.46164809  0.46213311
   0.06281444  0.52245520  0.35342077
   0.33586677  0.16776220  0.50013396
   0.33586677  0.66776226  1.00013398
   0.83586677  0.83223774  0.49986602
   0.83586677  0.33223780 -0.00013398
   0.28199318  0.24158193  0.34485132
   0.28199318  0.74158193  0.84485135
   0.78199315  0.75841807  0.65514865
   0.78199315  0.25841808  0.15514867
