   0.25004523  0.24844701  0.10697620
   0.22296449  0.26958630  0.21967305
   0.25004523  0.74844701  0.60697621
   0.22296449  0.76958633  0.71967300
   0.75004520  0.75155299  0.89302379
   0.72296445  0.73041367  0.78032700
   0.75004520  0.25155299  0.39302381
   0.72296445  0.23041368  0.28032694
   0.75522420  0.75334765  0.10721043
   0.74465201  0.72146625  0.21959296
   0.75522420  0.25334768  0.60721046
   0.74465201  0.22146624  0.71959299
   0.25522422  0.24665232  0.89278954
   0.24465202  0.27853378  0.78040701
   0.25522422  0.74665235  0.39278957
   0.24465202  0.77853375  0.28040704
   0.25087869  0.24564740  0.00003367
   0.25087869  0.74564740  0.50003367
   0.75087867  0.75435260  0.99996633
   0.75087867  0.25435260  0.49996627
   0.79308865  0.75158981  0.34651691
   0.79308865  0.25158981  0.84651691
   0.79670732  0.75222327  0.45031817
   0.79670732  0.25222327  0.95031814
   0.29670732  0.24777674  0.54968186
   0.29308868  0.24841019  0.65348309
   0.29308868  0.74841019  0.15348309
   0.29670732  0.74777673  0.04968185
   0.29616625  0.24761799  0.45047872
   0.29616625  0.74761799  0.95047872
   0.79616625  0.75238201  0.54952128
   0.79616625  0.25238201  0.04952127
   0.60883931  0.55573520  0.05269473
   0.31781081  0.31754895  0.40576528
   0.52500632  0.47602591  0.13805028
   0.30592779  0.18725070  0.30222112
   0.50198766  0.49753035  0.25071142
   0.01913408  0.96285543  0.03787396
   0.09003872  0.04371081  0.14779483
   0.60883931  0.05573520  0.55269471
   0.31781081  0.81754895  0.90576528
   0.52500632  0.97602594  0.63805027
   0.30592779  0.68725067  0.80222112
   0.50198766  0.99753038  0.75071145
   0.01913408  0.46285546  0.53787395
   0.09003872  0.54371086  0.64779486
   0.10883934  0.44426477  0.94730529
   0.81781081  0.68245105  0.59423472
   0.02500629  0.52397406  0.86194973
   0.80592785  0.81274933  0.69777888
   0.00198767  0.50246962  0.74928855
   0.51913408  0.03714455  0.96212605
   0.59003874  0.95628914  0.85220514
   0.10883934  0.94426480  0.44730526
   0.81781081  0.18245105  0.09423474
   0.02500629  0.02397408  0.36194973
   0.80592785  0.31274933  0.19777888
   0.00198767  0.00246965  0.24928856
   0.51913408  0.53714457  0.46212602
   0.59003874  0.45628920  0.35220517
   0.10870196  0.44567923  0.05256609
   0.81429755  0.68595779  0.40497819
   0.02551918  0.52290728  0.13773902
   0.78354330  0.80353596  0.30391909
   0.00339995  0.50784737  0.25148898
   0.51774865  0.03777748  0.03817657
   0.59328323  0.95521912  0.14817086
   0.10870196  0.94567920  0.55256613
   0.81429755  0.18595781  0.90497822
   0.02551918  0.02290725  0.63773899
   0.78354330  0.30353599  0.80391906
   0.00339995  0.00784738  0.75148898
   0.51774865  0.53777749  0.53817654
   0.59328323  0.45521912  0.64817089
   0.60870195  0.55432080  0.94743387
   0.31429752  0.31404221  0.59502178
   0.52551912  0.47709275  0.86226101
   0.28354333  0.19646404  0.69608094
   0.50339999  0.49215263  0.74851102
   0.01774865  0.96222251  0.96182346
   0.09328324  0.04478086  0.85182911
   0.60870195  0.05432076  0.44743393
   0.31429752  0.81404221  0.09502179
   0.52551912  0.97709272  0.36226098
   0.28354333  0.69646404  0.19608089
   0.50339999  0.99215263  0.24851099
   0.01774865  0.46222254  0.46182346
   0.09328324  0.54478088  0.35182917
   0.32484485  0.16989146  0.50012262
   0.32484485  0.66989152  1.00012265
   0.82484485  0.83010848  0.49987735
   0.82484485  0.33010854 -0.00012265
   0.29018964  0.24592227  0.34488955
   0.29018964  0.74592227  0.84488958
   0.79018961  0.75407773  0.65511042
   0.79018961  0.25407774  0.15511043
