   0.24961276  0.24537049  0.10710882
   0.21852536  0.26981896  0.21952112
   0.24961276  0.74537049  0.60710884
   0.21852536  0.76981899  0.71952108
   0.74961273  0.75462951  0.89289116
   0.71852531  0.73018101  0.78047892
   0.74961273  0.25462951  0.39289119
   0.71852531  0.23018102  0.28047886
   0.75412145  0.75958587  0.10754944
   0.74442820  0.72229624  0.21975940
   0.75412145  0.25958590  0.60754947
   0.74442820  0.22229623  0.71975943
   0.25412147  0.24041410  0.89245053
   0.24442821  0.27770379  0.78024057
   0.25412147  0.74041413  0.39245056
   0.24442821  0.77770376  0.28024060
   0.25777741  0.24381020 -0.00003992
   0.25777741  0.74381020  0.49996008
   0.75777739  0.75618980  1.00003992
   0.75777739  0.25618980  0.50003986
   0.78745937  0.75327025  0.34653298
   0.78745937  0.25327025  0.84653298
   0.80271108  0.75329184  0.45053498
   0.80271108  0.25329184  0.95053495
   0.30271108  0.24670817  0.54946505
   0.28745940  0.24672975  0.65346702
   0.28745940  0.74672975  0.15346702
   0.30271108  0.74670816  0.04946504
   0.30203259  0.24593795  0.45076161
   0.30203259  0.74593795  0.95076161
   0.80203259  0.75406205  0.54923839
   0.80203259  0.25406205  0.04923838
   0.61784043  0.55910567  0.05264352
   0.31855657  0.31615165  0.40620995
   0.52357761  0.48044675  0.13844892
   0.30804098  0.18859311  0.30224133
   0.50022662  0.49766096  0.25060573
   0.02571736  0.96287210  0.03771793
   0.07388503  0.03344318  0.14649124
   0.61784043  0.05910568  0.55264349
   0.31855657  0.81615165  0.90620995
   0.52357761  0.98044678  0.63844890
   0.30804098  0.68859308  0.80224133
   0.50022662  0.99766098  0.75060576
   0.02571736  0.46287213  0.53771792
   0.07388503  0.53344323  0.64649127
   0.11784046  0.44089430  0.94735651
   0.81855657  0.68384835  0.59379005
   0.02357759  0.51955322  0.86155110
   0.80804104  0.81140692  0.69775867
   0.00022664  0.50233902  0.74939424
   0.52571737  0.03712788  0.96228208
   0.57388505  0.96655677  0.85350873
   0.11784046  0.94089433  0.44735648
   0.81855657  0.18384835  0.09379006
   0.02357759  0.01955324  0.36155110
   0.80804104  0.31140692  0.19775867
   0.00022664  0.00233905  0.24939426
   0.52571737  0.53712790  0.46228205
   0.57388505  0.46655683  0.35350876
   0.11756326  0.44292972  0.05261009
   0.81636214  0.68702690  0.40536312
   0.02421427  0.51832363  0.13772542
   0.77622247  0.80118581  0.30391529
   0.00194775  0.50831620  0.25147484
   0.52435956  0.03798850  0.03794301
   0.57802832  0.96601386  0.14738968
   0.11756326  0.94292969  0.55261013
   0.81636214  0.18702691  0.90536315
   0.02421427  0.01832360  0.63772539
   0.77622247  0.30118584  0.80391526
   0.00194775  0.00831620  0.75147484
   0.52435956  0.53798851  0.53794298
   0.57802832  0.46601386  0.64738970
   0.61756325  0.55707031  0.94738987
   0.31636211  0.31297310  0.59463685
   0.52421421  0.48167640  0.86227461
   0.27622250  0.19881419  0.69608474
   0.50194778  0.49168380  0.74852516
   0.02435956  0.96201149  0.96205702
   0.07802833  0.03398612  0.85261030
   0.61756325  0.05707026  0.44738993
   0.31636211  0.81297310  0.09463687
   0.52421421  0.98167637  0.36227458
   0.27622250  0.69881419  0.19608469
   0.50194778  0.99168380  0.24852513
   0.02435956  0.46201152  0.46205702
   0.07802833  0.53398614  0.35261035
   0.33100122  0.16884454  0.50012968
   0.33100122  0.66884460  1.00012971
   0.83100122  0.83115540  0.49987029
   0.83100122  0.33115546 -0.00012971
   0.28578802  0.24356060  0.34497211
   0.28578802  0.74356060  0.84497214
   0.78578799  0.75643940  0.65502786
   0.78578799  0.25643941  0.15502788
