   0.24975412  0.24380361  0.10723694
   0.21744856  0.26984450  0.21952476
   0.24975412  0.74380361  0.60723696
   0.21744856  0.76984453  0.71952471
   0.74975409  0.75619639  0.89276304
   0.71744852  0.73015547  0.78047529
   0.74975409  0.25619639  0.39276307
   0.71744852  0.23015548  0.28047523
   0.75434018  0.76180230  0.10774369
   0.74386804  0.72236507  0.21979292
   0.75434018  0.26180233  0.60774371
   0.74386804  0.22236506  0.71979295
   0.25434019  0.23819767  0.89225629
   0.24386805  0.27763496  0.78020705
   0.25434019  0.73819770  0.39225632
   0.24386805  0.77763493  0.28020708
   0.26015817  0.24316012 -0.00005086
   0.26015817  0.74316012  0.49994914
   0.76015816  0.75683988  1.00005086
   0.76015816  0.25683988  0.50005080
   0.78568015  0.75398133  0.34650679
   0.78568015  0.25398133  0.84650679
   0.80484088  0.75377245  0.45057200
   0.80484088  0.25377245  0.95057197
   0.30484088  0.24622757  0.54942803
   0.28568018  0.24601867  0.65349321
   0.28568018  0.74601867  0.15349321
   0.30484088  0.74622755  0.04942802
   0.30410850  0.24531567  0.45082434
   0.30410850  0.74531567  0.95082434
   0.80410850  0.75468433  0.54917566
   0.80410850  0.25468433  0.04917566
   0.62111684  0.56037618  0.05267778
   0.31891378  0.31568664  0.40632965
   0.52363138  0.48251546  0.13862933
   0.30764549  0.18914708  0.30218638
   0.49941072  0.49773165  0.25059761
   0.02796165  0.96276660  0.03768277
   0.06768681  0.02912239  0.14610165
   0.62111684  0.06037619  0.55267775
   0.31891378  0.81568664  0.90632965
   0.52363138  0.98251549  0.63862931
   0.30764549  0.68914705  0.80218638
   0.49941072  0.99773168  0.75059764
   0.02796165  0.46276663  0.53768276
   0.06768681  0.52912244  0.64610168
   0.12111687  0.43962379  0.94732225
   0.81891378  0.68431336  0.59367035
   0.02363135  0.51748451  0.86137069
   0.80764555  0.81085295  0.69781362
  -0.00058926  0.50226832  0.74940236
   0.52796165  0.03723337  0.96231724
   0.56768682  0.97087756  0.85389832
   0.12111687  0.93962382  0.44732222
   0.81891378  0.18431336  0.09367036
   0.02363135  0.01748454  0.36137069
   0.80764555  0.31085295  0.19781362
  -0.00058926  0.00226835  0.24940237
   0.52796165  0.53723340  0.46231721
   0.56768682  0.47087762  0.35389835
   0.12086118  0.44173341  0.05266963
   0.81670363  0.68742061  0.40545694
   0.02423364  0.51618761  0.13783161
   0.77451344  0.80043572  0.30385004
   0.00116926  0.50835430  0.25148079
   0.52658060  0.03815641  0.03790183
   0.57201531  0.97042595  0.14709610
   0.12086118  0.94173338  0.55266967
   0.81670363  0.18742062  0.90545697
   0.02423364  0.01618759  0.63783158
   0.77451344  0.30043575  0.80385001
   0.00116926  0.00835431  0.75148079
   0.52658060  0.53815641  0.53790180
   0.57201531  0.47042595  0.64709613
   0.62086117  0.55826662  0.94733033
   0.31670360  0.31257939  0.59454303
   0.52423358  0.48381242  0.86216842
   0.27451347  0.19956428  0.69614999
   0.50116930  0.49164570  0.74851921
   0.02658061  0.96184359  0.96209820
   0.07201532  0.02957402  0.85290387
   0.62086117  0.05826658  0.44733039
   0.31670360  0.81257939  0.09454305
   0.52423358  0.98381239  0.36216839
   0.27451347  0.69956428  0.19614994
   0.50116930  0.99164570  0.24851918
   0.02658061  0.46184362  0.46209820
   0.07201532  0.52957405  0.35290393
   0.33314024  0.16839597  0.50013191
   0.33314024  0.66839603  1.00013194
   0.83314024  0.83160397  0.49986806
   0.83314024  0.33160403 -0.00013194
   0.28421726  0.24277508  0.34493056
   0.28421726  0.74277508  0.84493059
   0.78421723  0.75722492  0.65506941
   0.78421723  0.25722494  0.15506943
