   0.24973704  0.24763528  0.10697749
   0.22126343  0.26964394  0.21958439
   0.24973704  0.74763528  0.60697751
   0.22126343  0.76964397  0.71958435
   0.74973701  0.75236472  0.89302249
   0.72126339  0.73035603  0.78041565
   0.74973701  0.25236472  0.39302252
   0.72126339  0.23035604  0.28041559
   0.75451814  0.75524326  0.10727080
   0.74490140  0.72193509  0.21966098
   0.75451814  0.25524328  0.60727083
   0.74490140  0.22193507  0.71966101
   0.25451815  0.24475672  0.89272917
   0.24490141  0.27806494  0.78033899
   0.25451815  0.74475674  0.39272920
   0.24490141  0.77806491  0.28033902
   0.25305919  0.24507430 -0.00000350
   0.25305919  0.74507430  0.49999650
   0.75305917  0.75492570  1.00000350
   0.75305917  0.25492570  0.50000344
   0.79120503  0.75207740  0.34652662
   0.79120503  0.25207740  0.84652662
   0.79853914  0.75253484  0.45040067
   0.79853914  0.25253484  0.95040064
   0.29853914  0.24746518  0.54959936
   0.29120506  0.24792260  0.65347338
   0.29120506  0.74792260  0.15347338
   0.29853914  0.74746516  0.04959935
   0.29799994  0.24714534  0.45058084
   0.29799994  0.74714534  0.95058084
   0.79799994  0.75285466  0.54941916
   0.79799994  0.25285466  0.04941915
   0.61157797  0.55672359  0.05263917
   0.31809014  0.31716198  0.40593968
   0.52433391  0.47720841  0.13816436
   0.30745982  0.18782089  0.30225249
   0.50160817  0.49756613  0.25065762
   0.02126270  0.96294263  0.03779803
   0.08503173  0.04075888  0.14734077
   0.61157797  0.05672360  0.55263915
   0.31809014  0.81716198  0.90593968
   0.52433391  0.97720844  0.63816434
   0.30745982  0.68782086  0.80225249
   0.50160817  0.99756616  0.75065765
   0.02126270  0.46294266  0.53779802
   0.08503173  0.54075893  0.64734080
   0.11157800  0.44327638  0.94736085
   0.81809014  0.68283802  0.59406032
   0.02433388  0.52279156  0.86183566
   0.80745988  0.81217914  0.69774751
   0.00160819  0.50243384  0.74934235
   0.52126270  0.03705734  0.96220198
   0.58503175  0.95924107  0.85265920
   0.11157800  0.94327641  0.44736082
   0.81809014  0.18283802  0.09406033
   0.02433388  0.02279158  0.36183566
   0.80745988  0.31217914  0.19774751
   0.00160819  0.00243387  0.24934237
   0.52126270  0.53705737  0.46220195
   0.58503175  0.45924113  0.35265923
   0.11135683  0.44490375  0.05254618
   0.81502130  0.68632547  0.40513426
   0.02484282  0.52167271  0.13768359
   0.78093281  0.80260150  0.30395090
   0.00318086  0.50811020  0.25147625
   0.51991784  0.03771190  0.03807039
   0.58857251  0.95856270  0.14789178
   0.11135683  0.94490372  0.55254622
   0.81502130  0.18632549  0.90513429
   0.02484282  0.02167268  0.63768356
   0.78093281  0.30260152  0.80395087
   0.00318086  0.00811020  0.75147625
   0.51991784  0.53771191  0.53807037
   0.58857251  0.45856270  0.64789180
   0.61135681  0.55509628  0.94745378
   0.31502127  0.31367453  0.59486571
   0.52484276  0.47832732  0.86231644
   0.28093284  0.19739850  0.69604913
   0.50318089  0.49188980  0.74852375
   0.01991785  0.96228809  0.96192963
   0.08857252  0.04143728  0.85210820
   0.61135681  0.05509623  0.44745384
   0.31502127  0.81367453  0.09486572
   0.52484276  0.97832729  0.36231641
   0.28093284  0.69739850  0.19604909
   0.50318089  0.99188980  0.24852372
   0.01991785  0.46228812  0.46192963
   0.08857252  0.54143730  0.35210825
   0.32677549  0.16962966  0.50012381
   0.32677549  0.66962972  1.00012384
   0.82677549  0.83037028  0.49987616
   0.82677549  0.33037034 -0.00012384
   0.28881164  0.24514783  0.34494063
   0.28881164  0.74514783  0.84494065
   0.78881161  0.75485217  0.65505935
   0.78881161  0.25485218  0.15505936
