   0.25017413  0.24176400  0.10740373
   0.21651797  0.26981091  0.21952466
   0.25017413  0.74176400  0.60740374
   0.21651797  0.76981094  0.71952462
   0.75017410  0.75823600  0.89259626
   0.71651792  0.73018906  0.78047538
   0.75017410  0.25823600  0.39259629
   0.71651792  0.23018908  0.28047532
   0.75479876  0.76425400  0.10795354
   0.74320015  0.72244082  0.21981313
   0.75479876  0.26425403  0.60795356
   0.74320015  0.22244080  0.71981316
   0.25479877  0.23574597  0.89204644
   0.24320016  0.27755921  0.78018684
   0.25479877  0.73574600  0.39204647
   0.24320016  0.77755918  0.28018687
   0.26278107  0.24238562 -0.00005138
   0.26278107  0.74238562  0.49994862
   0.76278106  0.75761438  1.00005138
   0.76278106  0.25761438  0.50005132
   0.78376175  0.75479119  0.34644799
   0.78376175  0.25479119  0.84644799
   0.80712814  0.75430375  0.45060434
   0.80712814  0.25430375  0.95060431
   0.30712814  0.24569627  0.54939569
   0.28376178  0.24520881  0.65355201
   0.28376178  0.74520881  0.15355201
   0.30712814  0.74569625  0.04939568
   0.30639970  0.24470546  0.45088254
   0.30639970  0.74470546  0.95088254
   0.80639970  0.75529454  0.54911746
   0.80639970  0.25529454  0.04911745
   0.62458261  0.56171853  0.05274352
   0.31937631  0.31521510  0.40644160
   0.52407612  0.48529033  0.13884613
   0.30701570  0.18992972  0.30210454
   0.49862407  0.49780386  0.25059728
   0.03028940  0.96262263  0.03763832
   0.06060819  0.02420930  0.14571447
   0.62458261  0.06171854  0.55274350
   0.31937631  0.81521510  0.90644160
   0.52407612  0.98529036  0.63884612
   0.30701570  0.68992970  0.80210454
   0.49862407  0.99780389  0.75059731
   0.03028940  0.46262266  0.53763832
   0.06060819  0.52420935  0.64571450
   0.12458264  0.43828144  0.94725650
   0.81937631  0.68478490  0.59355840
   0.02407610  0.51470964  0.86115388
   0.80701576  0.81007030  0.69789546
  -0.00137591  0.50219611  0.74940269
   0.53028940  0.03737735  0.96236168
   0.56060820  0.97579065  0.85428550
   0.12458264  0.93828147  0.44725647
   0.81937631  0.18478490  0.09355841
   0.02407610  0.01470966  0.36115388
   0.80701576  0.31007030  0.19789546
  -0.00137591  0.00219614  0.24940271
   0.53028940  0.53737737  0.46236165
   0.56060820  0.47579071  0.35428553
   0.12443118  0.44032538  0.05274505
   0.81658071  0.68785151  0.40554567
   0.02448164  0.51359865  0.13799191
   0.77321497  0.79946275  0.30377658
   0.00041731  0.50836945  0.25148450
   0.52888412  0.03831486  0.03787390
   0.56487195  0.97588379  0.14670036
   0.12443118  0.94032535  0.55274509
   0.81658071  0.18785152  0.90554570
   0.02448164  0.01359862  0.63799188
   0.77321497  0.29946278  0.80377655
   0.00041731  0.00836945  0.75148450
   0.52888412  0.53831487  0.53787387
   0.56487195  0.47588379  0.64670039
   0.62443116  0.55967465  0.94725491
   0.31658068  0.31214849  0.59445430
   0.52448159  0.48640138  0.86200812
   0.27321500  0.20053725  0.69622345
   0.50041734  0.49163055  0.74851550
   0.02888413  0.96168513  0.96212613
   0.06487196  0.02411619  0.85329961
   0.62443116  0.05967461  0.44725497
   0.31658068  0.81214849  0.09445431
   0.52448159  0.98640135  0.36200809
   0.27321500  0.70053725  0.19622340
   0.50041734  0.99163055  0.24851547
   0.02888413  0.46168516  0.46212613
   0.06487196  0.52411621  0.35329967
   0.33527006  0.16790163  0.50013368
   0.33527006  0.66790169  1.00013371
   0.83527006  0.83209831  0.49986629
   0.83527006  0.33209837 -0.00013371
   0.28251382  0.24187336  0.34486774
   0.28251382  0.74187336  0.84486777
   0.78251379  0.75812664  0.65513223
   0.78251379  0.25812665  0.15513225
