   0.25015324  0.24180090  0.10739784
   0.21653201  0.26982202  0.21952310
   0.25015324  0.74180090  0.60739785
   0.21653201  0.76982205  0.71952306
   0.75015321  0.75819910  0.89260215
   0.71653196  0.73017795  0.78047694
   0.75015321  0.25819910  0.39260217
   0.71653196  0.23017797  0.28047688
   0.75478764  0.76421368  0.10794703
   0.74321001  0.72243357  0.21981207
   0.75478764  0.26421371  0.60794705
   0.74321001  0.22243355  0.71981210
   0.25478765  0.23578629  0.89205295
   0.24321003  0.27756646  0.78018790
   0.25478765  0.73578632  0.39205298
   0.24321003  0.77756643  0.28018793
   0.26273227  0.24239860 -0.00005149
   0.26273227  0.74239860  0.49994851
   0.76273225  0.75760140  1.00005149
   0.76273225  0.25760140  0.50005143
   0.78379530  0.75478431  0.34645164
   0.78379530  0.25478431  0.84645164
   0.80709664  0.75429554  0.45060955
   0.80709664  0.25429554  0.95060952
   0.30709664  0.24570447  0.54939048
   0.28379533  0.24521569  0.65354836
   0.28379533  0.74521569  0.15354836
   0.30709664  0.74570446  0.04939047
   0.30636785  0.24471088  0.45088938
   0.30636785  0.74471088  0.95088938
   0.80636785  0.75528912  0.54911062
   0.80636785  0.25528912  0.04911062
   0.62451019  0.56168914  0.05274188
   0.31937603  0.31523668  0.40643497
   0.52408527  0.48520818  0.13884167
   0.30703290  0.18990846  0.30210753
   0.49863961  0.49780227  0.25059735
   0.03024783  0.96262963  0.03763923
   0.06072098  0.02434329  0.14572182
   0.62451019  0.06168914  0.55274185
   0.31937603  0.81523668  0.90643497
   0.52408527  0.98520821  0.63884166
   0.30703290  0.68990843  0.80210753
   0.49863961  0.99780229  0.75059738
   0.03024783  0.46262966  0.53763923
   0.06072098  0.52434334  0.64572185
   0.12451022  0.43831083  0.94725815
   0.81937603  0.68476332  0.59356503
   0.02408524  0.51479179  0.86115834
   0.80703296  0.81009157  0.69789247
  -0.00136038  0.50219771  0.74940262
   0.53024783  0.03737035  0.96236077
   0.56072099  0.97565666  0.85427815
   0.12451022  0.93831086  0.44725812
   0.81937603  0.18476332  0.09356505
   0.02408524  0.01479181  0.36115834
   0.80703296  0.31009157  0.19789247
  -0.00136038  0.00219774  0.24940264
   0.53024783  0.53737037  0.46236074
   0.56072099  0.47565672  0.35427818
   0.12435514  0.44035675  0.05274361
   0.81659575  0.68783615  0.40554142
   0.02445135  0.51363064  0.13798833
   0.77324316  0.79948629  0.30378289
   0.00043336  0.50837129  0.25148526
   0.52884274  0.03830817  0.03787420
   0.56505242  0.97579789  0.14670990
   0.12435514  0.94035672  0.55274365
   0.81659575  0.18783617  0.90554145
   0.02445135  0.01363061  0.63798830
   0.77324316  0.29948632  0.80378286
   0.00043336  0.00837130  0.75148526
   0.52884274  0.53830818  0.53787418
   0.56505242  0.47579789  0.64670993
   0.62435512  0.55964328  0.94725635
   0.31659572  0.31216385  0.59445855
   0.52445130  0.48636939  0.86201170
   0.27324319  0.20051371  0.69621714
   0.50043339  0.49162871  0.74851474
   0.02884275  0.96169182  0.96212582
   0.06505243  0.02420209  0.85329007
   0.62435512  0.05964323  0.44725641
   0.31659572  0.81216385  0.09445857
   0.52445130  0.98636936  0.36201167
   0.27324319  0.70051371  0.19621709
   0.50043339  0.99162871  0.24851471
   0.02884275  0.46169185  0.46212582
   0.06505243  0.52420211  0.35329013
   0.33523705  0.16791148  0.50013357
   0.33523705  0.66791154  1.00013360
   0.83523705  0.83208846  0.49986640
   0.83523705  0.33208852 -0.00013360
   0.28250111  0.24187326  0.34487220
   0.28250111  0.74187326  0.84487223
   0.78250108  0.75812674  0.65512777
   0.78250108  0.25812676  0.15512779
