   0.24982238  0.24348943  0.10725737
   0.21730315  0.26984114  0.21951368
   0.24982238  0.74348943  0.60725739
   0.21730315  0.76984117  0.71951363
   0.74982235  0.75651057  0.89274261
   0.71730311  0.73015883  0.78048637
   0.74982235  0.25651057  0.39274264
   0.71730311  0.23015884  0.28048631
   0.75442480  0.76219644  0.10777376
   0.74375040  0.72239876  0.21978794
   0.75442480  0.26219646  0.60777378
   0.74375040  0.22239875  0.71978797
   0.25442482  0.23780354  0.89222622
   0.24375041  0.27760127  0.78021203
   0.25442482  0.73780356  0.39222625
   0.24375041  0.77760124  0.28021206
   0.26060654  0.24301801 -0.00005178
   0.26060654  0.74301801  0.49994822
   0.76060653  0.75698199  1.00005178
   0.76060653  0.25698199  0.50005172
   0.78537110  0.75414433  0.34647902
   0.78537110  0.25414433  0.84647902
   0.80522117  0.75383008  0.45057269
   0.80522117  0.25383008  0.95057266
   0.30522117  0.24616994  0.54942734
   0.28537113  0.24585567  0.65352098
   0.28537113  0.74585567  0.15352098
   0.30522117  0.74616992  0.04942733
   0.30448839  0.24524050  0.45082959
   0.30448839  0.74524050  0.95082959
   0.80448839  0.75475950  0.54917041
   0.80448839  0.25475950  0.04917041
   0.62163844  0.56058159  0.05268714
   0.31897395  0.31559589  0.40634687
   0.52368975  0.48287438  0.13865920
   0.30756156  0.18925283  0.30217737
   0.49927287  0.49773664  0.25059790
   0.02831561  0.96275793  0.03767650
   0.06659566  0.02843553  0.14604030
   0.62163844  0.06058159  0.55268712
   0.31897395  0.81559589  0.90634687
   0.52368975  0.98287441  0.63865918
   0.30756156  0.68925280  0.80217737
   0.49927287  0.99773667  0.75059793
   0.02831561  0.46275796  0.53767649
   0.06659566  0.52843558  0.64604033
   0.12163847  0.43941838  0.94731288
   0.81897395  0.68440411  0.59365313
   0.02368973  0.51712559  0.86134082
   0.80756162  0.81074720  0.69782263
  -0.00072711  0.50226333  0.74940207
   0.52831561  0.03724205  0.96232351
   0.56659568  0.97156442  0.85395967
   0.12163847  0.93941841  0.44731285
   0.81897395  0.18440411  0.09365315
   0.02368973  0.01712561  0.36134082
   0.80756162  0.31074720  0.19782263
  -0.00072711  0.00226336  0.24940209
   0.52831561  0.53724207  0.46232348
   0.56659568  0.47156448  0.35395970
   0.12139714  0.44153097  0.05268168
   0.81671699  0.68750154  0.40547065
   0.02422335  0.51577979  0.13785196
   0.77429342  0.80028856  0.30385332
   0.00104660  0.50835839  0.25148316
   0.52692775  0.03816759  0.03789624
   0.57100337  0.97122420  0.14704188
   0.12139714  0.94153094  0.55268172
   0.81671699  0.18750155  0.90547068
   0.02422335  0.01577976  0.63785193
   0.77429342  0.30028859  0.80385329
   0.00104660  0.00835839  0.75148316
   0.52692775  0.53816760  0.53789622
   0.57100337  0.47122420  0.64704191
   0.62139713  0.55846906  0.94731828
   0.31671696  0.31249846  0.59452932
   0.52422330  0.48422024  0.86214807
   0.27429345  0.19971144  0.69614671
   0.50104664  0.49164161  0.74851684
   0.02692776  0.96183240  0.96210378
   0.07100338  0.02877578  0.85295809
   0.62139713  0.05846901  0.44731834
   0.31671696  0.81249846  0.09452934
   0.52422330  0.98422021  0.36214804
   0.27429345  0.69971144  0.19614667
   0.50104664  0.99164161  0.24851681
   0.02692776  0.46183243  0.46210378
   0.07100338  0.52877580  0.35295815
   0.33345403  0.16832957  0.50013250
   0.33345403  0.66832963  1.00013253
   0.83345403  0.83167037  0.49986747
   0.83345403  0.33167043 -0.00013253
   0.28390138  0.24259587  0.34491433
   0.28390138  0.74259587  0.84491436
   0.78390135  0.75740413  0.65508564
   0.78390135  0.25740414  0.15508565
