   0.24958669  0.24650500  0.10703511
   0.21961017  0.26975895  0.21953873
   0.24958669  0.74650500  0.60703513
   0.21961017  0.76975898  0.71953868
   0.74958666  0.75349500  0.89296487
   0.71961013  0.73024102  0.78046132
   0.74958666  0.25349500  0.39296490
   0.71961013  0.23024104  0.28046126
   0.75415009  0.75766078  0.10740958
   0.74479734  0.72221256  0.21973036
   0.75415009  0.25766081  0.60740960
   0.74479734  0.22221255  0.71973039
   0.25415011  0.24233919  0.89259040
   0.24479736  0.27778747  0.78026961
   0.25415011  0.74233922  0.39259043
   0.24479736  0.77778744  0.28026964
   0.25565645  0.24438546 -0.00002614
   0.25565645  0.74438546  0.49997386
   0.75565643  0.75561454  1.00002614
   0.75565643  0.25561454  0.50002608
   0.78908313  0.75267931  0.34654266
   0.78908313  0.25267931  0.84654266
   0.80080743  0.75295576  0.45048297
   0.80080743  0.25295576  0.95048294
   0.30080743  0.24704426  0.54951706
   0.28908316  0.24732069  0.65345734
   0.28908316  0.74732069  0.15345734
   0.30080743  0.74704424  0.04951704
   0.30019118  0.24647214  0.45068770
   0.30019118  0.74647214  0.95068770
   0.80019118  0.75352786  0.54931230
   0.80019118  0.25352786  0.04931229
   0.61498922  0.55799959  0.05262850
   0.31833947  0.31660942  0.40610283
   0.52378161  0.47893582  0.13831033
   0.30812908  0.18821319  0.30226007
   0.50091891  0.49760611  0.25062157
   0.02374855  0.96293947  0.03774829
   0.07897713  0.03684918  0.14685388
   0.61498922  0.05799960  0.55262847
   0.31833947  0.81660942  0.90610283
   0.52378161  0.97893585  0.63831031
   0.30812908  0.68821316  0.80226007
   0.50091891  0.99760614  0.75062160
   0.02374855  0.46293950  0.53774828
   0.07897713  0.53684923  0.64685391
   0.11498925  0.44200038  0.94737153
   0.81833947  0.68339058  0.59389717
   0.02378158  0.52106415  0.86168969
   0.80812914  0.81178684  0.69773993
   0.00091893  0.50239386  0.74937840
   0.52374856  0.03706051  0.96225172
   0.57897714  0.96315077  0.85314609
   0.11498925  0.94200041  0.44737150
   0.81833947  0.18339058  0.09389719
   0.02378158  0.02106418  0.36168969
   0.80812914  0.31178684  0.19773993
   0.00091893  0.00239389  0.24937842
   0.52374856  0.53706053  0.46225169
   0.57897714  0.46315083  0.35314612
   0.11472169  0.44386861  0.05256939
   0.81584907  0.68670798  0.40527514
   0.02442021  0.51996415  0.13767639
   0.77812272  0.80181060  0.30394048
   0.00259399  0.50826624  0.25147232
   0.52240823  0.03782100  0.03799024
   0.58283871  0.96256853  0.14761448
   0.11472169  0.94386858  0.55256943
   0.81584907  0.18670799  0.90527517
   0.02442021  0.01996413  0.63767636
   0.77812272  0.30181063  0.80394045
   0.00259399  0.00826625  0.75147232
   0.52240823  0.53782101  0.53799021
   0.58283871  0.46256853  0.64761451
   0.61472167  0.55613142  0.94743057
   0.31584904  0.31329202  0.59472483
   0.52442015  0.48003588  0.86232364
   0.27812275  0.19818940  0.69605955
   0.50259403  0.49173376  0.74852768
   0.02240824  0.96217899  0.96200979
   0.08283872  0.03743145  0.85238549
   0.61472167  0.05613137  0.44743063
   0.31584904  0.81329202  0.09472484
   0.52442015  0.98003585  0.36232361
   0.27812275  0.69818940  0.19605951
   0.50259403  0.99173376  0.24852765
   0.02240824  0.46217902  0.46200979
   0.08283872  0.53743147  0.35238555
   0.32913277  0.16920953  0.50012696
   0.32913277  0.66920959  1.00012699
   0.82913277  0.83079041  0.49987301
   0.82913277  0.33079047 -0.00012699
   0.28714598  0.24423827  0.34497271
   0.28714598  0.74423827  0.84497274
   0.78714595  0.75576173  0.65502726
   0.78714595  0.25576174  0.15502727
