   0.25020641  0.24157870  0.10742017
   0.21644184  0.26981055  0.21952695
   0.25020641  0.74157870  0.60742019
   0.21644184  0.76981058  0.71952690
   0.75020638  0.75842130  0.89257981
   0.71644180  0.73018942  0.78047310
   0.75020638  0.25842130  0.39257984
   0.71644180  0.23018944  0.28047304
   0.75484367  0.76446091  0.10797041
   0.74314698  0.72243955  0.21981781
   0.75484367  0.26446094  0.60797043
   0.74314698  0.22243953  0.71981784
   0.25484369  0.23553906  0.89202957
   0.24314699  0.27756048  0.78018216
   0.25484369  0.73553909  0.39202960
   0.24314699  0.77756045  0.28018219
   0.26299099  0.24232214 -0.00005068
   0.26299099  0.74232214  0.49994932
   0.76299097  0.75767786  1.00005068
   0.76299097  0.25767786  0.50005062
   0.78359946  0.75484935  0.34644694
   0.78359946  0.25484935  0.84644694
   0.80731623  0.75435925  0.45061192
   0.80731623  0.25435925  0.95061189
   0.30731623  0.24564076  0.54938811
   0.28359949  0.24515065  0.65355306
   0.28359949  0.74515065  0.15355306
   0.30731623  0.74564075  0.04938810
   0.30659105  0.24464453  0.45089386
   0.30659105  0.74464453  0.95089386
   0.80659105  0.75535547  0.54910614
   0.80659105  0.25535547  0.04910614
   0.62486792  0.56181659  0.05274868
   0.31942583  0.31518747  0.40645156
   0.52413010  0.48556278  0.13886509
   0.30697009  0.18999477  0.30209958
   0.49856663  0.49780702  0.25059719
   0.03049153  0.96260067  0.03763480
   0.05999178  0.02381509  0.14568289
   0.62486792  0.06181660  0.55274865
   0.31942583  0.81518747  0.90645156
   0.52413010  0.98556281  0.63886507
   0.30697009  0.68999474  0.80209958
   0.49856663  0.99780705  0.75059722
   0.03049153  0.46260070  0.53763479
   0.05999178  0.52381515  0.64568292
   0.12486795  0.43818338  0.94725135
   0.81942583  0.68481253  0.59354844
   0.02413008  0.51443719  0.86113493
   0.80697015  0.81000526  0.69790042
  -0.00143335  0.50219295  0.74940278
   0.53049153  0.03739931  0.96236521
   0.55999179  0.97618485  0.85431708
   0.12486795  0.93818341  0.44725132
   0.81942583  0.18481253  0.09354846
   0.02413008  0.01443721  0.36113493
   0.80697015  0.31000526  0.19790042
  -0.00143335  0.00219298  0.24940280
   0.53049153  0.53739933  0.46236518
   0.55999179  0.47618491  0.35431711
   0.12473172  0.44021685  0.05275004
   0.81655799  0.68788228  0.40555587
   0.02451592  0.51336333  0.13800635
   0.77313380  0.79937991  0.30377318
   0.00036175  0.50836960  0.25148462
   0.52908313  0.03833540  0.03787275
   0.56426166  0.97637419  0.14666295
   0.12473172  0.94021682  0.55275008
   0.81655799  0.18788230  0.90555590
   0.02451592  0.01336330  0.63800632
   0.77313380  0.29937994  0.80377315
   0.00036175  0.00836961  0.75148462
   0.52908313  0.53833541  0.53787273
   0.56426166  0.47637419  0.64666298
   0.62473171  0.55978318  0.94724992
   0.31655796  0.31211772  0.59444410
   0.52451586  0.48663670  0.86199368
   0.27313383  0.20062009  0.69622685
   0.50036179  0.49163040  0.74851538
   0.02908314  0.96166459  0.96212727
   0.06426167  0.02362579  0.85333702
   0.62473171  0.05978313  0.44724998
   0.31655796  0.81211772  0.09444412
   0.52451586  0.98663667  0.36199365
   0.27313383  0.70062009  0.19622681
   0.50036179  0.99163040  0.24851535
   0.02908314  0.46166462  0.46212727
   0.06426167  0.52362581  0.35333708
   0.33545133  0.16785829  0.50013377
   0.33545133  0.66785835  1.00013380
   0.83545133  0.83214165  0.49986620
   0.83545133  0.33214171 -0.00013380
   0.28232201  0.24177106  0.34486465
   0.28232201  0.74177106  0.84486468
   0.78232198  0.75822894  0.65513532
   0.78232198  0.25822895  0.15513534
