   0.25019052  0.24170484  0.10740812
   0.21649706  0.26981141  0.21952513
   0.25019052  0.74170484  0.60740813
   0.21649706  0.76981144  0.71952509
   0.75019049  0.75829516  0.89259187
   0.71649701  0.73018856  0.78047491
   0.75019049  0.25829516  0.39259190
   0.71649701  0.23018858  0.28047485
   0.75480669  0.76431493  0.10795818
   0.74318061  0.72244063  0.21981452
   0.75480669  0.26431496  0.60795820
   0.74318061  0.22244061  0.71981455
   0.25480670  0.23568504  0.89204180
   0.24318063  0.27755940  0.78018545
   0.25480670  0.73568507  0.39204183
   0.24318063  0.77755937  0.28018548
   0.26284470  0.24236796 -0.00005111
   0.26284470  0.74236796  0.49994889
   0.76284468  0.75763204  1.00005111
   0.76284468  0.25763204  0.50005105
   0.78372146  0.75482582  0.34644672
   0.78372146  0.25482582  0.84644672
   0.80718075  0.75432543  0.45060768
   0.80718075  0.25432543  0.95060765
   0.30718075  0.24567458  0.54939235
   0.28372149  0.24517418  0.65355328
   0.28372149  0.74517418  0.15355328
   0.30718075  0.74567457  0.04939234
   0.30645824  0.24468281  0.45088813
   0.30645824  0.74468281  0.95088813
   0.80645824  0.75531719  0.54911187
   0.80645824  0.25531719  0.04911187
   0.62466350  0.56175400  0.05274593
   0.31938743  0.31520553  0.40644162
   0.52411820  0.48534996  0.13885240
   0.30700377  0.18995374  0.30210490
   0.49860498  0.49780577  0.25059726
   0.03034792  0.96261477  0.03763774
   0.06040278  0.02410736  0.14570482
   0.62466350  0.06175401  0.55274591
   0.31938743  0.81520553  0.90644162
   0.52411820  0.98534999  0.63885239
   0.30700377  0.68995371  0.80210490
   0.49860498  0.99780580  0.75059729
   0.03034792  0.46261480  0.53763773
   0.06040278  0.52410742  0.64570485
   0.12466353  0.43824597  0.94725409
   0.81938743  0.68479447  0.59355838
   0.02411818  0.51465001  0.86114761
   0.80700383  0.81004629  0.69789510
  -0.00139501  0.50219420  0.74940271
   0.53034792  0.03738521  0.96236227
   0.56040280  0.97589258  0.85429515
   0.12466353  0.93824600  0.44725406
   0.81938743  0.18479447  0.09355840
   0.02411818  0.01465003  0.36114761
   0.80700383  0.31004629  0.19789510
  -0.00139501  0.00219423  0.24940272
   0.53034792  0.53738523  0.46236224
   0.56040280  0.47589264  0.35429518
   0.12452549  0.44029348  0.05274747
   0.81657158  0.68786088  0.40554907
   0.02448024  0.51350887  0.13799634
   0.77318670  0.79943511  0.30377397
   0.00039866  0.50837100  0.25148473
   0.52893593  0.03831839  0.03787408
   0.56471052  0.97605800  0.14668957
   0.12452549  0.94029345  0.55274751
   0.81657158  0.18786090  0.90554910
   0.02448024  0.01350884  0.63799631
   0.77318670  0.29943514  0.80377394
   0.00039866  0.00837100  0.75148473
   0.52893593  0.53831840  0.53787405
   0.56471052  0.47605800  0.64668960
   0.62452547  0.55970655  0.94725249
   0.31657155  0.31213912  0.59445090
   0.52448018  0.48649116  0.86200369
   0.27318673  0.20056489  0.69622606
   0.50039870  0.49162900  0.74851527
   0.02893593  0.96168160  0.96212595
   0.06471053  0.02394197  0.85331040
   0.62452547  0.05970651  0.44725255
   0.31657155  0.81213912  0.09445092
   0.52448018  0.98649113  0.36200366
   0.27318673  0.70056489  0.19622601
   0.50039870  0.99162900  0.24851524
   0.02893593  0.46168163  0.46212595
   0.06471053  0.52394200  0.35331046
   0.33532280  0.16788675  0.50013389
   0.33532280  0.66788681  1.00013392
   0.83532280  0.83211319  0.49986608
   0.83532280  0.33211325 -0.00013392
   0.28245932  0.24184555  0.34486673
   0.28245932  0.74184555  0.84486676
   0.78245929  0.75815445  0.65513324
   0.78245929  0.25815446  0.15513326
