   0.24962418  0.24705240  0.10700054
   0.22032475  0.26970337  0.21955436
   0.24962418  0.74705240  0.60700056
   0.22032475  0.76970340  0.71955432
   0.74962415  0.75294760  0.89299944
   0.72032471  0.73029660  0.78044568
   0.74962415  0.25294760  0.39299947
   0.72032471  0.23029661  0.28044562
   0.75424962  0.75653589  0.10733684
   0.74491020  0.72211215  0.21970298
   0.75424962  0.25653592  0.60733686
   0.74491020  0.22211213  0.71970301
   0.25424964  0.24346408  0.89266314
   0.24491021  0.27788788  0.78029699
   0.25424964  0.74346411  0.39266317
   0.24491021  0.77788785  0.28029702
   0.25442972  0.24470435 -0.00001670
   0.25442972  0.74470435  0.49998330
   0.75442971  0.75529565  1.00001670
   0.75442971  0.25529565  0.50001664
   0.79003782  0.75239175  0.34654896
   0.79003782  0.25239175  0.84654896
   0.79974167  0.75277992  0.45045783
   0.79974167  0.25277992  0.95045780
   0.29974167  0.24722009  0.54954220
   0.29003785  0.24760825  0.65345104
   0.29003785  0.74760825  0.15345104
   0.29974167  0.74722008  0.04954219
   0.29916251  0.24677117  0.45065019
   0.29916251  0.74677117  0.95065019
   0.79916251  0.75322883  0.54934981
   0.79916251  0.25322883  0.04934981
   0.61342003  0.55741309  0.05262901
   0.31822760  0.31687268  0.40603501
   0.52400201  0.47813371  0.13824096
   0.30797535  0.18805923  0.30226448
   0.50126930  0.49757436  0.25063446
   0.02261505  0.96294270  0.03777013
   0.08178301  0.03865936  0.14706426
   0.61342003  0.05741310  0.55262899
   0.31822760  0.81687268  0.90603501
   0.52400201  0.97813374  0.63824095
   0.30797535  0.68805920  0.80226448
   0.50126930  0.99757439  0.75063449
   0.02261505  0.46294273  0.53777013
   0.08178301  0.53865941  0.64706429
   0.11342006  0.44258688  0.94737101
   0.81822760  0.68312732  0.59396499
   0.02400198  0.52186626  0.86175905
   0.80797541  0.81194080  0.69773552
   0.00126932  0.50242561  0.74936551
   0.52261505  0.03705728  0.96222987
   0.58178302  0.96134059  0.85293571
   0.11342006  0.94258691  0.44737098
   0.81822760  0.18312732  0.09396500
   0.02400198  0.02186628  0.36175905
   0.80797541  0.31194080  0.19773552
   0.00126932  0.00242564  0.24936552
   0.52261505  0.53705730  0.46222984
   0.58178302  0.46134065  0.35293574
   0.11317490  0.44434823  0.05255486
   0.81549385  0.68654064  0.40521612
   0.02460367  0.52078104  0.13766804
   0.77933446  0.80213699  0.30394966
   0.00290709  0.50820132  0.25147213
   0.52127149  0.03775924  0.03802504
   0.58545937  0.96072108  0.14773226
   0.11317490  0.94434820  0.55255490
   0.81549385  0.18654066  0.90521615
   0.02460367  0.02078101  0.63766801
   0.77933446  0.30213702  0.80394963
   0.00290709  0.00820133  0.75147213
   0.52127149  0.53775925  0.53802501
   0.58545937  0.46072108  0.64773229
   0.61317488  0.55565180  0.94744510
   0.31549382  0.31345936  0.59478385
   0.52460361  0.47921899  0.86233199
   0.27933449  0.19786301  0.69605037
   0.50290712  0.49179868  0.74852787
   0.02127150  0.96224075  0.96197499
   0.08545937  0.03927889  0.85226771
   0.61317488  0.05565176  0.44744516
   0.31549382  0.81345936  0.09478386
   0.52460361  0.97921896  0.36233196
   0.27933449  0.69786301  0.19605032
   0.50290712  0.99179868  0.24852784
   0.02127150  0.46224078  0.46197499
   0.08545937  0.53927892  0.35226777
   0.32805358  0.16941225  0.50012549
   0.32805358  0.66941231  1.00012552
   0.82805358  0.83058769  0.49987448
   0.82805358  0.33058775 -0.00012552
   0.28792862  0.24466636  0.34497068
   0.28792862  0.74466636  0.84497071
   0.78792859  0.75533364  0.65502929
   0.78792859  0.25533365  0.15502930
