   0.24959079  0.24652979  0.10703620
   0.21965012  0.26975089  0.21953756
   0.24959079  0.74652979  0.60703622
   0.21965012  0.76975092  0.71953752
   0.74959076  0.75347021  0.89296378
   0.71965008  0.73024908  0.78046248
   0.74959076  0.25347021  0.39296381
   0.71965008  0.23024910  0.28046242
   0.75416481  0.75761482  0.10740888
   0.74480429  0.72222058  0.21972799
   0.75416481  0.25761485  0.60740891
   0.74480429  0.22222057  0.71972802
   0.25416482  0.24238515  0.89259109
   0.24480431  0.27777945  0.78027198
   0.25416482  0.74238518  0.39259112
   0.24480431  0.77777942  0.28027201
   0.25562036  0.24439300 -0.00002573
   0.25562036  0.74439300  0.49997427
   0.75562034  0.75560700  1.00002573
   0.75562034  0.25560700  0.50002567
   0.78911444  0.75268210  0.34652859
   0.78911444  0.25268210  0.84652859
   0.80076764  0.75295082  0.45047276
   0.80076764  0.25295082  0.95047273
   0.30076764  0.24704920  0.54952727
   0.28911447  0.24731790  0.65347141
   0.28911447  0.74731790  0.15347141
   0.30076764  0.74704918  0.04952726
   0.30015697  0.24648677  0.45067468
   0.30015697  0.74648677  0.95067468
   0.80015697  0.75351323  0.54932532
   0.80015697  0.25351323  0.04932532
   0.61492236  0.55797878  0.05262602
   0.31832991  0.31660559  0.40610812
   0.52378993  0.47889555  0.13830577
   0.30811823  0.18821729  0.30226523
   0.50093075  0.49760280  0.25062203
   0.02369846  0.96294047  0.03774739
   0.07908757  0.03693670  0.14686032
   0.61492236  0.05797879  0.55262600
   0.31832991  0.81660559  0.90610812
   0.52378993  0.97889558  0.63830575
   0.30811823  0.68821726  0.80226523
   0.50093075  0.99760283  0.75062206
   0.02369846  0.46294050  0.53774738
   0.07908757  0.53693675  0.64686035
   0.11492239  0.44202119  0.94737400
   0.81832991  0.68339441  0.59389188
   0.02378991  0.52110442  0.86169425
   0.80811829  0.81178274  0.69773477
   0.00093077  0.50239717  0.74937794
   0.52369847  0.03705951  0.96225262
   0.57908758  0.96306325  0.85313965
   0.11492239  0.94202122  0.44737397
   0.81832991  0.18339441  0.09389190
   0.02378991  0.02110445  0.36169425
   0.80811829  0.31178274  0.19773477
   0.00093077  0.00239720  0.24937796
   0.52369847  0.53705953  0.46225259
   0.57908758  0.46306331  0.35313968
   0.11465933  0.44388966  0.05256636
   0.81583191  0.68671337  0.40527867
   0.02441581  0.51999525  0.13767417
   0.77817328  0.80181167  0.30395135
   0.00260614  0.50826247  0.25147265
   0.52235508  0.03781515  0.03798977
   0.58295369  0.96249378  0.14761769
   0.11465933  0.94388963  0.55256640
   0.81583191  0.18671339  0.90527870
   0.02441581  0.01999522  0.63767414
   0.77817328  0.30181170  0.80395132
   0.00260614  0.00826247  0.75147265
   0.52235508  0.53781516  0.53798974
   0.58295369  0.46249378  0.64761771
   0.61465932  0.55611037  0.94743360
   0.31583188  0.31328663  0.59472130
   0.52441576  0.48000478  0.86232586
   0.27817331  0.19818833  0.69604868
   0.50260617  0.49173753  0.74852735
   0.02235508  0.96218484  0.96201026
   0.08295370  0.03750620  0.85238229
   0.61465932  0.05611033  0.44743366
   0.31583188  0.81328663  0.09472132
   0.52441576  0.98000475  0.36232583
   0.27817331  0.69818833  0.19604863
   0.50260617  0.99173753  0.24852732
   0.02235508  0.46218487  0.46201026
   0.08295370  0.53750622  0.35238234
   0.32908317  0.16922048  0.50012706
   0.32908317  0.66922054  1.00012709
   0.82908317  0.83077946  0.49987291
   0.82908317  0.33077952 -0.00012709
   0.28717479  0.24423912  0.34496524
   0.28717479  0.74423912  0.84496527
   0.78717476  0.75576088  0.65503473
   0.78717476  0.25576089  0.15503475
