   0.24985415  0.24325093  0.10727984
   0.21716129  0.26983950  0.21952323
   0.24985415  0.74325093  0.60727985
   0.21716129  0.76983953  0.71952318
   0.74985412  0.75674907  0.89272015
   0.71716124  0.73016047  0.78047682
   0.74985412  0.25674907  0.39272018
   0.71716124  0.23016048  0.28047676
   0.75446178  0.76250679  0.10780318
   0.74366403  0.72240304  0.21980017
   0.75446178  0.26250682  0.60780320
   0.74366403  0.22240302  0.71980020
   0.25446179  0.23749318  0.89219680
   0.24366404  0.27759699  0.78019980
   0.25446179  0.73749321  0.39219683
   0.24366404  0.77759696  0.28019983
   0.26093147  0.24294141 -0.00005246
   0.26093147  0.74294141  0.49994754
   0.76093146  0.75705859  1.00005246
   0.76093146  0.25705859  0.50005240
   0.78513676  0.75422439  0.34648889
   0.78513676  0.25422439  0.84648889
   0.80549916  0.75390394  0.45058180
   0.80549916  0.25390394  0.95058177
   0.30549916  0.24609607  0.54941823
   0.28513679  0.24577561  0.65351111
   0.28513679  0.74577561  0.15351111
   0.30549916  0.74609606  0.04941821
   0.30476001  0.24515295  0.45084379
   0.30476001  0.74515295  0.95084379
   0.80476001  0.75484705  0.54915621
   0.80476001  0.25484705  0.04915621
   0.62210137  0.56075672  0.05269690
   0.31902804  0.31554675  0.40635959
   0.52370750  0.48323187  0.13868527
   0.30748671  0.18933595  0.30216524
   0.49916936  0.49774659  0.25059684
   0.02862956  0.96273466  0.03767312
   0.06571243  0.02778028  0.14598760
   0.62210137  0.06075673  0.55269688
   0.31902804  0.81554675  0.90635959
   0.52370750  0.98323190  0.63868526
   0.30748671  0.68933592  0.80216524
   0.49916936  0.99774662  0.75059687
   0.02862956  0.46273469  0.53767312
   0.06571243  0.52778033  0.64598763
   0.12210140  0.43924325  0.94730312
   0.81902804  0.68445325  0.59364041
   0.02370747  0.51676810  0.86131474
   0.80748677  0.81066408  0.69783476
  -0.00083063  0.50225338  0.74940313
   0.52862956  0.03726531  0.96232688
   0.56571244  0.97221967  0.85401237
   0.12210140  0.93924328  0.44730309
   0.81902804  0.18445325  0.09364043
   0.02370747  0.01676812  0.36131474
   0.80748677  0.31066408  0.19783476
  -0.00083063  0.00225341  0.24940315
   0.52862956  0.53726534  0.46232685
   0.56571244  0.47221973  0.35401240
   0.12186986  0.44135218  0.05269358
   0.81671590  0.68754404  0.40548272
   0.02426366  0.51547234  0.13787098
   0.77410777  0.80019328  0.30383003
   0.00093924  0.50836301  0.25148028
   0.52724016  0.03819587  0.03789404
   0.57008120  0.97188439  0.14699226
   0.12186986  0.94135215  0.55269363
   0.81671590  0.18754405  0.90548275
   0.02426366  0.01547231  0.63787095
   0.77410777  0.30019331  0.80383000
   0.00093924  0.00836302  0.75148028
   0.52724016  0.53819588  0.53789402
   0.57008120  0.47188439  0.64699229
   0.62186985  0.55864785  0.94730637
   0.31671587  0.31245596  0.59451725
   0.52426360  0.48452769  0.86212905
   0.27410780  0.19980672  0.69617000
   0.50093928  0.49163699  0.74851972
   0.02724017  0.96180412  0.96210598
   0.07008120  0.02811559  0.85300771
   0.62186985  0.05864780  0.44730643
   0.31671587  0.81245596  0.09451726
   0.52426360  0.98452766  0.36212902
   0.27410780  0.69980672  0.19616995
   0.50093928  0.99163699  0.24851969
   0.02724017  0.46180415  0.46210598
   0.07008120  0.52811561  0.35300777
   0.33374726  0.16825978  0.50013269
   0.33374726  0.66825984  1.00013271
   0.83374726  0.83174016  0.49986729
   0.83374726  0.33174022 -0.00013271
   0.28373119  0.24252197  0.34491573
   0.28373119  0.74252197  0.84491576
   0.78373116  0.75747803  0.65508424
   0.78373116  0.25747805  0.15508425
