   0.24996707  0.24280198  0.10731621
   0.21699621  0.26982206  0.21951742
   0.24996707  0.74280198  0.60731623
   0.21699621  0.76982209  0.71951738
   0.74996704  0.75719802  0.89268377
   0.71699617  0.73017791  0.78048262
   0.74996704  0.25719802  0.39268380
   0.71699617  0.23017793  0.28048256
   0.75460191  0.76303951  0.10784852
   0.74352723  0.72244207  0.21979817
   0.75460191  0.26303954  0.60784854
   0.74352723  0.22244205  0.71979820
   0.25460193  0.23696046  0.89215146
   0.24352724  0.27755796  0.78020180
   0.25460193  0.73696049  0.39215149
   0.24352724  0.77755793  0.28020183
   0.26152980  0.24276018 -0.00005289
   0.26152980  0.74276018  0.49994711
   0.76152979  0.75723982  1.00005289
   0.76152979  0.25723982  0.50005283
   0.78469830  0.75442363  0.34646522
   0.78469830  0.25442363  0.84646522
   0.80603854  0.75403013  0.45058734
   0.80603854  0.25403013  0.95058731
   0.30603854  0.24596989  0.54941269
   0.28469833  0.24557637  0.65353478
   0.28469833  0.74557637  0.15353478
   0.30603854  0.74596987  0.04941268
   0.30530080  0.24501253  0.45085418
   0.30530080  0.74501253  0.95085418
   0.80530080  0.75498747  0.54914582
   0.80530080  0.25498747  0.04914582
   0.62284252  0.56103720  0.05271016
   0.31911429  0.31543730  0.40638336
   0.52380395  0.48377318  0.13873373
   0.30734095  0.18951319  0.30214562
   0.49899514  0.49776749  0.25059683
   0.02910993  0.96268155  0.03766454
   0.06422424  0.02677401  0.14591014
   0.62284252  0.06103721  0.55271014
   0.31911429  0.81543730  0.90638336
   0.52380395  0.98377321  0.63873371
   0.30734095  0.68951316  0.80214562
   0.49899514  0.99776752  0.75059686
   0.02910993  0.46268158  0.53766454
   0.06422424  0.52677406  0.64591017
   0.12284255  0.43896277  0.94728986
   0.81911429  0.68456270  0.59361664
   0.02380392  0.51622679  0.86126629
   0.80734101  0.81048684  0.69785438
  -0.00100485  0.50223248  0.74940314
   0.52910993  0.03731842  0.96233546
   0.56422426  0.97322594  0.85408983
   0.12284255  0.93896280  0.44728983
   0.81911429  0.18456270  0.09361665
   0.02380392  0.01622681  0.36126629
   0.80734101  0.31048684  0.19785438
  -0.00100485  0.00223251  0.24940316
   0.52910993  0.53731845  0.46233543
   0.56422426  0.47322600  0.35408986
   0.12263236  0.44106049  0.05270952
   0.81670320  0.68764528  0.40550111
   0.02428992  0.51491292  0.13790762
   0.77383268  0.79998672  0.30381253
   0.00078380  0.50836559  0.25148425
   0.52771514  0.03824820  0.03788797
   0.56862276  0.97301769  0.14691621
   0.12263236  0.94106046  0.55270956
   0.81670320  0.18764529  0.90550114
   0.02428992  0.01491289  0.63790759
   0.77383268  0.29998674  0.80381250
   0.00078380  0.00836559  0.75148425
   0.52771514  0.53824820  0.53788794
   0.56862276  0.47301769  0.64691624
   0.62263234  0.55893954  0.94729044
   0.31670317  0.31235472  0.59449886
   0.52428987  0.48508711  0.86209241
   0.27383271  0.20001328  0.69618750
   0.50078383  0.49163441  0.74851575
   0.02771514  0.96175180  0.96211206
   0.06862277  0.02698229  0.85308376
   0.62263234  0.05893950  0.44729050
   0.31670317  0.81235472  0.09449887
   0.52428987  0.98508708  0.36209238
   0.27383271  0.70001328  0.19618746
   0.50078383  0.99163441  0.24851572
   0.02771514  0.46175183  0.46211206
   0.06862277  0.52698231  0.35308382
   0.33418653  0.16815455  0.50013317
   0.33418653  0.66815461  1.00013320
   0.83418653  0.83184539  0.49986680
   0.83418653  0.33184545 -0.00013320
   0.28314256  0.24219961  0.34488195
   0.28314256  0.74219961  0.84488198
   0.78314253  0.75780039  0.65511802
   0.78314253  0.25780040  0.15511803
