   0.24969922  0.24438059  0.10718655
   0.21783774  0.26982151  0.21952262
   0.24969922  0.74438059  0.60718656
   0.21783774  0.76982154  0.71952257
   0.74969919  0.75561941  0.89281344
   0.71783769  0.73017846  0.78047743
   0.74969919  0.25561941  0.39281347
   0.71783769  0.23017847  0.28047737
   0.75425189  0.76103479  0.10767130
   0.74408282  0.72237288  0.21978213
   0.75425189  0.26103481  0.60767132
   0.74408282  0.22237287  0.71978216
   0.25425190  0.23896519  0.89232868
   0.24408284  0.27762715  0.78021784
   0.25425190  0.73896521  0.39232871
   0.24408284  0.77762712  0.28021787
   0.25934418  0.24338911 -0.00004784
   0.25934418  0.74338911  0.49995216
   0.75934417  0.75661089  1.00004784
   0.75934417  0.25661089  0.50004778
   0.78631599  0.75372359  0.34652359
   0.78631599  0.25372359  0.84652359
   0.80410177  0.75357488  0.45056076
   0.80410177  0.25357488  0.95056073
   0.30410177  0.24642513  0.54943927
   0.28631602  0.24627641  0.65347641
   0.28631602  0.74627641  0.15347641
   0.30410177  0.74642512  0.04943926
   0.30338778  0.24554754  0.45080655
   0.30338778  0.74554754  0.95080655
   0.80338778  0.75445246  0.54919345
   0.80338778  0.25445246  0.04919345
   0.61996499  0.55995878  0.05266481
   0.31876100  0.31584107  0.40628319
   0.52358328  0.48169721  0.13856582
   0.30778156  0.18893899  0.30220046
   0.49968694  0.49771321  0.25059927
   0.02714528  0.96281055  0.03769815
   0.06991339  0.03075980  0.14624136
   0.61996499  0.05995879  0.55266479
   0.31876100  0.81584107  0.90628319
   0.52358328  0.98169724  0.63856580
   0.30778156  0.68893897  0.80220046
   0.49968694  0.99771324  0.75059930
   0.02714528  0.46281058  0.53769815
   0.06991339  0.53075985  0.64624139
   0.11996502  0.44004119  0.94733521
   0.81876100  0.68415893  0.59371681
   0.02358326  0.51830276  0.86143420
   0.80778162  0.81106103  0.69779954
  -0.00031305  0.50228676  0.74940070
   0.52714528  0.03718943  0.96230185
   0.56991340  0.96924015  0.85375861
   0.11996502  0.94004122  0.44733518
   0.81876100  0.18415893  0.09371682
   0.02358326  0.01830278  0.36143420
   0.80778162  0.31106103  0.19779954
  -0.00031305  0.00228679  0.24940071
   0.52714528  0.53718945  0.46230182
   0.56991340  0.46924021  0.35375864
   0.11969744  0.44214605  0.05264860
   0.81660942  0.68728555  0.40542378
   0.02416998  0.51695874  0.13779276
   0.77505301  0.80072800  0.30385515
   0.00143839  0.50834198  0.25147864
   0.52576664  0.03809316  0.03791741
   0.57427498  0.96879442  0.14721092
   0.11969744  0.94214602  0.55264864
   0.81660942  0.18728557  0.90542381
   0.02416998  0.01695871  0.63779273
   0.77505301  0.30072803  0.80385512
   0.00143839  0.00834199  0.75147864
   0.52576664  0.53809317  0.53791739
   0.57427498  0.46879442  0.64721095
   0.61969742  0.55785398  0.94735136
   0.31660939  0.31271445  0.59457619
   0.52416993  0.48304129  0.86220727
   0.27505304  0.19927200  0.69614488
   0.50143842  0.49165802  0.74852136
   0.02576664  0.96190683  0.96208261
   0.07427499  0.03120555  0.85278905
   0.61969742  0.05785394  0.44735142
   0.31660939  0.81271445  0.09457620
   0.52416993  0.98304126  0.36220724
   0.27505304  0.69927200  0.19614483
   0.50143842  0.99165802  0.24852133
   0.02576664  0.46190686  0.46208261
   0.07427499  0.53120558  0.35278911
   0.33237913  0.16856279  0.50013166
   0.33237913  0.66856285  1.00013169
   0.83237913  0.83143715  0.49986831
   0.83237913  0.33143721 -0.00013169
   0.28475302  0.24303926  0.34494434
   0.28475302  0.74303926  0.84494437
   0.78475299  0.75696074  0.65505563
   0.78475299  0.25696076  0.15505565
