   0.24967722  0.24728158  0.10699246
   0.22066234  0.26967514  0.21956282
   0.24967722  0.74728158  0.60699247
   0.22066234  0.76967517  0.71956278
   0.74967719  0.75271842  0.89300753
   0.72066229  0.73032483  0.78043722
   0.74967719  0.25271842  0.39300756
   0.72066229  0.23032484  0.28043716
   0.75434643  0.75604710  0.10731165
   0.74493181  0.72206845  0.21968779
   0.75434643  0.25604713  0.60731168
   0.74493181  0.22206844  0.71968782
   0.25434644  0.24395287  0.89268832
   0.24493182  0.27793158  0.78031218
   0.25434644  0.74395290  0.39268835
   0.24493182  0.77793155  0.28031221
   0.25391700  0.24484785 -0.00001241
   0.25391700  0.74484785  0.49998759
   0.75391698  0.75515215  1.00001241
   0.75391698  0.25515215  0.50001235
   0.79048457  0.75226319  0.34654019
   0.79048457  0.25226319  0.84654019
   0.79926821  0.75268593  0.45043333
   0.79926821  0.25268593  0.95043330
   0.29926821  0.24731408  0.54956670
   0.29048460  0.24773681  0.65345981
   0.29048460  0.74773681  0.15345981
   0.29926821  0.74731407  0.04956669
   0.29870834  0.24691737  0.45062146
   0.29870834  0.74691737  0.95062146
   0.79870834  0.75308263  0.54937854
   0.79870834  0.25308263  0.04937854
   0.61271717  0.55715099  0.05263085
   0.31816603  0.31697810  0.40600183
   0.52410859  0.47778967  0.13821460
   0.30781336  0.18799223  0.30225886
   0.50140875  0.49757819  0.25064226
   0.02210326  0.96294577  0.03778040
   0.08302711  0.03944092  0.14717017
   0.61271717  0.05715099  0.55263083
   0.31816603  0.81697810  0.90600183
   0.52410859  0.97778970  0.63821458
   0.30781336  0.68799220  0.80225886
   0.50140875  0.99757822  0.75064229
   0.02210326  0.46294580  0.53778039
   0.08302711  0.53944097  0.64717020
   0.11271720  0.44284898  0.94736917
   0.81816603  0.68302190  0.59399817
   0.02410857  0.52221030  0.86178542
   0.80781342  0.81200780  0.69774114
   0.00140877  0.50242178  0.74935771
   0.52210326  0.03705421  0.96221961
   0.58302713  0.96055903  0.85282980
   0.11271720  0.94284901  0.44736914
   0.81816603  0.18302190  0.09399818
   0.02410857  0.02221032  0.36178542
   0.80781342  0.31200780  0.19774114
   0.00140877  0.00242181  0.24935772
   0.52210326  0.53705423  0.46221958
   0.58302713  0.46055909  0.35282983
   0.11248024  0.44455996  0.05254962
   0.81531065  0.68647372  0.40518898
   0.02470168  0.52113403  0.13767436
   0.77991399  0.80229215  0.30395175
   0.00302503  0.50817702  0.25147330
   0.52075951  0.03773359  0.03804166
   0.58661791  0.95989136  0.14779385
   0.11248024  0.94455993  0.55254966
   0.81531065  0.18647373  0.90518900
   0.02470168  0.02113400  0.63767433
   0.77991399  0.30229218  0.80395172
   0.00302503  0.00817702  0.75147330
   0.52075951  0.53773360  0.53804163
   0.58661791  0.45989136  0.64779388
   0.61248022  0.55544007  0.94745034
   0.31531062  0.31352628  0.59481100
   0.52470162  0.47886600  0.86232567
   0.27991402  0.19770785  0.69604828
   0.50302506  0.49182298  0.74852670
   0.02075951  0.96226640  0.96195837
   0.08661792  0.04010862  0.85220612
   0.61248022  0.05544002  0.44745040
   0.31531062  0.81352628  0.09481101
   0.52470162  0.97886597  0.36232564
   0.27991402  0.69770785  0.19604823
   0.50302506  0.99182298  0.24852667
   0.02075951  0.46226643  0.46195837
   0.08661792  0.54010864  0.35220618
   0.32756341  0.16949905  0.50012509
   0.32756341  0.66949911  1.00012512
   0.82756341  0.83050089  0.49987488
   0.82756341  0.33050095 -0.00012512
   0.28828724  0.24485933  0.34495840
   0.28828724  0.74485933  0.84495843
   0.78828721  0.75514067  0.65504157
   0.78828721  0.25514068  0.15504158
