   0.25019924  0.24163924  0.10741305
   0.21646446  0.26981414  0.21952582
   0.25019924  0.74163924  0.60741306
   0.21646446  0.76981417  0.71952578
   0.75019921  0.75836076  0.89258694
   0.71646442  0.73018583  0.78047422
   0.75019921  0.25836076  0.39258696
   0.71646442  0.23018584  0.28047416
   0.75481976  0.76438777  0.10796330
   0.74316380  0.72243488  0.21981589
   0.75481976  0.26438780  0.60796332
   0.74316380  0.22243486  0.71981592
   0.25481977  0.23561220  0.89203668
   0.24316381  0.27756515  0.78018408
   0.25481977  0.73561223  0.39203671
   0.24316381  0.77756512  0.28018411
   0.26291383  0.24234344 -0.00005094
   0.26291383  0.74234344  0.49994906
   0.76291382  0.75765656  1.00005094
   0.76291382  0.25765656  0.50005088
   0.78366199  0.75483983  0.34644818
   0.78366199  0.25483983  0.84644818
   0.80725361  0.75434279  0.45061227
   0.80725361  0.25434279  0.95061224
   0.30725361  0.24565723  0.54938776
   0.28366202  0.24516017  0.65355182
   0.28366202  0.74516017  0.15355182
   0.30725361  0.74565721  0.04938775
   0.30652722  0.24466199  0.45089302
   0.30652722  0.74466199  0.95089302
   0.80652722  0.75533801  0.54910698
   0.80652722  0.25533801  0.04910698
   0.62475961  0.56178206  0.05274746
   0.31940707  0.31520040  0.40644460
   0.52412878  0.48544384  0.13885878
   0.30699410  0.18997043  0.30210113
   0.49858789  0.49780652  0.25059729
   0.03041125  0.96260965  0.03763633
   0.06022098  0.02396672  0.14569476
   0.62475961  0.06178207  0.55274744
   0.31940707  0.81520040  0.90644460
   0.52412878  0.98544387  0.63885877
   0.30699410  0.68997040  0.80210113
   0.49858789  0.99780655  0.75059732
   0.03041125  0.46260968  0.53763632
   0.06022098  0.52396677  0.64569479
   0.12475964  0.43821791  0.94725256
   0.81940707  0.68479960  0.59355540
   0.02412876  0.51455613  0.86114123
   0.80699416  0.81002960  0.69789887
  -0.00141210  0.50219345  0.74940268
   0.53041126  0.03739032  0.96236368
   0.56022099  0.97603323  0.85430521
   0.12475964  0.93821794  0.44725253
   0.81940707  0.18479960  0.09355541
   0.02412876  0.01455615  0.36114123
   0.80699416  0.31002960  0.19789887
  -0.00141210  0.00219348  0.24940269
   0.53041126  0.53739035  0.46236365
   0.56022099  0.47603329  0.35430524
   0.12461733  0.44025314  0.05274902
   0.81656790  0.68786644  0.40555024
   0.02450125  0.51344287  0.13800113
   0.77316237  0.79941235  0.30377200
   0.00038330  0.50837127  0.25148493
   0.52900506  0.03832862  0.03787344
   0.56450372  0.97620350  0.14667737
   0.12461733  0.94025311  0.55274906
   0.81656790  0.18786645  0.90555027
   0.02450125  0.01344285  0.63800110
   0.77316237  0.29941238  0.80377197
   0.00038330  0.00837128  0.75148493
   0.52900506  0.53832863  0.53787341
   0.56450372  0.47620350  0.64667740
   0.62461732  0.55974689  0.94725094
   0.31656787  0.31213356  0.59444973
   0.52450119  0.48655716  0.86199890
   0.27316240  0.20058765  0.69622803
   0.50038333  0.49162873  0.74851507
   0.02900507  0.96167137  0.96212659
   0.06450372  0.02379648  0.85332260
   0.62461732  0.05974685  0.44725100
   0.31656787  0.81213356  0.09444974
   0.52450119  0.98655713  0.36199887
   0.27316240  0.70058765  0.19622798
   0.50038333  0.99162873  0.24851504
   0.02900507  0.46167140  0.46212659
   0.06450372  0.52379650  0.35332266
   0.33538355  0.16787146  0.50013345
   0.33538355  0.66787152  1.00013348
   0.83538355  0.83212848  0.49986652
   0.83538355  0.33212854 -0.00013348
   0.28236178  0.24179511  0.34486732
   0.28236178  0.74179511  0.84486734
   0.78236175  0.75820489  0.65513266
   0.78236175  0.25820491  0.15513267
