   0.24965705  0.24492451  0.10714401
   0.21821061  0.26981085  0.21952324
   0.24965705  0.74492451  0.60714403
   0.21821061  0.76981088  0.71952319
   0.74965702  0.75507549  0.89285597
   0.71821057  0.73018912  0.78047681
   0.74965702  0.25507549  0.39285600
   0.71821057  0.23018913  0.28047675
   0.75417897  0.76026315  0.10760592
   0.74427359  0.72235276  0.21977153
   0.75417897  0.26026318  0.60760594
   0.74427359  0.22235275  0.71977156
   0.25417899  0.23973682  0.89239406
   0.24427361  0.27764727  0.78022844
   0.25417899  0.73973685  0.39239409
   0.24427361  0.77764724  0.28022847
   0.25850427  0.24363105 -0.00004407
   0.25850427  0.74363105  0.49995593
   0.75850426  0.75636895  1.00004407
   0.75850426  0.25636895  0.50004401
   0.78693202  0.75347732  0.34652879
   0.78693202  0.25347732  0.84652879
   0.80335056  0.75341947  0.45054987
   0.80335056  0.25341947  0.95054984
   0.30335056  0.24658054  0.54945016
   0.28693205  0.24652268  0.65347121
   0.28693205  0.74652268  0.15347121
   0.30335056  0.74658053  0.04945015
   0.30265118  0.24575596  0.45078714
   0.30265118  0.74575596  0.95078714
   0.80265118  0.75424404  0.54921286
   0.80265118  0.25424404  0.04921285
   0.61886376  0.55952052  0.05265351
   0.31863291  0.31599741  0.40624449
   0.52356457  0.48103798  0.13850629
   0.30791646  0.18875630  0.30221828
   0.49996818  0.49768479  0.25060147
   0.02638669  0.96284054  0.03771046
   0.07204268  0.03217275  0.14637244
   0.61886376  0.05952052  0.55265349
   0.31863291  0.81599741  0.90624449
   0.52356457  0.98103801  0.63850628
   0.30791646  0.68875627  0.80221828
   0.49996818  0.99768481  0.75060150
   0.02638669  0.46284057  0.53771046
   0.07204268  0.53217280  0.64637247
   0.11886379  0.44047945  0.94734651
   0.81863291  0.68400259  0.59375551
   0.02356454  0.51896199  0.86149372
   0.80791652  0.81124373  0.69778172
  -0.00003181  0.50231519  0.74939850
   0.52638670  0.03715943  0.96228954
   0.57204270  0.96782720  0.85362753
   0.11886379  0.94047948  0.44734648
   0.81863291  0.18400259  0.09375552
   0.02356454  0.01896201  0.36149372
   0.80791652  0.31124373  0.19778172
  -0.00003181  0.00231522  0.24939852
   0.52638670  0.53715946  0.46228951
   0.57204270  0.46782726  0.35362756
   0.11858349  0.44255181  0.05262841
   0.81647987  0.68715637  0.40539099
   0.02420815  0.51770462  0.13775792
   0.77563375  0.80095918  0.30388572
   0.00170389  0.50832499  0.25147465
   0.52502210  0.03804818  0.03793192
   0.57627313  0.96729509  0.14730862
   0.11858349  0.94255178  0.55262845
   0.81647987  0.18715638  0.90539102
   0.02420815  0.01770459  0.63775789
   0.77563375  0.30095921  0.80388569
   0.00170389  0.00832499  0.75147465
   0.52502210  0.53804818  0.53793189
   0.57627313  0.46729509  0.64730865
   0.61858347  0.55744822  0.94737155
   0.31647984  0.31284363  0.59460898
   0.52420810  0.48229541  0.86224211
   0.27563378  0.19904082  0.69611431
   0.50170393  0.49167501  0.74852535
   0.02502211  0.96195182  0.96206811
   0.07627314  0.03270489  0.85269135
   0.61858347  0.05744817  0.44737161
   0.31647984  0.81284363  0.09460899
   0.52420810  0.98229538  0.36224208
   0.27563378  0.69904082  0.19611427
   0.50170393  0.99167501  0.24852532
   0.02502211  0.46195185  0.46206811
   0.07627314  0.53270491  0.35269141
   0.33163969  0.16872077  0.50013050
   0.33163969  0.66872083  1.00013053
   0.83163969  0.83127917  0.49986947
   0.83163969  0.33127923 -0.00013053
   0.28532224  0.24331289  0.34495450
   0.28532224  0.74331289  0.84495453
   0.78532221  0.75668711  0.65504547
   0.78532221  0.25668712  0.15504549
