   0.24959371  0.24583518  0.10707962
   0.21893511  0.26980432  0.21952755
   0.24959371  0.74583518  0.60707964
   0.21893511  0.76980435  0.71952751
   0.74959368  0.75416482  0.89292036
   0.71893507  0.73019565  0.78047249
   0.74959368  0.25416482  0.39292039
   0.71893507  0.23019566  0.28047243
   0.75411304  0.75884692  0.10749547
   0.74460306  0.72227243  0.21975004
   0.75411304  0.25884695  0.60749549
   0.74460306  0.22227242  0.71975007
   0.25411305  0.24115305  0.89250451
   0.24460307  0.27772760  0.78024993
   0.25411305  0.74115308  0.39250454
   0.24460307  0.77772757  0.28024996
   0.25693158  0.24403894 -0.00003517
   0.25693158  0.74403894  0.49996483
   0.75693156  0.75596106  1.00003517
   0.75693156  0.25596106  0.50003511
   0.78808308  0.75302639  0.34653873
   0.78808308  0.25302639  0.84653873
   0.80195029  0.75317283  0.45051641
   0.80195029  0.25317283  0.95051638
   0.30195029  0.24682719  0.54948362
   0.28808311  0.24697361  0.65346127
   0.28808311  0.74697361  0.15346127
   0.30195029  0.74682717  0.04948361
   0.30129150  0.24612631  0.45073460
   0.30129150  0.74612631  0.95073460
   0.80129150  0.75387369  0.54926540
   0.80129150  0.25387369  0.04926539
   0.61675243  0.55868804  0.05263760
   0.31846362  0.31631685  0.40616741
   0.52365838  0.47986576  0.13839721
   0.30811423  0.18843858  0.30224491
   0.50050064  0.49764303  0.25061110
   0.02496517  0.96291029  0.03773068
   0.07584380  0.03475144  0.14662777
   0.61675243  0.05868805  0.55263758
   0.31846362  0.81631685  0.90616741
   0.52365838  0.97986579  0.63839719
   0.30811423  0.68843855  0.80224491
   0.50050064  0.99764306  0.75061113
   0.02496517  0.46291032  0.53773067
   0.07584380  0.53475150  0.64662780
   0.11675246  0.44131193  0.94736242
   0.81846362  0.68368315  0.59383259
   0.02365836  0.52013421  0.86160281
   0.80811429  0.81156145  0.69775509
   0.00050065  0.50235694  0.74938887
   0.52496518  0.03708968  0.96226933
   0.57584382  0.96524850  0.85337220
   0.11675246  0.94131196  0.44736239
   0.81846362  0.18368315  0.09383260
   0.02365836  0.02013423  0.36160281
   0.80811429  0.31156145  0.19775509
   0.00050065  0.00235697  0.24938889
   0.52496518  0.53708971  0.46226930
   0.57584382  0.46524856  0.35337223
   0.11647333  0.44328721  0.05259489
   0.81618681  0.68690198  0.40532941
   0.02430614  0.51896210  0.13770381
   0.77688682  0.80141543  0.30392000
   0.00220520  0.50829956  0.25147480
   0.52361877  0.03791788  0.03796111
   0.57988810  0.96469215  0.14747937
   0.11647333  0.94328718  0.55259493
   0.81618681  0.18690199  0.90532944
   0.02430614  0.01896207  0.63770378
   0.77688682  0.30141546  0.80391997
   0.00220520  0.00829956  0.75147480
   0.52361877  0.53791789  0.53796108
   0.57988810  0.46469215  0.64747940
   0.61647331  0.55671282  0.94740507
   0.31618678  0.31309802  0.59467056
   0.52430609  0.48103793  0.86229622
   0.27688685  0.19858457  0.69608003
   0.50220524  0.49170044  0.74852520
   0.02361878  0.96208211  0.96203892
   0.07988811  0.03530783  0.85252060
   0.61647331  0.05671278  0.44740513
   0.31618678  0.81309802  0.09467058
   0.52430609  0.98103790  0.36229619
   0.27688685  0.69858457  0.19607998
   0.50220524  0.99170044  0.24852517
   0.02361878  0.46208214  0.46203892
   0.07988811  0.53530785  0.35252066
   0.33030029  0.16898429  0.50012847
   0.33030029  0.66898435  1.00012850
   0.83030029  0.83101565  0.49987150
   0.83030029  0.33101571 -0.00012850
   0.28633475  0.24383134  0.34497583
   0.28633475  0.74383134  0.84497586
   0.78633472  0.75616866  0.65502414
   0.78633472  0.25616868  0.15502416
