   0.24960659  0.24539805  0.10710851
   0.21854874  0.26981484  0.21952412
   0.24960659  0.74539805  0.60710852
   0.21854874  0.76981487  0.71952408
   0.74960656  0.75460195  0.89289148
   0.71854870  0.73018513  0.78047592
   0.74960656  0.25460195  0.39289151
   0.71854870  0.23018515  0.28047586
   0.75411107  0.75954008  0.10754762
   0.74444278  0.72229232  0.21976124
   0.75411107  0.25954011  0.60754764
   0.74444278  0.22229230  0.71976127
   0.25411108  0.24045989  0.89245236
   0.24444279  0.27770771  0.78023873
   0.25411108  0.74045992  0.39245239
   0.24444279  0.77770768  0.28023876
   0.25771797  0.24382055 -0.00003961
   0.25771797  0.74382055  0.49996039
   0.75771796  0.75617945  1.00003961
   0.75771796  0.25617945  0.50003955
   0.78750846  0.75323113  0.34654790
   0.78750846  0.25323113  0.84654790
   0.80266017  0.75327796  0.45053432
   0.80266017  0.25327796  0.95053429
   0.30266017  0.24672206  0.54946571
   0.28750849  0.24676887  0.65345210
   0.28750849  0.74676887  0.15345210
   0.30266017  0.74672204  0.04946570
   0.30198298  0.24595607  0.45076053
   0.30198298  0.74595607  0.95076053
   0.80198298  0.75404393  0.54923947
   0.80198298  0.25404393  0.04923946
   0.61776105  0.55907036  0.05264280
   0.31855165  0.31616272  0.40621011
   0.52357566  0.48041247  0.13844562
   0.30805415  0.18857099  0.30223718
   0.50024965  0.49765994  0.25060590
   0.02566867  0.96287111  0.03771942
   0.07403880  0.03353020  0.14650057
   0.61776105  0.05907036  0.55264278
   0.31855165  0.81616272  0.90621011
   0.52357566  0.98041250  0.63844561
   0.30805415  0.68857096  0.80223718
   0.50024965  0.99765997  0.75060593
   0.02566867  0.46287114  0.53771941
   0.07403880  0.53353025  0.64650060
   0.11776108  0.44092961  0.94735722
   0.81855165  0.68383728  0.59378989
   0.02357563  0.51958750  0.86155439
   0.80805421  0.81142904  0.69776282
   0.00024967  0.50234003  0.74939407
   0.52566867  0.03712887  0.96228059
   0.57403882  0.96646975  0.85349940
   0.11776108  0.94092964  0.44735719
   0.81855165  0.18383728  0.09378991
   0.02357563  0.01958752  0.36155439
   0.80805421  0.31142904  0.19776282
   0.00024967  0.00234006  0.24939408
   0.52566867  0.53712889  0.46228056
   0.57403882  0.46646981  0.35349943
   0.11748464  0.44296167  0.05260876
   0.81635249  0.68701784  0.40536359
   0.02422638  0.51837529  0.13772407
   0.77626593  0.80121650  0.30390594
   0.00196572  0.50831505  0.25147393
   0.52431117  0.03798668  0.03794484
   0.57815419  0.96590476  0.14739576
   0.11748464  0.94296164  0.55260880
   0.81635249  0.18701785  0.90536362
   0.02422638  0.01837526  0.63772404
   0.77626593  0.30121653  0.80390591
   0.00196572  0.00831505  0.75147393
   0.52431117  0.53798669  0.53794481
   0.57815419  0.46590476  0.64739579
   0.61748463  0.55703836  0.94739120
   0.31635246  0.31298216  0.59463638
   0.52422632  0.48162474  0.86227596
   0.27626596  0.19878350  0.69609409
   0.50196576  0.49168495  0.74852607
   0.02431117  0.96201331  0.96205519
   0.07815419  0.03409522  0.85260421
   0.61748463  0.05703832  0.44739126
   0.31635246  0.81298216  0.09463639
   0.52422632  0.98162471  0.36227593
   0.27626596  0.69878350  0.19609405
   0.50196576  0.99168495  0.24852604
   0.02431117  0.46201334  0.46205519
   0.07815419  0.53409524  0.35260427
   0.33095158  0.16885386  0.50012965
   0.33095158  0.66885392  1.00012967
   0.83095158  0.83114608  0.49987033
   0.83095158  0.33114614 -0.00012967
   0.28580934  0.24359102  0.34498284
   0.28580934  0.74359102  0.84498287
   0.78580931  0.75640898  0.65501713
   0.78580931  0.25640900  0.15501715
