   0.24963330  0.24710468  0.10700133
   0.22040868  0.26969643  0.21955817
   0.24963330  0.74710468  0.60700135
   0.22040868  0.76969646  0.71955813
   0.74963327  0.75289532  0.89299865
   0.72040864  0.73030354  0.78044187
   0.74963327  0.25289532  0.39299868
   0.72040864  0.23030356  0.28044181
   0.75425904  0.75641219  0.10733402
   0.74491417  0.72209254  0.21970103
   0.75425904  0.25641222  0.60733405
   0.74491417  0.22209252  0.71970106
   0.25425906  0.24358778  0.89266595
   0.24491419  0.27790749  0.78029894
   0.25425906  0.74358781  0.39266598
   0.24491419  0.77790746  0.28029897
   0.25429408  0.24472334 -0.00001539
   0.25429408  0.74472334  0.49998461
   0.75429406  0.75527666  1.00001539
   0.75429406  0.25527666  0.50001533
   0.79016679  0.75234790  0.34654563
   0.79016679  0.25234790  0.84654563
   0.79962439  0.75273555  0.45044753
   0.79962439  0.25273555  0.95044750
   0.29962439  0.24726446  0.54955250
   0.29016682  0.24765210  0.65345437
   0.29016682  0.74765210  0.15345437
   0.29962439  0.74726445  0.04955249
   0.29905376  0.24682775  0.45063965
   0.29905376  0.74682775  0.95063965
   0.79905376  0.75317225  0.54936035
   0.79905376  0.25317225  0.04936034
   0.61322637  0.55734207  0.05262865
   0.31821352  0.31689538  0.40602836
   0.52403226  0.47803490  0.13823561
   0.30794974  0.18802886  0.30226452
   0.50131366  0.49757838  0.25063594
   0.02247436  0.96294008  0.03777174
   0.08211232  0.03888926  0.14709426
   0.61322637  0.05734207  0.55262862
   0.31821352  0.81689538  0.90602836
   0.52403226  0.97803493  0.63823559
   0.30794974  0.68802883  0.80226452
   0.50131366  0.99757841  0.75063597
   0.02247436  0.46294011  0.53777173
   0.08211232  0.53888931  0.64709429
   0.11322640  0.44265790  0.94737138
   0.81821352  0.68310462  0.59397164
   0.02403223  0.52196507  0.86176441
   0.80794980  0.81197117  0.69773548
   0.00131368  0.50242159  0.74936403
   0.52247436  0.03705989  0.96222827
   0.58211234  0.96111069  0.85290571
   0.11322640  0.94265793  0.44737135
   0.81821352  0.18310462  0.09397165
   0.02403223  0.02196509  0.36176441
   0.80794980  0.31197117  0.19773548
   0.00131368  0.00242162  0.24936404
   0.52247436  0.53705992  0.46222824
   0.58211234  0.46111075  0.35290574
   0.11298334  0.44440603  0.05255249
   0.81544833  0.68652369  0.40521322
   0.02461402  0.52087004  0.13767131
   0.77948915  0.80217940  0.30395092
   0.00294208  0.50820070  0.25147149
   0.52113110  0.03775426  0.03802822
   0.58578107  0.96049088  0.14775020
   0.11298334  0.94440600  0.55255253
   0.81544833  0.18652370  0.90521325
   0.02461402  0.02087001  0.63767128
   0.77948915  0.30217943  0.80395089
   0.00294208  0.00820071  0.75147149
   0.52113110  0.53775427  0.53802820
   0.58578107  0.46049088  0.64775023
   0.61298333  0.55559400  0.94744747
   0.31544830  0.31347631  0.59478675
   0.52461396  0.47912999  0.86232872
   0.27948918  0.19782060  0.69604911
   0.50294211  0.49179930  0.74852851
   0.02113110  0.96224573  0.96197180
   0.08578108  0.03950910  0.85224977
   0.61298333  0.05559396  0.44744753
   0.31544830  0.81347631  0.09478676
   0.52461396  0.97912996  0.36232869
   0.27948918  0.69782060  0.19604906
   0.50294211  0.99179930  0.24852848
   0.02113110  0.46224576  0.46197180
   0.08578108  0.53950912  0.35224983
   0.32792105  0.16943103  0.50012529
   0.32792105  0.66943109  1.00012532
   0.82792105  0.83056891  0.49987468
   0.82792105  0.33056897 -0.00012532
   0.28801325  0.24471220  0.34496360
   0.28801325  0.74471220  0.84496363
   0.78801322  0.75528780  0.65503637
   0.78801322  0.25528782  0.15503638
