   0.24981469  0.24340867  0.10726095
   0.21724640  0.26984832  0.21951776
   0.24981469  0.74340867  0.60726096
   0.21724640  0.76984835  0.71951771
   0.74981466  0.75659133  0.89273904
   0.71724635  0.73015165  0.78048229
   0.74981466  0.25659133  0.39273906
   0.71724635  0.23015167  0.28048223
   0.75443937  0.76231066  0.10777937
   0.74372135  0.72239429  0.21979351
   0.75443937  0.26231069  0.60777939
   0.74372135  0.22239427  0.71979354
   0.25443938  0.23768931  0.89222061
   0.24372137  0.27760574  0.78020646
   0.25443938  0.73768934  0.39222064
   0.24372137  0.77760571  0.28020649
   0.26072626  0.24298833 -0.00005205
   0.26072626  0.74298833  0.49994795
   0.76072625  0.75701167  1.00005205
   0.76072625  0.25701167  0.50005199
   0.78528269  0.75416215  0.34648880
   0.78528269  0.25416215  0.84648880
   0.80531894  0.75385902  0.45058212
   0.80531894  0.25385902  0.95058209
   0.30531894  0.24614100  0.54941791
   0.28528272  0.24583785  0.65351120
   0.28528272  0.74583785  0.15351120
   0.30531894  0.74614098  0.04941790
   0.30458041  0.24520702  0.45084213
   0.30458041  0.74520702  0.95084213
   0.80458041  0.75479298  0.54915787
   0.80458041  0.25479298  0.04915787
   0.62179281  0.56062772  0.05268985
   0.31899978  0.31559275  0.40634887
   0.52368326  0.48299824  0.13866657
   0.30753896  0.18927276  0.30217330
   0.49924323  0.49774078  0.25059765
   0.02842616  0.96274581  0.03767476
   0.06629501  0.02823447  0.14602326
   0.62179281  0.06062773  0.55268983
   0.31899978  0.81559275  0.90634887
   0.52368326  0.98299827  0.63866656
   0.30753896  0.68927273  0.80217330
   0.49924323  0.99774081  0.75059768
   0.02842616  0.46274584  0.53767475
   0.06629501  0.52823452  0.64602329
   0.12179284  0.43937225  0.94731017
   0.81899978  0.68440725  0.59365113
   0.02368323  0.51700173  0.86133344
   0.80753902  0.81072727  0.69782670
  -0.00075675  0.50225919  0.74940232
   0.52842616  0.03725417  0.96232525
   0.56629503  0.97176548  0.85397671
   0.12179284  0.93937228  0.44731014
   0.81899978  0.18440725  0.09365115
   0.02368323  0.01700175  0.36133344
   0.80753902  0.31072727  0.19782670
  -0.00075675  0.00225922  0.24940233
   0.52842616  0.53725419  0.46232522
   0.56629503  0.47176554  0.35397674
   0.12155212  0.44148224  0.05268508
   0.81672297  0.68750515  0.40547121
   0.02422266  0.51567624  0.13785736
   0.77423975  0.80026645  0.30384720
   0.00101404  0.50836345  0.25148174
   0.52703834  0.03818209  0.03789486
   0.57070331  0.97143648  0.14702570
   0.12155212  0.94148221  0.55268512
   0.81672297  0.18750516  0.90547124
   0.02422266  0.01567621  0.63785733
   0.77423975  0.30026648  0.80384717
   0.00101404  0.00836346  0.75148174
   0.52703834  0.53818209  0.53789483
   0.57070331  0.47143648  0.64702573
   0.62155210  0.55851779  0.94731488
   0.31672294  0.31249485  0.59452876
   0.52422261  0.48432379  0.86214267
   0.27423978  0.19973355  0.69615283
   0.50101408  0.49163655  0.74851826
   0.02703835  0.96181791  0.96210517
   0.07070331  0.02856350  0.85297427
   0.62155210  0.05851775  0.44731494
   0.31672294  0.81249485  0.09452877
   0.52422261  0.98432376  0.36214264
   0.27423978  0.69973355  0.19615279
   0.50101408  0.99163655  0.24851823
   0.02703835  0.46181794  0.46210517
   0.07070331  0.52856352  0.35297433
   0.33355265  0.16830639  0.50013270
   0.33355265  0.66830645  1.00013273
   0.83355265  0.83169355  0.49986727
   0.83355265  0.33169361 -0.00013273
   0.28384469  0.24257167  0.34491776
   0.28384469  0.74257167  0.84491779
   0.78384466  0.75742833  0.65508221
   0.78384466  0.25742834  0.15508222
