   0.24996623  0.24263192  0.10733517
   0.21689268  0.26982515  0.21952529
   0.24996623  0.74263192  0.60733518
   0.21689268  0.76982518  0.71952525
   0.74996620  0.75736808  0.89266482
   0.71689263  0.73017482  0.78047475
   0.74996620  0.25736808  0.39266485
   0.71689263  0.23017484  0.28047469
   0.75460989  0.76326587  0.10787233
   0.74347234  0.72243378  0.21980700
   0.75460989  0.26326590  0.60787235
   0.74347234  0.22243376  0.71980703
   0.25460991  0.23673410  0.89212765
   0.24347235  0.27756625  0.78019297
   0.25460991  0.73673413  0.39212768
   0.24347235  0.77756622  0.28019300
   0.26174018  0.24270338 -0.00005302
   0.26174018  0.74270338  0.49994698
   0.76174016  0.75729662  1.00005302
   0.76174016  0.25729662  0.50005296
   0.78454684  0.75446836  0.34646904
   0.78454684  0.25446836  0.84646904
   0.80620432  0.75407416  0.45059285
   0.80620432  0.25407416  0.95059282
   0.30620432  0.24592586  0.54940718
   0.28454687  0.24553164  0.65353096
   0.28454687  0.74553164  0.15353096
   0.30620432  0.74592584  0.04940717
   0.30546314  0.24496025  0.45086326
   0.30546314  0.74496025  0.95086326
   0.80546314  0.75503975  0.54913674
   0.80546314  0.25503975  0.04913674
   0.62317220  0.56117407  0.05271567
   0.31917217  0.31540434  0.40639613
   0.52382328  0.48408008  0.13875529
   0.30726889  0.18958338  0.30213631
   0.49893315  0.49777231  0.25059689
   0.02934394  0.96268230  0.03766068
   0.06355143  0.02627263  0.14587342
   0.62317220  0.06117408  0.55271565
   0.31917217  0.81540434  0.90639613
   0.52382328  0.98408011  0.63875527
   0.30726889  0.68958335  0.80213631
   0.49893315  0.99777234  0.75059692
   0.02934394  0.46268233  0.53766067
   0.06355143  0.52627268  0.64587345
   0.12317223  0.43882590  0.94728435
   0.81917217  0.68459566  0.59360387
   0.02382326  0.51591989  0.86124473
   0.80726895  0.81041665  0.69786369
  -0.00106683  0.50222766  0.74940308
   0.52934394  0.03731768  0.96233933
   0.56355145  0.97372732  0.85412655
   0.12317223  0.93882593  0.44728432
   0.81917217  0.18459566  0.09360389
   0.02382326  0.01591991  0.36124473
   0.80726895  0.31041665  0.19786369
  -0.00106683  0.00222769  0.24940310
   0.52934394  0.53731770  0.46233930
   0.56355145  0.47372738  0.35412658
   0.12296973  0.44091711  0.05271628
   0.81669101  0.68767556  0.40550962
   0.02433434  0.51469257  0.13792511
   0.77370363  0.79989088  0.30380808
   0.00071156  0.50836337  0.25148295
   0.52794662  0.03824854  0.03788569
   0.56790076  0.97353195  0.14687826
   0.12296973  0.94091708  0.55271633
   0.81669101  0.18767558  0.90550965
   0.02433434  0.01469254  0.63792508
   0.77370363  0.29989091  0.80380805
   0.00071156  0.00836338  0.75148295
   0.52794662  0.53824855  0.53788566
   0.56790076  0.47353195  0.64687829
   0.62296972  0.55908292  0.94728367
   0.31669098  0.31232444  0.59449035
   0.52433429  0.48530746  0.86207492
   0.27370366  0.20010912  0.69619195
   0.50071160  0.49163663  0.74851705
   0.02794662  0.96175145  0.96211434
   0.06790076  0.02646803  0.85312171
   0.62296972  0.05908287  0.44728373
   0.31669098  0.81232444  0.09449037
   0.52433429  0.98530743  0.36207489
   0.27370366  0.70010912  0.19619191
   0.50071160  0.99163663  0.24851702
   0.02794662  0.46175148  0.46211434
   0.06790076  0.52646805  0.35312177
   0.33441393  0.16810642  0.50013324
   0.33441393  0.66810648  1.00013326
   0.83441393  0.83189352  0.49986674
   0.83441393  0.33189358 -0.00013326
   0.28316757  0.24223030  0.34489091
   0.28316757  0.74223030  0.84489094
   0.78316754  0.75776970  0.65510906
   0.78316754  0.25776972  0.15510907
