   0.24962982  0.24533851  0.10711112
   0.21851533  0.26981236  0.21951801
   0.24962982  0.74533851  0.60711113
   0.21851533  0.76981239  0.71951797
   0.74962979  0.75466149  0.89288887
   0.71851529  0.73018761  0.78048203
   0.74962979  0.25466149  0.39288890
   0.71851529  0.23018762  0.28048197
   0.75414218  0.75963781  0.10755343
   0.74441724  0.72231662  0.21975764
   0.75414218  0.25963784  0.60755346
   0.74441724  0.22231661  0.71975767
   0.25414219  0.24036216  0.89244654
   0.24441725  0.27768341  0.78024233
   0.25414219  0.74036219  0.39244657
   0.24441725  0.77768338  0.28024236
   0.25785556  0.24379248 -0.00004029
   0.25785556  0.74379248  0.49995971
   0.75785555  0.75620752  1.00004029
   0.75785555  0.25620752  0.50004023
   0.78740415  0.75331881  0.34650776
   0.78740415  0.25331881  0.84650776
   0.80276993  0.75330573  0.45052914
   0.80276993  0.25330573  0.95052911
   0.30276993  0.24669428  0.54947089
   0.28740418  0.24668119  0.65349224
   0.28740418  0.74668119  0.15349224
   0.30276993  0.74669427  0.04947088
   0.30209124  0.24592027  0.45075588
   0.30209124  0.74592027  0.95075588
   0.80209124  0.75407973  0.54924412
   0.80209124  0.25407973  0.04924412
   0.61794143  0.55914832  0.05264326
   0.31856058  0.31612575  0.40621497
   0.52359096  0.48047972  0.13845111
   0.30801950  0.18862760  0.30225013
   0.50018892  0.49766491  0.25060553
   0.02577684  0.96287552  0.03771593
   0.07368096  0.03334629  0.14647789
   0.61794143  0.05914833  0.55264324
   0.31856058  0.81612575  0.90621497
   0.52359096  0.98047975  0.63845110
   0.30801950  0.68862757  0.80225013
   0.50018892  0.99766494  0.75060556
   0.02577684  0.46287555  0.53771593
   0.07368096  0.53334634  0.64647792
   0.11794146  0.44085165  0.94735676
   0.81856058  0.68387425  0.59378503
   0.02359094  0.51952025  0.86154890
   0.80801956  0.81137243  0.69774987
   0.00018893  0.50233506  0.74939444
   0.52577684  0.03712445  0.96228407
   0.57368098  0.96665366  0.85352208
   0.11794146  0.94085168  0.44735673
   0.81856058  0.18387425  0.09378504
   0.02359094  0.01952027  0.36154890
   0.80801956  0.31137243  0.19774987
   0.00018893  0.00233509  0.24939445
   0.52577684  0.53712448  0.46228404
   0.57368098  0.46665372  0.35352211
   0.11766080  0.44288915  0.05261064
   0.81637283  0.68704736  0.40536789
   0.02418960  0.51824609  0.13772517
   0.77616371  0.80114950  0.30392407
   0.00191926  0.50832150  0.25147645
   0.52442003  0.03799003  0.03794063
   0.57787989  0.96615915  0.14738064
   0.11766080  0.94288912  0.55261068
   0.81637283  0.18704737  0.90536792
   0.02418960  0.01824606  0.63772514
   0.77616371  0.30114953  0.80392404
   0.00191926  0.00832151  0.75147645
   0.52442003  0.53799004  0.53794060
   0.57787989  0.46615915  0.64738067
   0.61766078  0.55711088  0.94738932
   0.31637280  0.31295264  0.59463208
   0.52418954  0.48175394  0.86227486
   0.27616374  0.19885050  0.69607596
   0.50191929  0.49167850  0.74852355
   0.02442003  0.96200996  0.96205940
   0.07787990  0.03384083  0.85261933
   0.61766078  0.05711084  0.44738938
   0.31637280  0.81295264  0.09463210
   0.52418954  0.98175391  0.36227483
   0.27616374  0.69885050  0.19607592
   0.50191929  0.99167850  0.24852352
   0.02442003  0.46200999  0.46205940
   0.07787990  0.53384085  0.35261939
   0.33106209  0.16883554  0.50012964
   0.33106209  0.66883560  1.00012967
   0.83106209  0.83116440  0.49987033
   0.83106209  0.33116446 -0.00012967
   0.28574699  0.24350640  0.34495208
   0.28574699  0.74350640  0.84495211
   0.78574696  0.75649360  0.65504789
   0.78574696  0.25649361  0.15504790
