   0.24962364  0.24534071  0.10711013
   0.21850721  0.26981824  0.21951810
   0.24962364  0.74534071  0.60711015
   0.21850721  0.76981827  0.71951806
   0.74962361  0.75465929  0.89288985
   0.71850716  0.73018173  0.78048194
   0.74962361  0.25465929  0.39288988
   0.71850716  0.23018174  0.28048188
   0.75413768  0.75963406  0.10755221
   0.74441676  0.72230627  0.21975762
   0.75413768  0.25963408  0.60755223
   0.74441676  0.22230625  0.71975765
   0.25413769  0.24036592  0.89244777
   0.24441678  0.27769376  0.78024235
   0.25413769  0.74036594  0.39244780
   0.24441678  0.77769373  0.28024238
   0.25784388  0.24379714 -0.00004025
   0.25784388  0.74379714  0.49995975
   0.75784387  0.75620286  1.00004025
   0.75784387  0.25620286  0.50004019
   0.78740912  0.75331129  0.34651360
   0.78740912  0.25331129  0.84651360
   0.80276178  0.75330501  0.45053195
   0.80276178  0.25330501  0.95053192
   0.30276178  0.24669500  0.54946808
   0.28740915  0.24668871  0.65348640
   0.28740915  0.74668871  0.15348640
   0.30276178  0.74669499  0.04946807
   0.30208269  0.24592126  0.45075887
   0.30208269  0.74592126  0.95075887
   0.80208269  0.75407874  0.54924113
   0.80208269  0.25407874  0.04924113
   0.61792940  0.55914424  0.05264373
   0.31856072  0.31613326  0.40621264
   0.52358089  0.48048634  0.13845164
   0.30802441  0.18862118  0.30224859
   0.50019805  0.49766298  0.25060551
   0.02577110  0.96287495  0.03771624
   0.07371486  0.03334689  0.14648023
   0.61792940  0.05914424  0.55264371
   0.31856072  0.81613326  0.90621264
   0.52358089  0.98048637  0.63845162
   0.30802441  0.68862115  0.80224859
   0.50019805  0.99766300  0.75060554
   0.02577110  0.46287498  0.53771623
   0.07371486  0.53334694  0.64648026
   0.11792943  0.44085573  0.94735629
   0.81856072  0.68386674  0.59378736
   0.02358087  0.51951363  0.86154838
   0.80802447  0.81137885  0.69775141
   0.00019806  0.50233700  0.74939446
   0.52577110  0.03712503  0.96228377
   0.57371488  0.96665306  0.85351974
   0.11792943  0.94085576  0.44735626
   0.81856072  0.18386674  0.09378738
   0.02358087  0.01951365  0.36154838
   0.80802447  0.31137885  0.19775141
   0.00019806  0.00233703  0.24939447
   0.52577110  0.53712505  0.46228374
   0.57371488  0.46665312  0.35351977
   0.11765003  0.44289375  0.05261102
   0.81637208  0.68704191  0.40536530
   0.02420317  0.51826440  0.13772606
   0.77617353  0.80115188  0.30392472
   0.00192559  0.50831866  0.25147581
   0.52441360  0.03798957  0.03794095
   0.57788798  0.96613305  0.14738231
   0.11765003  0.94289372  0.55261106
   0.81637208  0.18704193  0.90536533
   0.02420317  0.01826437  0.63772603
   0.77617353  0.30115191  0.80392469
   0.00192559  0.00831866  0.75147581
   0.52441360  0.53798958  0.53794093
   0.57788798  0.46613305  0.64738234
   0.61765002  0.55710628  0.94738894
   0.31637205  0.31295809  0.59463467
   0.52420311  0.48173563  0.86227397
   0.27617356  0.19884812  0.69607531
   0.50192562  0.49168134  0.74852419
   0.02441361  0.96201042  0.96205907
   0.07788799  0.03386692  0.85261766
   0.61765002  0.05710624  0.44738900
   0.31637205  0.81295809  0.09463469
   0.52420311  0.98173560  0.36227394
   0.27617356  0.69884812  0.19607527
   0.50192562  0.99168134  0.24852416
   0.02441361  0.46201045  0.46205907
   0.07788799  0.53386695  0.35261772
   0.33105719  0.16883482  0.50012965
   0.33105719  0.66883488  1.00012968
   0.83105719  0.83116512  0.49987032
   0.83105719  0.33116518 -0.00012968
   0.28575448  0.24351836  0.34495847
   0.28575448  0.74351836  0.84495850
   0.78575445  0.75648164  0.65504150
   0.78575445  0.25648166  0.15504152
