   0.24963002  0.24513905  0.10712463
   0.21834823  0.26982373  0.21951805
   0.24963002  0.74513905  0.60712464
   0.21834823  0.76982376  0.71951800
   0.74962999  0.75486095  0.89287536
   0.71834819  0.73017624  0.78048200
   0.74962999  0.25486095  0.39287539
   0.71834819  0.23017626  0.28048194
   0.75415264  0.75994387  0.10757667
   0.74434594  0.72232290  0.21976283
   0.75415264  0.25994390  0.60757669
   0.74434594  0.22232288  0.71976286
   0.25415266  0.24005610  0.89242331
   0.24434596  0.27767713  0.78023714
   0.25415266  0.74005613  0.39242334
   0.24434596  0.77767710  0.28023717
   0.25816324  0.24371316 -0.00004216
   0.25816324  0.74371316  0.49995784
   0.75816323  0.75628684  1.00004216
   0.75816323  0.25628684  0.50004210
   0.78718125  0.75338572  0.34652378
   0.78718125  0.25338572  0.84652378
   0.80303862  0.75335739  0.45054218
   0.80303862  0.25335739  0.95054215
   0.30303862  0.24664263  0.54945785
   0.28718128  0.24661428  0.65347622
   0.28718128  0.74661428  0.15347622
   0.30303862  0.74664261  0.04945784
   0.30234878  0.24584650  0.45077357
   0.30234878  0.74584650  0.95077357
   0.80234878  0.75415350  0.54922643
   0.80234878  0.25415350  0.04922642
   0.61838204  0.55933618  0.05264979
   0.31860408  0.31607274  0.40622549
   0.52357947  0.48074684  0.13847902
   0.30798909  0.18866756  0.30222855
   0.50008216  0.49767101  0.25060394
   0.02607427  0.96286536  0.03771277
   0.07289516  0.03277354  0.14643042
   0.61838204  0.05933619  0.55264977
   0.31860408  0.81607274  0.90622549
   0.52357947  0.98074687  0.63847901
   0.30798909  0.68866753  0.80222855
   0.50008216  0.99767104  0.75060397
   0.02607427  0.46286539  0.53771276
   0.07289516  0.53277359  0.64643045
   0.11838207  0.44066379  0.94735023
   0.81860408  0.68392726  0.59377451
   0.02357945  0.51925313  0.86152099
   0.80798915  0.81133247  0.69777145
   0.00008217  0.50232896  0.74939603
   0.52607427  0.03713462  0.96228724
   0.57289517  0.96722641  0.85356955
   0.11838207  0.94066382  0.44735020
   0.81860408  0.18392726  0.09377452
   0.02357945  0.01925315  0.36152099
   0.80798915  0.31133247  0.19777145
   0.00008217  0.00232899  0.24939604
   0.52607427  0.53713464  0.46228721
   0.57289517  0.46722647  0.35356958
   0.11810276  0.44272091  0.05262096
   0.81643651  0.68709168  0.40537450
   0.02420461  0.51799307  0.13774195
   0.77590645  0.80106282  0.30390484
   0.00181663  0.50832607  0.25147625
   0.52471039  0.03800752  0.03793574
   0.57710834  0.96670722  0.14734979
   0.11810276  0.94272088  0.55262100
   0.81643651  0.18709170  0.90537452
   0.02420461  0.01799304  0.63774192
   0.77590645  0.30106285  0.80390481
   0.00181663  0.00832607  0.75147625
   0.52471039  0.53800753  0.53793571
   0.57710834  0.46670722  0.64734982
   0.61810275  0.55727912  0.94737900
   0.31643648  0.31290832  0.59462548
   0.52420456  0.48200696  0.86225808
   0.27590648  0.19893718  0.69609519
   0.50181667  0.49167393  0.74852375
   0.02471040  0.96199247  0.96206429
   0.07710835  0.03329276  0.85265018
   0.61810275  0.05727908  0.44737906
   0.31643648  0.81290832  0.09462549
   0.52420456  0.98200693  0.36225805
   0.27590648  0.69893718  0.19609515
   0.50181667  0.99167393  0.24852372
   0.02471040  0.46199250  0.46206429
   0.07710835  0.53329278  0.35265024
   0.33135514  0.16877394  0.50013006
   0.33135514  0.66877400  1.00013009
   0.83135514  0.83122600  0.49986991
   0.83135514  0.33122606 -0.00013009
   0.28554398  0.24341362  0.34495714
   0.28554398  0.74341362  0.84495717
   0.78554395  0.75658638  0.65504283
   0.78554395  0.25658639  0.15504285
