   0.24993571  0.24292356  0.10730648
   0.21703469  0.26982689  0.21952062
   0.24993571  0.74292356  0.60730649
   0.21703469  0.76982692  0.71952057
   0.74993568  0.75707644  0.89269351
   0.71703465  0.73017308  0.78047943
   0.74993568  0.25707644  0.39269354
   0.71703465  0.23017309  0.28047937
   0.75455176  0.76289290  0.10783668
   0.74355436  0.72243044  0.21980019
   0.75455176  0.26289293  0.60783670
   0.74355436  0.22243042  0.71980022
   0.25455177  0.23710707  0.89216330
   0.24355438  0.27756959  0.78019978
   0.25455177  0.73710710  0.39216333
   0.24355438  0.77756956  0.28019981
   0.26134833  0.24281739 -0.00005289
   0.26134833  0.74281739  0.49994711
   0.76134831  0.75718261  1.00005289
   0.76134831  0.25718261  0.50005283
   0.78482264  0.75438919  0.34645758
   0.78482264  0.25438919  0.84645758
   0.80587172  0.75399049  0.45058527
   0.80587172  0.25399049  0.95058524
   0.30587172  0.24600953  0.54941476
   0.28482267  0.24561081  0.65354242
   0.28482267  0.74561081  0.15354242
   0.30587172  0.74600951  0.04941474
   0.30513548  0.24505877  0.45084867
   0.30513548  0.74505877  0.95084867
   0.80513548  0.75494123  0.54915133
   0.80513548  0.25494123  0.04915133
   0.62267000  0.56098497  0.05270581
   0.31908440  0.31546333  0.40637944
   0.52377915  0.48364440  0.13872169
   0.30736242  0.18948194  0.30215464
   0.49903343  0.49775848  0.25059660
   0.02899082  0.96270052  0.03766619
   0.06458187  0.02699932  0.14592449
   0.62267000  0.06098498  0.55270579
   0.31908440  0.81546333  0.90637944
   0.52377915  0.98364443  0.63872167
   0.30736242  0.68948191  0.80215464
   0.49903343  0.99775851  0.75059663
   0.02899082  0.46270055  0.53766618
   0.06458187  0.52699937  0.64592452
   0.12267003  0.43901500  0.94729421
   0.81908440  0.68453667  0.59362056
   0.02377912  0.51635557  0.86127833
   0.80736248  0.81051809  0.69784536
  -0.00096656  0.50224149  0.74940337
   0.52899083  0.03729946  0.96233382
   0.56458188  0.97300063  0.85407548
   0.12267003  0.93901503  0.44729418
   0.81908440  0.18453667  0.09362058
   0.02377912  0.01635559  0.36127833
   0.80736248  0.31051809  0.19784536
  -0.00096656  0.00224152  0.24940339
   0.52899083  0.53729948  0.46233379
   0.56458188  0.47300069  0.35407551
   0.12245277  0.44111411  0.05270473
   0.81669770  0.68762417  0.40549621
   0.02428933  0.51504699  0.13789773
   0.77389099  0.80001512  0.30383426
   0.00081239  0.50835764  0.25148209
   0.52759728  0.03823130  0.03788896
   0.56895784  0.97274737  0.14693083
   0.12245277  0.94111408  0.55270477
   0.81669770  0.18762419  0.90549624
   0.02428933  0.01504696  0.63789770
   0.77389099  0.30001515  0.80383423
   0.00081239  0.00835764  0.75148209
   0.52759728  0.53823131  0.53788893
   0.56895784  0.47274737  0.64693086
   0.62245275  0.55888592  0.94729523
   0.31669767  0.31237583  0.59450376
   0.52428927  0.48495304  0.86210230
   0.27389102  0.19998488  0.69616577
   0.50081243  0.49164236  0.74851791
   0.02759729  0.96176869  0.96211107
   0.06895785  0.02725261  0.85306914
   0.62245275  0.05888588  0.44729529
   0.31669767  0.81237583  0.09450378
   0.52428927  0.98495301  0.36210227
   0.27389102  0.69998488  0.19616573
   0.50081243  0.99164236  0.24851788
   0.02759729  0.46176872  0.46211107
   0.06895785  0.52725263  0.35306920
   0.33408078  0.16818375  0.50013287
   0.33408078  0.66818381  1.00013290
   0.83408078  0.83181619  0.49986710
   0.83408078  0.33181625 -0.00013290
   0.28346399  0.24237432  0.34489672
   0.28346399  0.74237432  0.84489675
   0.78346396  0.75762568  0.65510325
   0.78346396  0.25762570  0.15510327
