   0.24976676  0.24365244  0.10724267
   0.21735556  0.26986160  0.21951815
   0.24976676  0.74365244  0.60724268
   0.21735556  0.76986163  0.71951810
   0.74976673  0.75634756  0.89275732
   0.71735552  0.73013837  0.78048190
   0.74976673  0.25634756  0.39275735
   0.71735552  0.23013839  0.28048184
   0.75435857  0.76199000  0.10775435
   0.74381070  0.72235619  0.21978985
   0.75435857  0.26199003  0.60775437
   0.74381070  0.22235618  0.71978988
   0.25435859  0.23800997  0.89224563
   0.24381071  0.27764384  0.78021012
   0.25435859  0.73801000  0.39224566
   0.24381071  0.77764381  0.28021015
   0.26035152  0.24308237 -0.00005126
   0.26035152  0.74308237  0.49994874
   0.76035150  0.75691763  1.00005126
   0.76035150  0.25691763  0.50005120
   0.78554512  0.75405355  0.34650392
   0.78554512  0.25405355  0.84650392
   0.80500793  0.75378869  0.45057534
   0.80500793  0.25378869  0.95057531
   0.30500793  0.24621132  0.54942469
   0.28554515  0.24594645  0.65349608
   0.28554515  0.74594645  0.15349608
   0.30500793  0.74621131  0.04942468
   0.30427465  0.24529031  0.45083078
   0.30427465  0.74529031  0.95083078
   0.80427465  0.75470969  0.54916922
   0.80427465  0.25470969  0.04916922
   0.62135943  0.56047027  0.05268306
   0.31895464  0.31565661  0.40633084
   0.52367038  0.48268234  0.13864480
   0.30762506  0.18918397  0.30217922
   0.49934657  0.49773523  0.25059818
   0.02813530  0.96276971  0.03767899
   0.06716191  0.02879990  0.14607500
   0.62135943  0.06047028  0.55268303
   0.31895464  0.81565661  0.90633084
   0.52367038  0.98268237  0.63864479
   0.30762506  0.68918394  0.80217922
   0.49934657  0.99773525  0.75059821
   0.02813530  0.46276974  0.53767898
   0.06716191  0.52879995  0.64607503
   0.12135946  0.43952970  0.94731697
   0.81895464  0.68434339  0.59366916
   0.02367035  0.51731763  0.86135521
   0.80762512  0.81081606  0.69782078
  -0.00065341  0.50226475  0.74940179
   0.52813530  0.03723027  0.96232102
   0.56716193  0.97120005  0.85392497
   0.12135946  0.93952973  0.44731694
   0.81895464  0.18434339  0.09366918
   0.02367035  0.01731766  0.36135521
   0.80762512  0.31081606  0.19782078
  -0.00065341  0.00226478  0.24940181
   0.52813530  0.53723029  0.46232099
   0.56716193  0.47120011  0.35392500
   0.12110675  0.44163846  0.05267636
   0.81672522  0.68744644  0.40545852
   0.02423026  0.51598806  0.13784217
   0.77440859  0.80037459  0.30384647
   0.00111065  0.50836001  0.25148296
   0.52675223  0.03815614  0.03789831
   0.57154309  0.97081452  0.14707323
   0.12110675  0.94163843  0.55267640
   0.81672522  0.18744645  0.90545855
   0.02423026  0.01598804  0.63784214
   0.77440859  0.30037462  0.80384644
   0.00111065  0.00836001  0.75148296
   0.52675223  0.53815615  0.53789828
   0.57154309  0.47081452  0.64707326
   0.62110674  0.55836157  0.94732360
   0.31672519  0.31255356  0.59454145
   0.52423020  0.48401197  0.86215786
   0.27440862  0.19962541  0.69615356
   0.50111068  0.49163999  0.74851704
   0.02675224  0.96184385  0.96210172
   0.07154310  0.02918546  0.85292674
   0.62110674  0.05836153  0.44732366
   0.31672519  0.81255356  0.09454146
   0.52423020  0.98401194  0.36215783
   0.27440862  0.69962541  0.19615352
   0.50111068  0.99163999  0.24851701
   0.02675224  0.46184388  0.46210172
   0.07154310  0.52918548  0.35292680
   0.33330690  0.16835771  0.50013189
   0.33330690  0.66835777  1.00013192
   0.83330690  0.83164223  0.49986808
   0.83330690  0.33164229 -0.00013192
   0.28409204  0.24271136  0.34493030
   0.28409204  0.74271136  0.84493033
   0.78409201  0.75728864  0.65506967
   0.78409201  0.25728865  0.15506969
