   0.24994411  0.24269303  0.10732474
   0.21691835  0.26983534  0.21952182
   0.24994411  0.74269303  0.60732475
   0.21691835  0.76983537  0.71952177
   0.74994408  0.75730697  0.89267525
   0.71691830  0.73016463  0.78047823
   0.74994408  0.25730697  0.39267528
   0.71691830  0.23016464  0.28047817
   0.75460169  0.76319155  0.10785978
   0.74349098  0.72242830  0.21980334
   0.75460169  0.26319158  0.60785980
   0.74349098  0.22242829  0.71980337
   0.25460170  0.23680842  0.89214020
   0.24349100  0.27757173  0.78019663
   0.25460170  0.73680845  0.39214023
   0.24349100  0.77757170  0.28019666
   0.26166177  0.24272634 -0.00005293
   0.26166177  0.74272634  0.49994707
   0.76166175  0.75727366  1.00005293
   0.76166175  0.25727366  0.50005287
   0.78459072  0.75444290  0.34646958
   0.78459072  0.25444290  0.84646958
   0.80614595  0.75405614  0.45059317
   0.80614595  0.25405614  0.95059314
   0.30614595  0.24594387  0.54940686
   0.28459075  0.24555710  0.65353042
   0.28459075  0.74555710  0.15353042
   0.30614595  0.74594386  0.04940685
   0.30540276  0.24497907  0.45086345
   0.30540276  0.74497907  0.95086345
   0.80540276  0.75502093  0.54913655
   0.80540276  0.25502093  0.04913655
   0.62305812  0.56112206  0.05271446
   0.31915260  0.31542912  0.40638608
   0.52379231  0.48397807  0.13874813
   0.30729018  0.18955343  0.30213716
   0.49896471  0.49776868  0.25059697
   0.02926224  0.96267622  0.03766163
   0.06379688  0.02647241  0.14588853
   0.62305812  0.06112207  0.55271444
   0.31915260  0.81542912  0.90638608
   0.52379231  0.98397810  0.63874811
   0.30729018  0.68955340  0.80213716
   0.49896471  0.99776871  0.75059700
   0.02926224  0.46267625  0.53766162
   0.06379688  0.52647247  0.64588856
   0.12305815  0.43887791  0.94728556
   0.81915260  0.68457088  0.59361392
   0.02379228  0.51602190  0.86125189
   0.80729024  0.81044660  0.69786284
  -0.00103528  0.50223129  0.74940300
   0.52926224  0.03732375  0.96233838
   0.56379689  0.97352753  0.85411144
   0.12305815  0.93887794  0.44728553
   0.81915260  0.18457088  0.09361394
   0.02379228  0.01602192  0.36125189
   0.80729024  0.31044660  0.19786284
  -0.00103528  0.00223132  0.24940301
   0.52926224  0.53732378  0.46233835
   0.56379689  0.47352759  0.35411147
   0.12284933  0.44096994  0.05271460
   0.81669924  0.68765387  0.40550066
   0.02430688  0.51478017  0.13791993
   0.77375444  0.79992441  0.30381246
   0.00074452  0.50836163  0.25148335
   0.52786704  0.03825505  0.03788580
   0.56816955  0.97332796  0.14689371
   0.12284933  0.94096991  0.55271464
   0.81669924  0.18765388  0.90550069
   0.02430688  0.01478015  0.63791990
   0.77375444  0.29992444  0.80381243
   0.00074452  0.00836164  0.75148335
   0.52786704  0.53825506  0.53788578
   0.56816955  0.47332796  0.64689374
   0.62284932  0.55903009  0.94728536
   0.31669921  0.31234613  0.59449931
   0.52430682  0.48521986  0.86208010
   0.27375447  0.20007559  0.69618757
   0.50074455  0.49163837  0.74851665
   0.02786705  0.96174494  0.96211422
   0.06816955  0.02667202  0.85310626
   0.62284932  0.05903005  0.44728542
   0.31669921  0.81234613  0.09449932
   0.52430682  0.98521983  0.36208007
   0.27375447  0.70007559  0.19618753
   0.50074455  0.99163837  0.24851662
   0.02786705  0.46174497  0.46211422
   0.06816955  0.52667204  0.35310632
   0.33433148  0.16812324  0.50013317
   0.33433148  0.66812330  1.00013320
   0.83433148  0.83187670  0.49986680
   0.83433148  0.33187676 -0.00013320
   0.28320401  0.24224695  0.34489277
   0.28320401  0.74224695  0.84489279
   0.78320398  0.75775305  0.65510721
   0.78320398  0.25775307  0.15510722
