   0.25019674  0.24864086  0.10697782
   0.22347406  0.26958892  0.21969315
   0.25019674  0.74864086  0.60697784
   0.22347406  0.76958895  0.71969311
   0.75019671  0.75135914  0.89302216
   0.72347402  0.73041105  0.78030689
   0.75019671  0.25135914  0.39302219
   0.72347402  0.23041107  0.28030683
   0.75546967  0.75289118  0.10719920
   0.74452019  0.72130546  0.21956360
   0.75546967  0.25289120  0.60719922
   0.74452019  0.22130544  0.71956363
   0.25546969  0.24710880  0.89280078
   0.24452021  0.27869457  0.78043637
   0.25546969  0.74710882  0.39280081
   0.24452021  0.77869454  0.28043640
   0.25036579  0.24576890  0.00005087
   0.25036579  0.74576890  0.50005087
   0.75036578  0.75423110  0.99994913
   0.75036578  0.25423110  0.49994907
   0.79355898  0.75150831  0.34649493
   0.79355898  0.25150831  0.84649493
   0.79628121  0.75212624  0.45029134
   0.79628121  0.25212624  0.95029131
   0.29628121  0.24787377  0.54970869
   0.29355901  0.24849169  0.65350507
   0.29355901  0.74849169  0.15350507
   0.29628121  0.74787376  0.04970868
   0.29572572  0.24773818  0.45044651
   0.29572572  0.74773818  0.95044651
   0.79572572  0.75226182  0.54955349
   0.79572572  0.25226182  0.04955348
   0.60817966  0.55552923  0.05271989
   0.31770746  0.31762795  0.40570127
   0.52520296  0.47574030  0.13802373
   0.30532816  0.18702713  0.30221255
   0.50203337  0.49752164  0.25072943
   0.01857843  0.96280412  0.03789614
   0.09127773  0.04442707  0.14792059
   0.60817966  0.05552924  0.55271987
   0.31770746  0.81762795  0.90570127
   0.52520296  0.97574033  0.63802371
   0.30532816  0.68702710  0.80221255
   0.50203337  0.99752167  0.75072946
   0.01857843  0.46280415  0.53789613
   0.09127773  0.54442712  0.64792062
   0.10817969  0.44447074  0.94728013
   0.81770746  0.68237205  0.59429873
   0.02520293  0.52425967  0.86197629
   0.80532822  0.81297290  0.69778745
   0.00203338  0.50247833  0.74927054
   0.51857844  0.03719585  0.96210387
   0.59127775  0.95557288  0.85207938
   0.10817969  0.94447077  0.44728010
   0.81770746  0.18237205  0.09429874
   0.02520293  0.02425969  0.36197629
   0.80532822  0.31297290  0.19778745
   0.00203338  0.00247836  0.24927055
   0.51857844  0.53719588  0.46210384
   0.59127775  0.45557294  0.35207941
   0.10809235  0.44582394  0.05257781
   0.81412130  0.68584511  0.40492216
   0.02571668  0.52318468  0.13776123
   0.78421565  0.80380789  0.30392660
   0.00339683  0.50775170  0.25149365
   0.51716463  0.03784205  0.03820780
   0.59447506  0.95438067  0.14825826
   0.10809235  0.94582391  0.55257785
   0.81412130  0.18584512  0.90492219
   0.02571668  0.02318466  0.63776120
   0.78421565  0.30380792  0.80392657
   0.00339683  0.00775170  0.75149365
   0.51716463  0.53784206  0.53820778
   0.59447506  0.45438067  0.64825829
   0.60809234  0.55417609  0.94742215
   0.31412127  0.31415489  0.59507781
   0.52571663  0.47681535  0.86223880
   0.28421568  0.19619211  0.69607343
   0.50339687  0.49224830  0.74850635
   0.01716463  0.96215794  0.96179222
   0.09447507  0.04561931  0.85174171
   0.60809234  0.05417605  0.44742221
   0.31412127  0.81415489  0.09507783
   0.52571663  0.97681532  0.36223877
   0.28421568  0.69619211  0.19607339
   0.50339687  0.99224830  0.24850632
   0.01716463  0.46215797  0.46179222
   0.09447507  0.54561933  0.35174177
   0.32436706  0.16992403  0.50012303
   0.32436706  0.66992409  1.00012306
   0.82436706  0.83007591  0.49987694
   0.82436706  0.33007597 -0.00012306
   0.29055013  0.24612513  0.34487129
   0.29055013  0.74612513  0.84487132
   0.79055010  0.75387487  0.65512868
   0.79055010  0.25387489  0.15512869
