   0.24981916  0.24798907  0.10697496
   0.22188746  0.26962903  0.21962041
   0.24981916  0.74798907  0.60697498
   0.22188746  0.76962906  0.71962036
   0.74981913  0.75201093  0.89302502
   0.72188742  0.73037094  0.78037964
   0.74981913  0.25201093  0.39302505
   0.72188742  0.23037095  0.28037958
   0.75475387  0.75444715  0.10724315
   0.74483114  0.72175012  0.21964009
   0.75475387  0.25444718  0.60724317
   0.74483114  0.22175011  0.71964012
   0.25475388  0.24555282  0.89275683
   0.24483115  0.27824991  0.78035988
   0.25475388  0.74555285  0.39275686
   0.24483115  0.77824988  0.28035991
   0.25213476  0.24531798  0.00000781
   0.25213476  0.74531798  0.50000781
   0.75213474  0.75468202  0.99999219
   0.75213474  0.25468202  0.49999213
   0.79194513  0.75185705  0.34653307
   0.79194513  0.25185705  0.84653307
   0.79778768  0.75242360  0.45037396
   0.79778768  0.25242360  0.95037393
   0.29778768  0.24757642  0.54962607
   0.29194516  0.24814295  0.65346693
   0.29194516  0.74814295  0.15346693
   0.29778768  0.74757640  0.04962606
   0.29725575  0.24733104  0.45054714
   0.29725575  0.74733104  0.95054714
   0.79725575  0.75266896  0.54945286
   0.79725575  0.25266896  0.04945286
   0.61041365  0.55627631  0.05265442
   0.31799870  0.31734106  0.40587623
   0.52455291  0.47674660  0.13811571
   0.30697883  0.18761309  0.30224022
   0.50180059  0.49755055  0.25067663
   0.02041659  0.96291349  0.03782618
   0.08713095  0.04195701  0.14752297
   0.61041365  0.05627632  0.55265440
   0.31799870  0.81734106  0.90587623
   0.52455291  0.97674663  0.63811570
   0.30697883  0.68761306  0.80224022
   0.50180059  0.99755058  0.75067666
   0.02041659  0.46291352  0.53782618
   0.08713095  0.54195706  0.64752300
   0.11041368  0.44372366  0.94734560
   0.81799870  0.68265894  0.59412377
   0.02455288  0.52325337  0.86188430
   0.80697889  0.81238694  0.69775978
   0.00180061  0.50244942  0.74932334
   0.52041659  0.03708648  0.96217382
   0.58713096  0.95804294  0.85247700
   0.11041368  0.94372369  0.44734557
   0.81799870  0.18265894  0.09412379
   0.02455288  0.02325339  0.36188430
   0.80697889  0.31238694  0.19775978
   0.00180061  0.00244945  0.24932335
   0.52041659  0.53708651  0.46217379
   0.58713096  0.45804300  0.35247703
   0.11022648  0.44527677  0.05254859
   0.81472550  0.68617640  0.40507848
   0.02512640  0.52223002  0.13770075
   0.78199517  0.80294865  0.30394495
   0.00331128  0.50801661  0.25148052
   0.51905516  0.03771217  0.03811036
   0.59046593  0.95715197  0.14799879
   0.11022648  0.94527674  0.55254863
   0.81472550  0.18617641  0.90507851
   0.02512640  0.02222999  0.63770072
   0.78199517  0.30294868  0.80394492
   0.00331128  0.00801662  0.75148052
   0.51905516  0.53771218  0.53811033
   0.59046593  0.45715197  0.64799882
   0.61022647  0.55472326  0.94745137
   0.31472547  0.31382360  0.59492149
   0.52512634  0.47777001  0.86229928
   0.28199520  0.19705135  0.69605508
   0.50331131  0.49198339  0.74851948
   0.01905517  0.96228782  0.96188967
   0.09046594  0.04284801  0.85200118
   0.61022647  0.05472322  0.44745143
   0.31472547  0.81382360  0.09492150
   0.52512634  0.97776998  0.36229925
   0.28199520  0.69705135  0.19605504
   0.50331131  0.99198339  0.24851945
   0.01905517  0.46228785  0.46188967
   0.09046594  0.54284803  0.35200124
   0.32598261  0.16974902  0.50012396
   0.32598261  0.66974908  1.00012399
   0.82598261  0.83025092  0.49987601
   0.82598261  0.33025098 -0.00012399
   0.28940413  0.24549542  0.34492678
   0.28940413  0.74549542  0.84492681
   0.78940410  0.75450458  0.65507319
   0.78940410  0.25450459  0.15507321
