   0.24968805  0.24460048  0.10717081
   0.21799018  0.26981643  0.21952071
   0.24968805  0.74460048  0.60717082
   0.21799018  0.76981646  0.71952066
   0.74968802  0.75539952  0.89282918
   0.71799014  0.73018354  0.78047934
   0.74968802  0.25539952  0.39282921
   0.71799014  0.23018355  0.28047928
   0.75422541  0.76072669  0.10764670
   0.74415889  0.72236875  0.21977612
   0.75422541  0.26072672  0.60764673
   0.74415889  0.22236874  0.71977615
   0.25422542  0.23927328  0.89235327
   0.24415890  0.27763128  0.78022385
   0.25422542  0.73927331  0.39235330
   0.24415890  0.77763125  0.28022388
   0.25901853  0.24349052 -0.00004648
   0.25901853  0.74349052  0.49995352
   0.75901851  0.75650948  1.00004648
   0.75901851  0.25650948  0.50004642
   0.78655174  0.75364047  0.34650955
   0.78655174  0.25364047  0.84650955
   0.80379950  0.75351486  0.45055322
   0.80379950  0.25351486  0.95055319
   0.30379950  0.24648515  0.54944681
   0.28655177  0.24635953  0.65349045
   0.28655177  0.74635953  0.15349045
   0.30379950  0.74648514  0.04944680
   0.30309132  0.24563255  0.45079430
   0.30309132  0.74563255  0.95079430
   0.80309132  0.75436745  0.54920570
   0.80309132  0.25436745  0.04920570
   0.61954381  0.55978696  0.05265964
   0.31870695  0.31589762  0.40627009
   0.52356301  0.48144505  0.13854160
   0.30783350  0.18887789  0.30221064
   0.49979914  0.49769834  0.25060002
   0.02684953  0.96281800  0.03770286
   0.07075468  0.03129664  0.14628881
   0.61954381  0.05978697  0.55265962
   0.31870695  0.81589762  0.90627009
   0.52356301  0.98144508  0.63854158
   0.30783350  0.68887786  0.80221064
   0.49979914  0.99769836  0.75060005
   0.02684953  0.46281803  0.53770285
   0.07075468  0.53129669  0.64628884
   0.11954384  0.44021301  0.94734038
   0.81870695  0.68410238  0.59372991
   0.02356299  0.51855492  0.86145842
   0.80783356  0.81112214  0.69778936
  -0.00020084  0.50230164  0.74939995
   0.52684953  0.03718198  0.96229715
   0.57075469  0.96870331  0.85371116
   0.11954384  0.94021304  0.44734035
   0.81870695  0.18410238  0.09372992
   0.02356299  0.01855494  0.36145842
   0.80783356  0.31112214  0.19778936
  -0.00020084  0.00230167  0.24939997
   0.52684953  0.53718200  0.46229712
   0.57075469  0.46870337  0.35371119
   0.11927038  0.44230511  0.05264013
   0.81656324  0.68723628  0.40541135
   0.02418813  0.51725900  0.13777736
   0.77527457  0.80079401  0.30387877
   0.00154203  0.50833253  0.25147647
   0.52547872  0.03808374  0.03792277
   0.57504007  0.96819569  0.14724721
   0.11927038  0.94230508  0.55264017
   0.81656324  0.18723629  0.90541137
   0.02418813  0.01725897  0.63777733
   0.77527457  0.30079404  0.80387874
   0.00154203  0.00833254  0.75147647
   0.52547872  0.53808375  0.53792275
   0.57504007  0.46819569  0.64724723
   0.61927036  0.55769492  0.94735983
   0.31656321  0.31276372  0.59458863
   0.52418807  0.48274103  0.86222267
   0.27527460  0.19920599  0.69612126
   0.50154206  0.49166747  0.74852353
   0.02547873  0.96191625  0.96207725
   0.07504008  0.03180429  0.85275277
   0.61927036  0.05769488  0.44735989
   0.31656321  0.81276372  0.09458864
   0.52418807  0.98274100  0.36222264
   0.27527460  0.69920599  0.19612121
   0.50154206  0.99166747  0.24852350
   0.02547873  0.46191628  0.46207725
   0.07504008  0.53180431  0.35275282
   0.33208714  0.16862615  0.50013104
   0.33208714  0.66862621  1.00013107
   0.83208714  0.83137379  0.49986893
   0.83208714  0.33137385 -0.00013107
   0.28498131  0.24314188  0.34494292
   0.28498131  0.74314188  0.84494295
   0.78498128  0.75685812  0.65505705
   0.78498128  0.25685813  0.15505707
