   0.24985835  0.24327550  0.10727498
   0.21719003  0.26983453  0.21951839
   0.24985835  0.74327550  0.60727500
   0.21719003  0.76983456  0.71951834
   0.74985832  0.75672450  0.89272500
   0.71718998  0.73016544  0.78048166
   0.74985832  0.25672450  0.39272503
   0.71718998  0.23016545  0.28048160
   0.75446489  0.76247479  0.10779764
   0.74367512  0.72241208  0.21979496
   0.75446489  0.26247481  0.60779766
   0.74367512  0.22241206  0.71979499
   0.25446490  0.23752519  0.89220234
   0.24367513  0.27758795  0.78020501
   0.25446490  0.73752521  0.39220237
   0.24367513  0.77758792  0.28020504
   0.26091293  0.24293861 -0.00005237
   0.26091293  0.74293861  0.49994763
   0.76091291  0.75706139  1.00005237
   0.76091291  0.25706139  0.50005231
   0.78516358  0.75422658  0.34647730
   0.78516358  0.25422658  0.84647730
   0.80547043  0.75388366  0.45057420
   0.80547043  0.25388366  0.95057417
   0.30547043  0.24611635  0.54942583
   0.28516361  0.24577342  0.65352270
   0.28516361  0.74577342  0.15352270
   0.30547043  0.74611634  0.04942582
   0.30473435  0.24517651  0.45083429
   0.30473435  0.74517651  0.95083429
   0.80473435  0.75482349  0.54916571
   0.80473435  0.25482349  0.04916571
   0.62205496  0.56074550  0.05269498
   0.31901732  0.31553881  0.40636152
   0.52370711  0.48318288  0.13868220
   0.30748652  0.18933634  0.30216991
   0.49917699  0.49774507  0.25059703
   0.02858736  0.96273665  0.03767190
   0.06580232  0.02785882  0.14599326
   0.62205496  0.06074551  0.55269496
   0.31901732  0.81553881  0.90636152
   0.52370711  0.98318291  0.63868218
   0.30748652  0.68933631  0.80216991
   0.49917699  0.99774510  0.75059706
   0.02858736  0.46273668  0.53767190
   0.06580232  0.52785887  0.64599329
   0.12205499  0.43925447  0.94730504
   0.81901732  0.68446119  0.59363848
   0.02370708  0.51681709  0.86131782
   0.80748658  0.81066369  0.69783009
  -0.00082300  0.50225490  0.74940294
   0.52858736  0.03726333  0.96232810
   0.56580234  0.97214113  0.85400671
   0.12205499  0.93925450  0.44730501
   0.81901732  0.18446119  0.09363850
   0.02370708  0.01681712  0.36131782
   0.80748658  0.31066369  0.19783009
  -0.00082300  0.00225493  0.24940295
   0.52858736  0.53726335  0.46232807
   0.56580234  0.47214119  0.35400674
   0.12182170  0.44136383  0.05269136
   0.81671173  0.68754947  0.40548287
   0.02424638  0.51550194  0.13786871
   0.77412931  0.80019165  0.30384048
   0.00094952  0.50836210  0.25148119
   0.52719807  0.03819375  0.03789266
   0.57018466  0.97181585  0.14699767
   0.12182170  0.94136380  0.55269141
   0.81671173  0.18754948  0.90548290
   0.02424638  0.01550191  0.63786868
   0.77412931  0.30019168  0.80384045
   0.00094952  0.00836211  0.75148119
   0.52719807  0.53819376  0.53789264
   0.57018466  0.47181585  0.64699770
   0.62182169  0.55863620  0.94730859
   0.31671170  0.31245053  0.59451710
   0.52424632  0.48449809  0.86213132
   0.27412934  0.19980835  0.69615955
   0.50094956  0.49163790  0.74851881
   0.02719808  0.96180624  0.96210736
   0.07018467  0.02818413  0.85300230
   0.62182169  0.05863616  0.44730865
   0.31671170  0.81245053  0.09451712
   0.52424632  0.98449806  0.36213129
   0.27412934  0.69980835  0.19615951
   0.50094956  0.99163790  0.24851878
   0.02719808  0.46180627  0.46210736
   0.07018467  0.52818415  0.35300236
   0.33370555  0.16826920  0.50013263
   0.33370555  0.66826926  1.00013266
   0.83370555  0.83173074  0.49986734
   0.83370555  0.33173080 -0.00013266
   0.28375064  0.24251825  0.34490990
   0.28375064  0.74251825  0.84490993
   0.78375061  0.75748175  0.65509007
   0.78375061  0.25748177  0.15509008
