   0.24990010  0.24312213  0.10728352
   0.21711542  0.26983881  0.21951521
   0.24990010  0.74312213  0.60728354
   0.21711542  0.76983884  0.71951517
   0.74990007  0.75687787  0.89271646
   0.71711537  0.73016116  0.78048483
   0.74990007  0.25687787  0.39271649
   0.71711537  0.23016118  0.28048477
   0.75449491  0.76265798  0.10781001
   0.74362119  0.72241671  0.21979345
   0.75449491  0.26265801  0.60781003
   0.74362119  0.22241669  0.71979348
   0.25449493  0.23734199  0.89218997
   0.24362120  0.27758332  0.78020652
   0.25449493  0.73734202  0.39219000
   0.24362120  0.77758329  0.28020655
   0.26110412  0.24287844 -0.00005270
   0.26110412  0.74287844  0.49994730
   0.76110411  0.75712156  1.00005270
   0.76110411  0.25712156  0.50005264
   0.78502669  0.75429581  0.34648729
   0.78502669  0.25429581  0.84648729
   0.80564966  0.75392158  0.45058221
   0.80564966  0.25392158  0.95058218
   0.30564966  0.24607843  0.54941782
   0.28502672  0.24570419  0.65351271
   0.28502672  0.74570419  0.15351271
   0.30564966  0.74607842  0.04941781
   0.30491231  0.24512347  0.45084936
   0.30491231  0.74512347  0.95084936
   0.80491231  0.75487653  0.54915064
   0.80491231  0.25487653  0.04915064
   0.62232553  0.56085691  0.05270021
   0.31905206  0.31552658  0.40635455
   0.52376641  0.48335277  0.13870018
   0.30743698  0.18939100  0.30215816
   0.49910946  0.49775621  0.25059711
   0.02877254  0.96272110  0.03766786
   0.06521912  0.02750754  0.14596452
   0.62232553  0.06085692  0.55270019
   0.31905206  0.81552658  0.90635455
   0.52376641  0.98335280  0.63870017
   0.30743698  0.68939097  0.80215816
   0.49910946  0.99775624  0.75059714
   0.02877254  0.46272113  0.53766785
   0.06521912  0.52750760  0.64596455
   0.12232556  0.43914306  0.94729981
   0.81905206  0.68447342  0.59364545
   0.02376638  0.51664720  0.86129983
   0.80743704  0.81060903  0.69784184
  -0.00089053  0.50224376  0.74940286
   0.52877255  0.03727887  0.96233215
   0.56521914  0.97249240  0.85403545
   0.12232556  0.93914309  0.44729978
   0.81905206  0.18447342  0.09364546
   0.02376638  0.01664722  0.36129983
   0.80743704  0.31060903  0.19784184
  -0.00089053  0.00224379  0.24940287
   0.52877255  0.53727890  0.46233212
   0.56521914  0.47249246  0.35403548
   0.12210411  0.44125408  0.05269766
   0.81671170  0.68756543  0.40548267
   0.02423157  0.51527186  0.13788121
   0.77401681  0.80014371  0.30381320
   0.00088812  0.50836366  0.25148316
   0.52737586  0.03820387  0.03788946
   0.56967167  0.97226723  0.14697058
   0.12210411  0.94125405  0.55269770
   0.81671170  0.18756545  0.90548270
   0.02423157  0.01527183  0.63788118
   0.77401681  0.30014374  0.80381317
   0.00088812  0.00836366  0.75148316
   0.52737586  0.53820388  0.53788944
   0.56967167  0.47226723  0.64697061
   0.62210409  0.55874595  0.94730230
   0.31671167  0.31243457  0.59451730
   0.52423151  0.48472817  0.86211882
   0.27401684  0.19985629  0.69618683
   0.50088816  0.49163634  0.74851684
   0.02737587  0.96179612  0.96211056
   0.06967168  0.02773275  0.85302939
   0.62210409  0.05874590  0.44730236
   0.31671167  0.81243457  0.09451732
   0.52423151  0.98472814  0.36211879
   0.27401684  0.69985629  0.19618678
   0.50088816  0.99163634  0.24851681
   0.02737587  0.46179615  0.46211056
   0.06967168  0.52773277  0.35302945
   0.33387829  0.16822747  0.50013333
   0.33387829  0.66822753  1.00013336
   0.83387829  0.83177247  0.49986664
   0.83387829  0.33177253 -0.00013336
   0.28361520  0.24245848  0.34490937
   0.28361520  0.74245848  0.84490940
   0.78361517  0.75754152  0.65509060
   0.78361517  0.25754153  0.15509061
