   0.25112244  0.24944735  0.10707645
   0.22626110  0.26968667  0.21983335
   0.25112244  0.74944735  0.60707647
   0.22626110  0.76968670  0.71983330
   0.75112241  0.75055265  0.89292353
   0.72626105  0.73031330  0.78016670
   0.75112241  0.25055265  0.39292356
   0.72626105  0.23031332  0.28016664
   0.75666469  0.75109322  0.10724881
   0.74349523  0.72046527  0.21944275
   0.75666469  0.25109325  0.60724884
   0.74349523  0.22046526  0.71944278
   0.25666470  0.24890675  0.89275116
   0.24349524  0.27953476  0.78055722
   0.25666470  0.74890678  0.39275119
   0.24349524  0.77953473  0.28055725
   0.24791657  0.24618807  0.00023339
   0.24791657  0.74618807  0.50023339
   0.74791655  0.75381193  0.99976661
   0.74791655  0.25381193  0.49976655
   0.79569402  0.75107053  0.34639820
   0.79569402  0.25107053  0.84639820
   0.79454895  0.75179086  0.45008818
   0.79454895  0.25179086  0.95008815
   0.29454895  0.24820915  0.54991185
   0.29569405  0.24892947  0.65360180
   0.29569405  0.74892947  0.15360180
   0.29454895  0.74820914  0.04991184
   0.29374532  0.24808693  0.45018493
   0.29374532  0.74808693  0.95018493
   0.79374532  0.75191307  0.54981507
   0.79374532  0.25191307  0.04981506
   0.60543688  0.55465843  0.05296949
   0.31709440  0.31786518  0.40538833
   0.52623188  0.47471154  0.13788599
   0.30178506  0.18533824  0.30221574
   0.50204474  0.49734534  0.25085218
   0.01597000  0.96240554  0.03804587
   0.09673571  0.04743798  0.14851772
   0.60543688  0.05465844  0.55296947
   0.31709440  0.81786518  0.90538833
   0.52623188  0.97471157  0.63788598
   0.30178506  0.68533821  0.80221574
   0.50204474  0.99734537  0.75085221
   0.01597000  0.46240557  0.53804587
   0.09673571  0.54743803  0.64851775
   0.10543691  0.44534154  0.94703053
   0.81709440  0.68213482  0.59461167
   0.02623185  0.52528843  0.86211402
   0.80178512  0.81466179  0.69778426
   0.00204476  0.50265463  0.74914779
   0.51597000  0.03759444  0.96195413
   0.59673573  0.95256197  0.85148225
   0.10543691  0.94534157  0.44703050
   0.81709440  0.18213482  0.09461169
   0.02623185  0.02528845  0.36211402
   0.80178512  0.31466179  0.19778426
   0.00204476  0.00265466  0.24914781
   0.51597000  0.53759446  0.46195410
   0.59673573  0.45256203  0.35148228
   0.10580215  0.44616035  0.05270416
   0.81372410  0.68515540  0.40466191
   0.02688915  0.52421015  0.13783820
   0.78719934  0.80591794  0.30386099
   0.00308782  0.50724837  0.25149451
   0.51430693  0.03854983  0.03842222
   0.59976771  0.95050775  0.14874406
   0.10580215  0.94616032  0.55270420
   0.81372410  0.18515542  0.90466194
   0.02688915  0.02421012  0.63783817
   0.78719934  0.30591796  0.80386096
   0.00308782  0.00724838  0.75149451
   0.51430693  0.53854984  0.53842220
   0.59976771  0.45050775  0.64874409
   0.60580213  0.55383968  0.94729580
   0.31372407  0.31484460  0.59533806
   0.52688909  0.47578988  0.86216183
   0.28719937  0.19408206  0.69613904
   0.50308786  0.49275163  0.74850549
   0.01430694  0.96145016  0.96157780
   0.09976772  0.04949223  0.85125591
   0.60580213  0.05383964  0.44729586
   0.31372407  0.81484460  0.09533807
   0.52688909  0.97578985  0.36216180
   0.28719937  0.69408206  0.19613899
   0.50308786  0.99275163  0.24850546
   0.01430694  0.46145019  0.46157780
   0.09976772  0.54949225  0.35125597
   0.32242200  0.16968953  0.50012615
   0.32242200  0.66968959  1.00012618
   0.82242200  0.83031041  0.49987382
   0.82242200  0.33031047 -0.00012618
   0.29205366  0.24702932  0.34481447
   0.29205366  0.74702932  0.84481450
   0.79205363  0.75297068  0.65518550
   0.79205363  0.25297070  0.15518552
