   0.24979952  0.24355188  0.10724996
   0.21731165  0.26985198  0.21951717
   0.24979952  0.74355188  0.60724997
   0.21731165  0.76985201  0.71951712
   0.74979949  0.75644812  0.89275003
   0.71731160  0.73014799  0.78048288
   0.74979949  0.25644812  0.39275006
   0.71731160  0.23014801  0.28048282
   0.75439342  0.76211699  0.10776473
   0.74377247  0.72237420  0.21979046
   0.75439342  0.26211702  0.60776475
   0.74377247  0.22237418  0.71979049
   0.25439343  0.23788298  0.89223525
   0.24377249  0.27762583  0.78020951
   0.25439343  0.73788301  0.39223528
   0.24377249  0.77762580  0.28020954
   0.26050097  0.24304739 -0.00005161
   0.26050097  0.74304739  0.49994839
   0.76050095  0.75695261  1.00005161
   0.76050095  0.25695261  0.50005155
   0.78544135  0.75410492  0.34649589
   0.78544135  0.25410492  0.84649589
   0.80512931  0.75381405  0.45057935
   0.80512931  0.25381405  0.95057932
   0.30512931  0.24618597  0.54942068
   0.28544138  0.24589508  0.65350411
   0.28544138  0.74589508  0.15350411
   0.30512931  0.74618595  0.04942067
   0.30439480  0.24525814  0.45083696
   0.30439480  0.74525814  0.95083696
   0.80439480  0.75474186  0.54916304
   0.80439480  0.25474186  0.04916303
   0.62154134  0.56054494  0.05268737
   0.31897153  0.31562857  0.40633514
   0.52367938  0.48281873  0.13865582
   0.30758941  0.18922317  0.30217614
   0.49929959  0.49773726  0.25059783
   0.02825188  0.96276582  0.03767798
   0.06680514  0.02854667  0.14605385
   0.62154134  0.06054495  0.55268735
   0.31897153  0.81562857  0.90633514
   0.52367938  0.98281876  0.63865581
   0.30758941  0.68922314  0.80217614
   0.49929959  0.99773729  0.75059786
   0.02825188  0.46276585  0.53767797
   0.06680514  0.52854672  0.64605388
   0.12154137  0.43945503  0.94731265
   0.81897153  0.68437143  0.59366486
   0.02367936  0.51718124  0.86134419
   0.80758947  0.81077686  0.69782386
  -0.00070039  0.50226271  0.74940214
   0.52825188  0.03723416  0.96232203
   0.56680516  0.97145328  0.85394612
   0.12154137  0.93945506  0.44731262
   0.81897153  0.18437143  0.09366488
   0.02367936  0.01718126  0.36134419
   0.80758947  0.31077686  0.19782386
  -0.00070039  0.00226274  0.24940215
   0.52825188  0.53723418  0.46232200
   0.56680516  0.47145334  0.35394615
   0.12129355  0.44156348  0.05268157
   0.81672333  0.68747253  0.40546143
   0.02424085  0.51586020  0.13785013
   0.77433120  0.80032296  0.30384727
   0.00106790  0.50835931  0.25148211
   0.52686798  0.03816214  0.03789758
   0.57118341  0.97107436  0.14705440
   0.12129355  0.94156345  0.55268162
   0.81672333  0.18747255  0.90546146
   0.02424085  0.01586017  0.63785010
   0.77433120  0.30032298  0.80384724
   0.00106790  0.00835931  0.75148211
   0.52686798  0.53816215  0.53789755
   0.57118341  0.47107436  0.64705443
   0.62129353  0.55843655  0.94731838
   0.31672330  0.31252747  0.59453854
   0.52424079  0.48413983  0.86214990
   0.27433123  0.19967704  0.69615276
   0.50106793  0.49164069  0.74851789
   0.02686799  0.96183785  0.96210245
   0.07118342  0.02892562  0.85294557
   0.62129353  0.05843651  0.44731844
   0.31672330  0.81252747  0.09453856
   0.52424079  0.98413980  0.36214987
   0.27433123  0.69967704  0.19615272
   0.50106793  0.99164069  0.24851786
   0.02686799  0.46183788  0.46210245
   0.07118342  0.52892564  0.35294563
   0.33340881  0.16833559  0.50013218
   0.33340881  0.66833565  1.00013221
   0.83340881  0.83166435  0.49986779
   0.83340881  0.33166441 -0.00013221
   0.28400107  0.24265957  0.34492454
   0.28400107  0.74265957  0.84492457
   0.78400104  0.75734043  0.65507543
   0.78400104  0.25734044  0.15507545
