   0.24972842  0.24764173  0.10697361
   0.22126142  0.26965324  0.21958503
   0.24972842  0.74764173  0.60697363
   0.22126142  0.76965327  0.71958498
   0.74972839  0.75235827  0.89302637
   0.72126137  0.73034673  0.78041502
   0.74972839  0.25235827  0.39302640
   0.72126137  0.23034674  0.28041496
   0.75450445  0.75522361  0.10726632
   0.74489549  0.72191698  0.21966061
   0.75450445  0.25522364  0.60726634
   0.74489549  0.22191696  0.71966064
   0.25450446  0.24477636  0.89273366
   0.24489551  0.27808305  0.78033936
   0.25450446  0.74477639  0.39273369
   0.24489551  0.77808302  0.28033939
   0.25303130  0.24507738 -0.00000336
   0.25303130  0.74507738  0.49999664
   0.75303128  0.75492262  1.00000336
   0.75303128  0.25492262  0.50000330
   0.79122867  0.75206530  0.34654124
   0.79122867  0.25206530  0.84654124
   0.79852099  0.75252285  0.45040496
   0.79852099  0.25252285  0.95040493
   0.29852099  0.24747716  0.54959507
   0.29122870  0.24793470  0.65345876
   0.29122870  0.74793470  0.15345876
   0.29852099  0.74747715  0.04959506
   0.29797985  0.24715373  0.45058731
   0.29797985  0.74715373  0.95058731
   0.79797985  0.75284627  0.54941269
   0.79797985  0.25284627  0.04941269
   0.61156217  0.55670570  0.05264026
   0.31809511  0.31717754  0.40593266
   0.52434115  0.47719399  0.13816505
   0.30746763  0.18780682  0.30224781
   0.50161573  0.49756823  0.25065782
   0.02125732  0.96293895  0.03779821
   0.08505560  0.04079415  0.14734590
   0.61156217  0.05670571  0.55264024
   0.31809511  0.81717754  0.90593266
   0.52434115  0.97719402  0.63816504
   0.30746763  0.68780679  0.80224781
   0.50161573  0.99756825  0.75065785
   0.02125732  0.46293898  0.53779820
   0.08505560  0.54079421  0.64734593
   0.11156220  0.44329427  0.94735976
   0.81809511  0.68282246  0.59406734
   0.02434112  0.52280598  0.86183496
   0.80746769  0.81219321  0.69775219
   0.00161575  0.50243175  0.74934215
   0.52125733  0.03706103  0.96220180
   0.58505561  0.95920579  0.85265407
   0.11156220  0.94329430  0.44735973
   0.81809511  0.18282246  0.09406736
   0.02434112  0.02280600  0.36183496
   0.80746769  0.31219321  0.19775219
   0.00161575  0.00243178  0.24934217
   0.52125733  0.53706105  0.46220177
   0.58505561  0.45920585  0.35265410
   0.11133838  0.44491661  0.05254706
   0.81502100  0.68631090  0.40513005
   0.02483595  0.52167324  0.13768484
   0.78095191  0.80262127  0.30394171
   0.00318610  0.50811195  0.25147620
   0.51991565  0.03771732  0.03807080
   0.58861277  0.95855032  0.14789537
   0.11133838  0.94491658  0.55254710
   0.81502100  0.18631091  0.90513008
   0.02483595  0.02167321  0.63768481
   0.78095191  0.30262130  0.80394168
   0.00318610  0.00811196  0.75147620
   0.51991565  0.53771732  0.53807077
   0.58861277  0.45855032  0.64789539
   0.61133837  0.55508342  0.94745290
   0.31502097  0.31368910  0.59486992
   0.52483589  0.47832679  0.86231519
   0.28095194  0.19737873  0.69605832
   0.50318613  0.49188805  0.74852380
   0.01991566  0.96228268  0.96192923
   0.08861278  0.04144965  0.85210461
   0.61133837  0.05508337  0.44745296
   0.31502097  0.81368910  0.09486994
   0.52483589  0.97832676  0.36231516
   0.28095194  0.69737873  0.19605828
   0.50318613  0.99188805  0.24852377
   0.01991566  0.46228271  0.46192923
   0.08861278  0.54144968  0.35210466
   0.32676658  0.16962903  0.50012357
   0.32676658  0.66962909  1.00012360
   0.82676658  0.83037091  0.49987640
   0.82676658  0.33037097 -0.00012360
   0.28882621  0.24517070  0.34494704
   0.28882621  0.74517070  0.84494707
   0.78882618  0.75482930  0.65505293
   0.78882618  0.25482932  0.15505294
