   0.25022450  0.24867471  0.10699318
   0.22359496  0.26958492  0.21970492
   0.25022450  0.74867471  0.60699319
   0.22359496  0.76958495  0.71970487
   0.75022447  0.75132529  0.89300681
   0.72359491  0.73041505  0.78029513
   0.75022447  0.25132529  0.39300684
   0.72359491  0.23041507  0.28029507
   0.75551280  0.75279953  0.10721255
   0.74449043  0.72125955  0.21956281
   0.75551280  0.25279956  0.60721258
   0.74449043  0.22125953  0.71956284
   0.25551281  0.24720044  0.89278742
   0.24449045  0.27874048  0.78043716
   0.25551281  0.74720047  0.39278745
   0.24449045  0.77874045  0.28043719
   0.25023347  0.24580145  0.00005628
   0.25023347  0.74580145  0.50005628
   0.75023345  0.75419855  0.99994372
   0.75023345  0.25419855  0.49994366
   0.79369053  0.75144971  0.34650170
   0.79369053  0.25144971  0.84650170
   0.79619110  0.75212199  0.45026791
   0.79619110  0.25212199  0.95026788
   0.29619110  0.24787802  0.54973212
   0.29369056  0.24855029  0.65349830
   0.29369056  0.74855029  0.15349830
   0.29619110  0.74787801  0.04973211
   0.29563540  0.24775386  0.45041787
   0.29563540  0.74775386  0.95041787
   0.79563540  0.75224614  0.54958213
   0.79563540  0.25224614  0.04958213
   0.60803182  0.55546717  0.05272373
   0.31768165  0.31762585  0.40570229
   0.52523691  0.47570025  0.13801496
   0.30519690  0.18695491  0.30220233
   0.50205207  0.49751424  0.25073429
   0.01845542  0.96279280  0.03790007
   0.09155810  0.04458736  0.14794529
   0.60803182  0.05546717  0.55272371
   0.31768165  0.81762585  0.90570229
   0.52523691  0.97570028  0.63801494
   0.30519690  0.68695488  0.80220233
   0.50205207  0.99751427  0.75073432
   0.01845542  0.46279283  0.53790007
   0.09155810  0.54458741  0.64794532
   0.10803185  0.44453280  0.94727629
   0.81768165  0.68237415  0.59429771
   0.02523688  0.52429972  0.86198506
   0.80519696  0.81304512  0.69779767
   0.00205208  0.50248573  0.74926568
   0.51845543  0.03720718  0.96209993
   0.59155811  0.95541259  0.85205468
   0.10803185  0.94453283  0.44727626
   0.81768165  0.18237415  0.09429772
   0.02523688  0.02429974  0.36198506
   0.80519696  0.31304512  0.19779767
   0.00205208  0.00248576  0.24926570
   0.51845543  0.53720720  0.46209990
   0.59155811  0.45541265  0.35205471
   0.10796073  0.44587265  0.05257825
   0.81408413  0.68583342  0.40492242
   0.02576340  0.52323703  0.13776270
   0.78435647  0.80389990  0.30391218
   0.00339362  0.50772707  0.25149410
   0.51703305  0.03785799  0.03821388
   0.59472181  0.95416432  0.14827476
   0.10796073  0.94587262  0.55257829
   0.81408413  0.18583344  0.90492245
   0.02576340  0.02323700  0.63776267
   0.78435647  0.30389993  0.80391215
   0.00339362  0.00772707  0.75149410
   0.51703305  0.53785800  0.53821385
   0.59472181  0.45416432  0.64827479
   0.60796072  0.55412738  0.94742171
   0.31408410  0.31416658  0.59507755
   0.52576335  0.47676300  0.86223733
   0.28435650  0.19610010  0.69608785
   0.50339366  0.49227293  0.74850590
   0.01703306  0.96214200  0.96178615
   0.09472182  0.04583566  0.85172521
   0.60796072  0.05412734  0.44742177
   0.31408410  0.81416658  0.09507756
   0.52576335  0.97676297  0.36223730
   0.28435650  0.69610010  0.19608781
   0.50339366  0.99227293  0.24850587
   0.01703306  0.46214203  0.46178615
   0.09472182  0.54583568  0.35172527
   0.32426804  0.16992405  0.50012318
   0.32426804  0.66992411  1.00012321
   0.82426804  0.83007589  0.49987679
   0.82426804  0.33007595 -0.00012321
   0.29063252  0.24619562  0.34487459
   0.29063252  0.74619562  0.84487462
   0.79063249  0.75380438  0.65512538
   0.79063249  0.25380439  0.15512539
