   0.24995342  0.24282920  0.10731252
   0.21698104  0.26983058  0.21952021
   0.24995342  0.74282920  0.60731253
   0.21698104  0.76983061  0.71952016
   0.74995339  0.75717080  0.89268747
   0.71698100  0.73016939  0.78047984
   0.74995339  0.25717080  0.39268749
   0.71698100  0.23016940  0.28047978
   0.75456368  0.76300441  0.10784506
   0.74352501  0.72242212  0.21980041
   0.75456368  0.26300444  0.60784508
   0.74352501  0.22242211  0.71980044
   0.25456369  0.23699556  0.89215492
   0.24352502  0.27757791  0.78019956
   0.25456369  0.73699559  0.39215495
   0.24352502  0.77757788  0.28019959
   0.26146402  0.24277975 -0.00005291
   0.26146402  0.74277975  0.49994709
   0.76146401  0.75722025  1.00005291
   0.76146401  0.25722025  0.50005285
   0.78474281  0.75441641  0.34646794
   0.78474281  0.25441641  0.84646794
   0.80597636  0.75401620  0.45058907
   0.80597636  0.25401620  0.95058904
   0.30597636  0.24598382  0.54941096
   0.28474284  0.24558359  0.65353206
   0.28474284  0.74558359  0.15353206
   0.30597636  0.74598380  0.04941095
   0.30523859  0.24502815  0.45085505
   0.30523859  0.74502815  0.95085505
   0.80523859  0.75497185  0.54914495
   0.80523859  0.25497185  0.04914495
   0.62282276  0.56104585  0.05270979
   0.31910847  0.31545021  0.40637903
   0.52380436  0.48376209  0.13873326
   0.30734446  0.18950957  0.30214597
   0.49900453  0.49776423  0.25059674
   0.02908899  0.96269182  0.03766427
   0.06427527  0.02678307  0.14590966
   0.62282276  0.06104586  0.55270976
   0.31910847  0.81545021  0.90637903
   0.52380436  0.98376212  0.63873325
   0.30734446  0.68950954  0.80214597
   0.49900453  0.99776426  0.75059677
   0.02908899  0.46269185  0.53766427
   0.06427527  0.52678312  0.64590969
   0.12282279  0.43895412  0.94729024
   0.81910847  0.68454979  0.59362097
   0.02380433  0.51623788  0.86126675
   0.80734452  0.81049046  0.69785403
  -0.00099546  0.50223574  0.74940323
   0.52908899  0.03730815  0.96233573
   0.56427529  0.97321688  0.85409031
   0.12282279  0.93895415  0.44729021
   0.81910847  0.18454979  0.09362098
   0.02380433  0.01623790  0.36126675
   0.80734452  0.31049046  0.19785403
  -0.00099546  0.00223577  0.24940325
   0.52908899  0.53730818  0.46233570
   0.56427529  0.47321694  0.35409034
   0.12260890  0.44104877  0.05270924
   0.81669775  0.68763758  0.40549589
   0.02430102  0.51493233  0.13790662
   0.77383143  0.79998068  0.30382038
   0.00078367  0.50836149  0.25148234
   0.52769545  0.03824070  0.03788767
   0.56865179  0.97298728  0.14691587
   0.12260890  0.94104874  0.55270928
   0.81669775  0.18763759  0.90549592
   0.02430102  0.01493230  0.63790659
   0.77383143  0.29998071  0.80382035
   0.00078367  0.00836149  0.75148234
   0.52769545  0.53824071  0.53788764
   0.56865179  0.47298728  0.64691590
   0.62260889  0.55895126  0.94729072
   0.31669772  0.31236242  0.59450408
   0.52430096  0.48506770  0.86209341
   0.27383146  0.20001932  0.69617965
   0.50078370  0.49163851  0.74851766
   0.02769546  0.96175929  0.96211236
   0.06865180  0.02701269  0.85308410
   0.62260889  0.05895121  0.44729078
   0.31669772  0.81236242  0.09450409
   0.52430096  0.98506767  0.36209338
   0.27383146  0.70001932  0.19617960
   0.50078370  0.99163851  0.24851763
   0.02769546  0.46175932  0.46211236
   0.06865180  0.52701272  0.35308416
   0.33417630  0.16815613  0.50013286
   0.33417630  0.66815619  1.00013289
   0.83417630  0.83184381  0.49986711
   0.83417630  0.33184387 -0.00013289
   0.28335975  0.24232689  0.34489786
   0.28335975  0.74232689  0.84489789
   0.78335972  0.75767311  0.65510211
   0.78335972  0.25767313  0.15510212
