   0.24980015  0.24361427  0.10724879
   0.21735851  0.26984702  0.21951586
   0.24980015  0.74361427  0.60724880
   0.21735851  0.76984705  0.71951581
   0.74980012  0.75638573  0.89275120
   0.71735846  0.73015295  0.78048419
   0.74980012  0.25638573  0.39275123
   0.71735846  0.23015297  0.28048413
   0.75439295  0.76204297  0.10776208
   0.74379194  0.72238596  0.21978835
   0.75439295  0.26204300  0.60776211
   0.74379194  0.22238594  0.71978838
   0.25439297  0.23795700  0.89223789
   0.24379195  0.27761407  0.78021162
   0.25439297  0.73795703  0.39223792
   0.24379195  0.77761404  0.28021165
   0.26043501  0.24306439 -0.00005147
   0.26043501  0.74306439  0.49994853
   0.76043500  0.75693561  1.00005147
   0.76043500  0.25693561  0.50005141
   0.78548577  0.75410870  0.34646861
   0.78548577  0.25410870  0.84646861
   0.80506884  0.75379887  0.45057312
   0.80506884  0.25379887  0.95057309
   0.30506884  0.24620115  0.54942691
   0.28548580  0.24589130  0.65353139
   0.28548580  0.74589130  0.15353139
   0.30506884  0.74620113  0.04942690
   0.30433522  0.24527949  0.45082801
   0.30433522  0.74527949  0.95082801
   0.80433522  0.75472051  0.54917199
   0.80433522  0.25472051  0.04917199
   0.62144180  0.56050820  0.05268332
   0.31895633  0.31562235  0.40634454
   0.52364681  0.48277565  0.13864675
   0.30759352  0.18922092  0.30218716
   0.49931615  0.49773027  0.25059795
   0.02819586  0.96276748  0.03767924
   0.06701083  0.02865332  0.14606011
   0.62144180  0.06050820  0.55268330
   0.31895633  0.81562235  0.90634454
   0.52364681  0.98277568  0.63864674
   0.30759352  0.68922089  0.80218716
   0.49931615  0.99773030  0.75059798
   0.02819586  0.46276751  0.53767923
   0.06701083  0.52865337  0.64606014
   0.12144183  0.43949177  0.94731670
   0.81895633  0.68437765  0.59365546
   0.02364678  0.51722432  0.86135326
   0.80759358  0.81077911  0.69781284
  -0.00068383  0.50226970  0.74940202
   0.52819587  0.03723249  0.96232077
   0.56701084  0.97134663  0.85393986
   0.12144183  0.93949180  0.44731667
   0.81895633  0.18437765  0.09365548
   0.02364678  0.01722434  0.36135326
   0.80759358  0.31077911  0.19781284
  -0.00068383  0.00226973  0.24940203
   0.52819587  0.53723252  0.46232074
   0.56701084  0.47134669  0.35393989
   0.12119910  0.44160825  0.05267702
   0.81671596  0.68748024  0.40546773
   0.02425362  0.51594583  0.13784308
   0.77437544  0.80031617  0.30387640
   0.00108588  0.50835335  0.25148259
   0.52680785  0.03815434  0.03789863
   0.57133706  0.97090722  0.14705918
   0.12119910  0.94160822  0.55267706
   0.81671596  0.18748026  0.90546776
   0.02425362  0.01594580  0.63784305
   0.77437544  0.30031620  0.80387637
   0.00108588  0.00835336  0.75148259
   0.52680785  0.53815435  0.53789861
   0.57133706  0.47090722  0.64705921
   0.62119909  0.55839178  0.94732294
   0.31671593  0.31251976  0.59453224
   0.52425357  0.48405420  0.86215695
   0.27437547  0.19968383  0.69612363
   0.50108591  0.49164665  0.74851741
   0.02680786  0.96184565  0.96210139
   0.07133707  0.02909276  0.85294079
   0.62119909  0.05839174  0.44732300
   0.31671593  0.81251976  0.09453225
   0.52425357  0.98405417  0.36215692
   0.27437547  0.69968383  0.19612358
   0.50108591  0.99164665  0.24851738
   0.02680786  0.46184568  0.46210139
   0.07133707  0.52909278  0.35294085
   0.33334793  0.16835597  0.50013268
   0.33334793  0.66835603  1.00013271
   0.83334793  0.83164397  0.49986729
   0.83334793  0.33164403 -0.00013271
   0.28404729  0.24266466  0.34491455
   0.28404729  0.74266466  0.84491458
   0.78404726  0.75733534  0.65508542
   0.78404726  0.25733535  0.15508543
