   0.24999996  0.24836923  0.10697918
   0.22277793  0.26959466  0.21966052
   0.24999996  0.74836923  0.60697920
   0.22277793  0.76959469  0.71966048
   0.74999993  0.75163077  0.89302080
   0.72277788  0.73040531  0.78033952
   0.74999993  0.25163077  0.39302083
   0.72277788  0.23040532  0.28033946
   0.75514228  0.75353426  0.10721878
   0.74469275  0.72152328  0.21959971
   0.75514228  0.25353429  0.60721880
   0.74469275  0.22152326  0.71959974
   0.25514229  0.24646571  0.89278120
   0.24469276  0.27847675  0.78040026
   0.25514229  0.74646574  0.39278123
   0.24469276  0.77847672  0.28040029
   0.25109105  0.24558124  0.00002824
   0.25109105  0.74558124  0.50002824
   0.75109103  0.75441876  0.99997176
   0.75109103  0.25441876  0.49997170
   0.79290997  0.75164054  0.34650457
   0.79290997  0.25164054  0.84650457
   0.79687407  0.75225623  0.45030997
   0.79687407  0.25225623  0.95030994
   0.29687407  0.24774378  0.54969006
   0.29291000  0.24835946  0.65349543
   0.29291000  0.74835946  0.15349543
   0.29687407  0.74774377  0.04969005
   0.29634523  0.24758146  0.45047035
   0.29634523  0.74758146  0.95047035
   0.79634523  0.75241854  0.54952965
   0.79634523  0.25241854  0.04952965
   0.60909452  0.55583199  0.05268069
   0.31784731  0.31750600  0.40579527
   0.52492341  0.47614497  0.13806029
   0.30613590  0.18732081  0.30222243
   0.50196091  0.49753565  0.25070441
   0.01934992  0.96287111  0.03786038
   0.08954743  0.04342178  0.14774591
   0.60909452  0.05583200  0.55268067
   0.31784731  0.81750600  0.90579527
   0.52492341  0.97614500  0.63806027
   0.30613590  0.68732078  0.80222243
   0.50196091  0.99753567  0.75070444
   0.01934992  0.46287114  0.53786037
   0.08954743  0.54342184  0.64774594
   0.10909455  0.44416798  0.94731933
   0.81784731  0.68249400  0.59420473
   0.02492338  0.52385500  0.86193973
   0.80613596  0.81267922  0.69777757
   0.00196092  0.50246433  0.74929556
   0.51934992  0.03712886  0.96213963
   0.58954745  0.95657816  0.85225406
   0.10909455  0.94416801  0.44731930
   0.81784731  0.18249400  0.09420475
   0.02492338  0.02385502  0.36193973
   0.80613596  0.31267922  0.19777757
   0.00196092  0.00246436  0.24929557
   0.51934992  0.53712889  0.46213960
   0.58954745  0.45657822  0.35225409
   0.10895192  0.44561506  0.05255660
   0.81437010  0.68600870  0.40500499
   0.02544360  0.52279577  0.13773054
   0.78327914  0.80340640  0.30393711
   0.00339399  0.50788063  0.25148762
   0.51796344  0.03775178  0.03815968
   0.59280404  0.95554368  0.14813834
   0.10895192  0.94561503  0.55255665
   0.81437010  0.18600871  0.90500501
   0.02544360  0.02279574  0.63773051
   0.78327914  0.30340643  0.80393708
   0.00339399  0.00788064  0.75148762
   0.51796344  0.53775179  0.53815965
   0.59280404  0.45554368  0.64813836
   0.60895191  0.55438497  0.94744335
   0.31437007  0.31399130  0.59499499
   0.52544354  0.47720426  0.86226949
   0.28327917  0.19659360  0.69606292
   0.50339403  0.49211937  0.74851238
   0.01796345  0.96224821  0.96184035
   0.09280405  0.04445629  0.85186164
   0.60895191  0.05438493  0.44744341
   0.31437007  0.81399130  0.09499500
   0.52544354  0.97720423  0.36226946
   0.28327917  0.69659360  0.19606288
   0.50339403  0.99211937  0.24851235
   0.01796345  0.46224824  0.46184035
   0.09280405  0.54445632  0.35186169
   0.32503819  0.16986952  0.50012325
   0.32503819  0.66986958  1.00012328
   0.82503819  0.83013042  0.49987672
   0.82503819  0.33013048 -0.00012328
   0.29006279  0.24585723  0.34489858
   0.29006279  0.74585723  0.84489861
   0.79006276  0.75414277  0.65510139
   0.79006276  0.25414278  0.15510140
