   0.24968353  0.24453947  0.10717390
   0.21794286  0.26982208  0.21952060
   0.24968353  0.74453947  0.60717391
   0.21794286  0.76982211  0.71952056
   0.74968350  0.75546053  0.89282609
   0.71794282  0.73017789  0.78047944
   0.74968350  0.25546053  0.39282612
   0.71794282  0.23017791  0.28047938
   0.75423005  0.76081381  0.10765240
   0.74413346  0.72236730  0.21977712
   0.75423005  0.26081384  0.60765242
   0.74413346  0.22236728  0.71977715
   0.25423006  0.23918616  0.89234758
   0.24413347  0.27763273  0.78022285
   0.25423006  0.73918619  0.39234761
   0.24413347  0.77763270  0.28022288
   0.25910752  0.24346437 -0.00004686
   0.25910752  0.74346437  0.49995314
   0.75910750  0.75653563  1.00004686
   0.75910750  0.25653563  0.50004680
   0.78646348  0.75367407  0.34650519
   0.78646348  0.25367407  0.84650519
   0.80389973  0.75354351  0.45055595
   0.80389973  0.25354351  0.95055592
   0.30389973  0.24645650  0.54944408
   0.28646351  0.24632593  0.65349481
   0.28646351  0.74632593  0.15349481
   0.30389973  0.74645649  0.04944407
   0.30318618  0.24559771  0.45079747
   0.30318618  0.74559771  0.95079747
   0.80318618  0.75440229  0.54920253
   0.80318618  0.25440229  0.04920252
   0.61967089  0.55983510  0.05266222
   0.31871909  0.31588209  0.40627326
   0.52356532  0.48152069  0.13854892
   0.30781956  0.18889582  0.30220748
   0.49976891  0.49769958  0.25059986
   0.02693092  0.96280926  0.03770147
   0.07051866  0.03113316  0.14627544
   0.61967089  0.05983510  0.55266220
   0.31871909  0.81588209  0.90627326
   0.52356532  0.98152072  0.63854890
   0.30781956  0.68889579  0.80220748
   0.49976891  0.99769961  0.75059989
   0.02693092  0.46280929  0.53770146
   0.07051866  0.53113322  0.64627547
   0.11967092  0.44016487  0.94733780
   0.81871909  0.68411791  0.59372674
   0.02356530  0.51847928  0.86145110
   0.80781962  0.81110421  0.69779252
  -0.00023108  0.50230039  0.74940011
   0.52693092  0.03719072  0.96229854
   0.57051867  0.96886678  0.85372453
   0.11967092  0.94016490  0.44733777
   0.81871909  0.18411791  0.09372676
   0.02356530  0.01847930  0.36145110
   0.80781962  0.31110421  0.19779252
  -0.00023108  0.00230042  0.24940013
   0.52693092  0.53719074  0.46229851
   0.57051867  0.46886684  0.35372456
   0.11939518  0.44225751  0.05264357
   0.81657446  0.68724764  0.40541207
   0.02418454  0.51717898  0.13778192
   0.77521223  0.80076373  0.30387929
   0.00151486  0.50833267  0.25147715
   0.52556138  0.03809607  0.03792111
   0.57481546  0.96836460  0.14723708
   0.11939518  0.94225748  0.55264361
   0.81657446  0.18724766  0.90541210
   0.02418454  0.01717895  0.63778189
   0.77521223  0.30076376  0.80387926
   0.00151486  0.00833267  0.75147715
   0.52556138  0.53809608  0.53792108
   0.57481546  0.46836460  0.64723711
   0.61939517  0.55774252  0.94735639
   0.31657443  0.31275236  0.59458790
   0.52418448  0.48282105  0.86221811
   0.27521226  0.19923627  0.69612074
   0.50151490  0.49166733  0.74852285
   0.02556139  0.96190392  0.96207892
   0.07481547  0.03163538  0.85276289
   0.61939517  0.05774247  0.44735645
   0.31657443  0.81275236  0.09458792
   0.52418448  0.98282102  0.36221808
   0.27521226  0.69923627  0.19612070
   0.50151490  0.99166733  0.24852282
   0.02556139  0.46190395  0.46207892
   0.07481547  0.53163540  0.35276295
   0.33216699  0.16860606  0.50013102
   0.33216699  0.66860612  1.00013105
   0.83216699  0.83139388  0.49986895
   0.83216699  0.33139394 -0.00013105
   0.28493457  0.24311710  0.34494220
   0.28493457  0.74311710  0.84494223
   0.78493454  0.75688290  0.65505777
   0.78493454  0.25688291  0.15505779
