   0.24960829  0.24575680  0.10708395
   0.21887326  0.26980372  0.21952505
   0.24960829  0.74575680  0.60708396
   0.21887326  0.76980375  0.71952501
   0.74960826  0.75424320  0.89291604
   0.71887322  0.73019625  0.78047499
   0.74960826  0.25424320  0.39291607
   0.71887322  0.23019627  0.28047493
   0.75411985  0.75897431  0.10750441
   0.74457903  0.72228455  0.21975035
   0.75411985  0.25897434  0.60750443
   0.74457903  0.22228453  0.71975038
   0.25411986  0.24102566  0.89249557
   0.24457905  0.27771548  0.78024962
   0.25411986  0.74102569  0.39249560
   0.24457905  0.77771545  0.28024965
   0.25707755  0.24399603 -0.00003601
   0.25707755  0.74399603  0.49996399
   0.75707754  0.75600397  1.00003601
   0.75707754  0.25600397  0.50003595
   0.78797690  0.75308184  0.34652752
   0.78797690  0.25308184  0.84652752
   0.80208396  0.75318080  0.45051538
   0.80208396  0.25318080  0.95051535
   0.30208396  0.24681921  0.54948465
   0.28797693  0.24691816  0.65347248
   0.28797693  0.74691816  0.15347248
   0.30208396  0.74681920  0.04948464
   0.30142441  0.24610706  0.45073494
   0.30142441  0.74610706  0.95073494
   0.80142441  0.75389294  0.54926506
   0.80142441  0.25389294  0.04926505
   0.61693113  0.55876101  0.05263793
   0.31847476  0.31627837  0.40617769
   0.52364438  0.47996588  0.13840574
   0.30809995  0.18847611  0.30225084
   0.50045258  0.49764582  0.25061038
   0.02509286  0.96290548  0.03772835
   0.07550831  0.03452492  0.14660399
   0.61693113  0.05876102  0.55263791
   0.31847476  0.81627837  0.90617769
   0.52364438  0.97996591  0.63840573
   0.30809995  0.68847609  0.80225084
   0.50045258  0.99764585  0.75061041
   0.02509286  0.46290551  0.53772834
   0.07550831  0.53452497  0.64660402
   0.11693116  0.44123896  0.94736209
   0.81847476  0.68372163  0.59382231
   0.02364435  0.52003409  0.86159427
   0.80810001  0.81152391  0.69774916
   0.00045259  0.50235415  0.74938959
   0.52509286  0.03709450  0.96227166
   0.57550833  0.96547503  0.85339598
   0.11693116  0.94123899  0.44736206
   0.81847476  0.18372163  0.09382232
   0.02364435  0.02003411  0.36159427
   0.80810001  0.31152391  0.19774916
   0.00045259  0.00235418  0.24938961
   0.52509286  0.53709452  0.46227163
   0.57550833  0.46547509  0.35339601
   0.11665494  0.44322903  0.05259680
   0.81621569  0.68693341  0.40533792
   0.02429336  0.51885607  0.13770710
   0.77676966  0.80136614  0.30392610
   0.00216223  0.50830186  0.25147575
   0.52374156  0.03792510  0.03795769
   0.57956779  0.96491493  0.14746405
   0.11665494  0.94322900  0.55259684
   0.81621569  0.18693342  0.90533795
   0.02429336  0.01885604  0.63770707
   0.77676966  0.30136617  0.80392607
   0.00216223  0.00830186  0.75147575
   0.52374156  0.53792511  0.53795766
   0.57956779  0.46491493  0.64746408
   0.61665493  0.55677100  0.94740316
   0.31621566  0.31306659  0.59466205
   0.52429331  0.48114396  0.86229293
   0.27676969  0.19863386  0.69607393
   0.50216227  0.49169814  0.74852425
   0.02374157  0.96207489  0.96204234
   0.07956780  0.03508505  0.85253592
   0.61665493  0.05677096  0.44740322
   0.31621566  0.81306659  0.09466206
   0.52429331  0.98114393  0.36229290
   0.27676969  0.69863386  0.19607389
   0.50216227  0.99169814  0.24852422
   0.02374157  0.46207492  0.46204234
   0.07956780  0.53508507  0.35253598
   0.33041551  0.16896326  0.50012883
   0.33041551  0.66896332  1.00012886
   0.83041551  0.83103668  0.49987114
   0.83041551  0.33103674 -0.00012886
   0.28623187  0.24376425  0.34496718
   0.28623187  0.74376425  0.84496721
   0.78623184  0.75623575  0.65503279
   0.78623184  0.25623577  0.15503281
