   0.25030310  0.24114255  0.10745820
   0.21625042  0.26980975  0.21952857
   0.25030310  0.74114255  0.60745821
   0.21625042  0.76980978  0.71952853
   0.75030307  0.75885745  0.89254179
   0.71625038  0.73019022  0.78047147
   0.75030307  0.25885745  0.39254182
   0.71625038  0.23019023  0.28047141
   0.75492346  0.76496087  0.10801165
   0.74299496  0.72244322  0.21982280
   0.75492346  0.26496089  0.60801167
   0.74299496  0.22244320  0.71982283
   0.25492348  0.23503911  0.89198833
   0.24299498  0.27755681  0.78017717
   0.25492348  0.73503913  0.39198836
   0.24299498  0.77755678  0.28017720
   0.26352424  0.24216146 -0.00004876
   0.26352424  0.74216146  0.49995124
   0.76352422  0.75783854  1.00004876
   0.76352422  0.25783854  0.50004870
   0.78320642  0.75499443  0.34643727
   0.78320642  0.25499443  0.84643727
   0.80777879  0.75447815  0.45062126
   0.80777879  0.25447815  0.95062123
   0.30777879  0.24552187  0.54937877
   0.28320645  0.24500557  0.65356273
   0.28320645  0.74500557  0.15356273
   0.30777879  0.74552185  0.04937876
   0.30706519  0.24451171  0.45090807
   0.30706519  0.74451171  0.95090807
   0.80706519  0.75548829  0.54909193
   0.80706519  0.25548829  0.04909193
   0.62555240  0.56207140  0.05276323
   0.31955243  0.31511329  0.40647419
   0.52428321  0.48621674  0.13891178
   0.30684188  0.19015159  0.30208146
   0.49841439  0.49781898  0.25059812
   0.03097646  0.96258256  0.03762213
   0.05851587  0.02280947  0.14561135
   0.62555240  0.06207140  0.55276320
   0.31955243  0.81511329  0.90647419
   0.52428321  0.98621677  0.63891176
   0.30684188  0.69015156  0.80208146
   0.49841439  0.99781901  0.75059815
   0.03097646  0.46258259  0.53762212
   0.05851587  0.52280952  0.64561138
   0.12555243  0.43792857  0.94723680
   0.81955243  0.68488671  0.59352581
   0.02428318  0.51378323  0.86108824
   0.80684194  0.80984844  0.69791854
  -0.00158559  0.50218099  0.74940185
   0.53097646  0.03741741  0.96237788
   0.55851589  0.97719048  0.85438862
   0.12555243  0.93792860  0.44723677
   0.81955243  0.18488671  0.09352583
   0.02428318  0.01378325  0.36108824
   0.80684194  0.30984844  0.19791854
  -0.00158559  0.00218102  0.24940187
   0.53097646  0.53741744  0.46237785
   0.55851589  0.47719054  0.35438865
   0.12544858  0.43993576  0.05276280
   0.81647897  0.68794353  0.40557430
   0.02459932  0.51282438  0.13804246
   0.77293083  0.79917280  0.30375885
   0.00021361  0.50837740  0.25148557
   0.52956336  0.03835598  0.03786703
   0.56272520  0.97759385  0.14657315
   0.12544858  0.93993573  0.55276284
   0.81647897  0.18794355  0.90557433
   0.02459932  0.01282435  0.63804243
   0.77293083  0.29917283  0.80375882
   0.00021361  0.00837741  0.75148557
   0.52956336  0.53835599  0.53786701
   0.56272520  0.47759385  0.64657318
   0.62544856  0.56006427  0.94723716
   0.31647894  0.31205647  0.59442567
   0.52459926  0.48717565  0.86195757
   0.27293086  0.20082720  0.69624118
   0.50021364  0.49162260  0.74851443
   0.02956337  0.96164401  0.96213299
   0.06272521  0.02240613  0.85342682
   0.62544856  0.06006422  0.44723722
   0.31647894  0.81205647  0.09442569
   0.52459926  0.98717562  0.36195754
   0.27293086  0.70082720  0.19624114
   0.50021364  0.99162260  0.24851440
   0.02956337  0.46164404  0.46213299
   0.06272521  0.52240615  0.35342688
   0.33589028  0.16775689  0.50013389
   0.33589028  0.66775695  1.00013392
   0.83589028  0.83224305  0.49986608
   0.83589028  0.33224311 -0.00013392
   0.28196647  0.24156911  0.34485092
   0.28196647  0.74156911  0.84485095
   0.78196644  0.75843089  0.65514905
   0.78196644  0.25843090  0.15514906
