   0.24967149  0.24499270  0.10714192
   0.21828971  0.26979383  0.21952037
   0.24967149  0.74499270  0.60714194
   0.21828971  0.76979386  0.71952032
   0.74967146  0.75500730  0.89285806
   0.71828966  0.73020614  0.78047968
   0.74967146  0.25500730  0.39285809
   0.71828966  0.23020616  0.28047962
   0.75419879  0.76016090  0.10760036
   0.74429936  0.72237577  0.21976723
   0.75419879  0.26016093  0.60760038
   0.74429936  0.22237576  0.71976726
   0.25419880  0.23983907  0.89239962
   0.24429937  0.27762426  0.78023274
   0.25419880  0.73983910  0.39239965
   0.24429937  0.77762423  0.28023277
   0.25841845  0.24365956 -0.00004352
   0.25841845  0.74365956  0.49995648
   0.75841844  0.75634044  1.00004352
   0.75841844  0.25634044  0.50004346
   0.78699486  0.75346594  0.34650031
   0.78699486  0.25346594  0.84650031
   0.80326465  0.75340139  0.45053232
   0.80326465  0.25340139  0.95053229
   0.30326465  0.24659862  0.54946771
   0.28699489  0.24653406  0.65349969
   0.28699489  0.74653406  0.15349969
   0.30326465  0.74659861  0.04946770
   0.30257142  0.24578925  0.45076523
   0.30257142  0.74578925  0.95076523
   0.80257142  0.75421075  0.54923477
   0.80257142  0.25421075  0.04923476
   0.61871953  0.55947610  0.05264957
   0.31860108  0.31598474  0.40625109
   0.52356300  0.48093916  0.13849536
   0.30791180  0.18875391  0.30222470
   0.49999897  0.49767818  0.25060183
   0.02627462  0.96284721  0.03770918
   0.07232290  0.03236517  0.14638789
   0.61871953  0.05947611  0.55264955
   0.31860108  0.81598474  0.90625109
   0.52356300  0.98093919  0.63849534
   0.30791180  0.68875388  0.80222470
   0.49999897  0.99767821  0.75060186
   0.02627462  0.46284724  0.53770917
   0.07232290  0.53236522  0.64638792
   0.11871956  0.44052387  0.94735045
   0.81860108  0.68401526  0.59374891
   0.02356297  0.51906081  0.86150466
   0.80791186  0.81124612  0.69777530
  -0.00000101  0.50232179  0.74939814
   0.52627462  0.03715277  0.96229083
   0.57232291  0.96763478  0.85361208
   0.11871956  0.94052390  0.44735042
   0.81860108  0.18401526  0.09374892
   0.02356297  0.01906083  0.36150466
   0.80791186  0.31124612  0.19777530
  -0.00000101  0.00232182  0.24939816
   0.52627462  0.53715279  0.46229080
   0.57232291  0.46763484  0.35361211
   0.11844317  0.44259820  0.05262297
   0.81644514  0.68716792  0.40539354
   0.02420363  0.51779988  0.13775070
   0.77571555  0.80096519  0.30390712
   0.00173702  0.50831848  0.25147515
   0.52490804  0.03803502  0.03793094
   0.57653648  0.96709709  0.14731890
   0.11844317  0.94259817  0.55262301
   0.81644514  0.18716794  0.90539357
   0.02420363  0.01779985  0.63775067
   0.77571555  0.30096522  0.80390709
   0.00173702  0.00831849  0.75147515
   0.52490804  0.53803502  0.53793092
   0.57653648  0.46709709  0.64731893
   0.61844316  0.55740183  0.94737699
   0.31644511  0.31283208  0.59460643
   0.52420358  0.48220015  0.86224933
   0.27571558  0.19903481  0.69609291
   0.50173705  0.49168152  0.74852485
   0.02490805  0.96196498  0.96206908
   0.07653649  0.03290289  0.85268107
   0.61844316  0.05740179  0.44737705
   0.31644511  0.81283208  0.09460644
   0.52420358  0.98220012  0.36224930
   0.27571558  0.69903481  0.19609286
   0.50173705  0.99168152  0.24852482
   0.02490805  0.46196501  0.46206908
   0.07653649  0.53290291  0.35268113
   0.33152287  0.16874893  0.50013073
   0.33152287  0.66874899  1.00013076
   0.83152287  0.83125101  0.49986924
   0.83152287  0.33125107 -0.00013076
   0.28538733  0.24332337  0.34494204
   0.28538733  0.74332337  0.84494207
   0.78538730  0.75667663  0.65505793
   0.78538730  0.25667665  0.15505794
