   0.24970313  0.24448768  0.10717887
   0.21791741  0.26981517  0.21951796
   0.24970313  0.74448768  0.60717888
   0.21791741  0.76981520  0.71951792
   0.74970310  0.75551232  0.89282112
   0.71791737  0.73018480  0.78048208
   0.74970310  0.25551232  0.39282115
   0.71791737  0.23018482  0.28048202
   0.75423309  0.76088455  0.10766005
   0.74411706  0.72237685  0.21977508
   0.75423309  0.26088458  0.60766007
   0.74411706  0.22237683  0.71977511
   0.25423311  0.23911542  0.89233993
   0.24411707  0.27762318  0.78022489
   0.25423311  0.73911545  0.39233996
   0.24411707  0.77762315  0.28022492
   0.25919164  0.24342734 -0.00004715
   0.25919164  0.74342734  0.49995285
   0.75919163  0.75657266  1.00004715
   0.75919163  0.25657266  0.50004709
   0.78643221  0.75369127  0.34651972
   0.78643221  0.25369127  0.84651972
   0.80395677  0.75353440  0.45055185
   0.80395677  0.25353440  0.95055182
   0.30395677  0.24646561  0.54944818
   0.28643224  0.24630873  0.65348028
   0.28643224  0.74630873  0.15348028
   0.30395677  0.74646560  0.04944817
   0.30324632  0.24559991  0.45079623
   0.30324632  0.74559991  0.95079623
   0.80324632  0.75440009  0.54920377
   0.80324632  0.25440009  0.04920377
   0.61975162  0.55987081  0.05266209
   0.31872520  0.31587026  0.40627808
   0.52353372  0.48159762  0.13855331
   0.30779742  0.18890747  0.30219988
   0.49973865  0.49769585  0.25060038
   0.02698776  0.96280792  0.03770026
   0.07040246  0.03100704  0.14626496
   0.61975162  0.05987082  0.55266207
   0.31872520  0.81587026  0.90627808
   0.52353372  0.98159765  0.63855330
   0.30779742  0.68890744  0.80219988
   0.49973865  0.99769588  0.75060041
   0.02698776  0.46280795  0.53770026
   0.07040246  0.53100709  0.64626499
   0.11975165  0.44012916  0.94733793
   0.81872520  0.68412974  0.59372192
   0.02353369  0.51840235  0.86144670
   0.80779748  0.81109256  0.69780012
  -0.00026134  0.50230412  0.74939959
   0.52698777  0.03719206  0.96229974
   0.57040247  0.96899291  0.85373501
   0.11975165  0.94012919  0.44733790
   0.81872520  0.18412974  0.09372193
   0.02353369  0.01840237  0.36144670
   0.80779748  0.31109256  0.19780012
  -0.00026134  0.00230415  0.24939960
   0.52698777  0.53719208  0.46229971
   0.57040247  0.46899297  0.35373504
   0.11947813  0.44222524  0.05264413
   0.81657514  0.68726765  0.40541496
   0.02420289  0.51715431  0.13778496
   0.77516727  0.80077481  0.30386290
   0.00148681  0.50832739  0.25147878
   0.52561561  0.03809731  0.03791960
   0.57464270  0.96843327  0.14722843
   0.11947813  0.94222521  0.55264417
   0.81657514  0.18726766  0.90541499
   0.02420289  0.01715429  0.63778493
   0.77516727  0.30077484  0.80386287
   0.00148681  0.00832740  0.75147878
   0.52561561  0.53809732  0.53791958
   0.57464270  0.46843327  0.64722846
   0.61947811  0.55777479  0.94735583
   0.31657511  0.31273235  0.59458501
   0.52420283  0.48284572  0.86221507
   0.27516730  0.19922519  0.69613713
   0.50148685  0.49167261  0.74852122
   0.02561562  0.96190268  0.96208042
   0.07464271  0.03156671  0.85277154
   0.61947811  0.05777474  0.44735589
   0.31657511  0.81273235  0.09458503
   0.52420283  0.98284569  0.36221504
   0.27516730  0.69922519  0.19613709
   0.50148685  0.99167261  0.24852119
   0.02561562  0.46190271  0.46208042
   0.07464271  0.53156673  0.35277160
   0.33222030  0.16859500  0.50013076
   0.33222030  0.66859506  1.00013079
   0.83222030  0.83140494  0.49986921
   0.83222030  0.33140500 -0.00013079
   0.28487654  0.24308714  0.34494191
   0.28487654  0.74308714  0.84494194
   0.78487651  0.75691286  0.65505806
   0.78487651  0.25691288  0.15505807
