   0.24996688  0.24831516  0.10697451
   0.22263027  0.26960566  0.21965481
   0.24996688  0.74831516  0.60697453
   0.22263027  0.76960569  0.71965476
   0.74996685  0.75168484  0.89302547
   0.72263023  0.73039431  0.78034524
   0.74996685  0.25168484  0.39302550
   0.72263023  0.23039432  0.28034518
   0.75507646  0.75366419  0.10721803
   0.74471856  0.72154858  0.21960644
   0.75507646  0.25366422  0.60721806
   0.74471856  0.22154857  0.71960647
   0.25507647  0.24633578  0.89278194
   0.24471857  0.27845145  0.78039353
   0.25507647  0.74633581  0.39278197
   0.24471857  0.77845142  0.28039356
   0.25123258  0.24554874  0.00002460
   0.25123258  0.74554874  0.50002460
   0.75123256  0.75445126  0.99997540
   0.75123256  0.25445126  0.49997534
   0.79276357  0.75167174  0.34651388
   0.79276357  0.25167174  0.84651388
   0.79699940  0.75228392  0.45033239
   0.79699940  0.25228392  0.95033236
   0.29699940  0.24771609  0.54966764
   0.29276360  0.24832826  0.65348612
   0.29276360  0.74832826  0.15348612
   0.29699940  0.74771608  0.04966763
   0.29646463  0.24753794  0.45049651
   0.29646463  0.74753794  0.95049651
   0.79646463  0.75246206  0.54950349
   0.79646463  0.25246206  0.04950348
   0.60928020  0.55589546  0.05267962
   0.31787456  0.31750002  0.40579563
   0.52487427  0.47622435  0.13806898
   0.30627301  0.18736320  0.30222589
   0.50194835  0.49753796  0.25070036
   0.01950113  0.96287847  0.03785713
   0.08920796  0.04321415  0.14771570
   0.60928020  0.05589547  0.55267960
   0.31787456  0.81750002  0.90579563
   0.52487427  0.97622438  0.63806897
   0.30627301  0.68736317  0.80222589
   0.50194835  0.99753799  0.75070039
   0.01950113  0.46287850  0.53785712
   0.08920796  0.54321420  0.64771573
   0.10928023  0.44410451  0.94732040
   0.81787456  0.68249998  0.59420437
   0.02487424  0.52377562  0.86193103
   0.80627307  0.81263683  0.69777411
   0.00194836  0.50246201  0.74929961
   0.51950113  0.03712151  0.96214288
   0.58920797  0.95678580  0.85228427
   0.10928023  0.94410454  0.44732037
   0.81787456  0.18249998  0.09420439
   0.02487424  0.02377564  0.36193103
   0.80627307  0.31263683  0.19777411
   0.00194836  0.00246204  0.24929962
   0.51950113  0.53712153  0.46214285
   0.58920797  0.45678586  0.35228430
   0.10912742  0.44556495  0.05255850
   0.81442120  0.68601967  0.40500592
   0.02539972  0.52272182  0.13772679
   0.78309864  0.80333524  0.30393704
   0.00338930  0.50790197  0.25148622
   0.51812045  0.03774291  0.03815417
   0.59247972  0.95577802  0.14811947
   0.10912742  0.94556492  0.55255854
   0.81442120  0.18601969  0.90500595
   0.02539972  0.02272179  0.63772676
   0.78309864  0.30333527  0.80393701
   0.00338930  0.00790197  0.75148622
   0.51812045  0.53774292  0.53815415
   0.59247972  0.45577802  0.64811950
   0.60912741  0.55443508  0.94744146
   0.31442117  0.31398033  0.59499405
   0.52539967  0.47727821  0.86227324
   0.28309867  0.19666476  0.69606299
   0.50338934  0.49209803  0.74851378
   0.01812046  0.96225708  0.96184585
   0.09247973  0.04422195  0.85188050
   0.60912741  0.05443504  0.44744152
   0.31442117  0.81398033  0.09499407
   0.52539967  0.97727818  0.36227321
   0.28309867  0.69666476  0.19606294
   0.50338934  0.99209803  0.24851375
   0.01812046  0.46225711  0.46184585
   0.09247973  0.54422198  0.35188056
   0.32517658  0.16984814  0.50012330
   0.32517658  0.66984820  1.00012333
   0.82517658  0.83015180  0.49987667
   0.82517658  0.33015186 -0.00012333
   0.28997498  0.24580851  0.34490360
   0.28997498  0.74580851  0.84490363
   0.78997495  0.75419149  0.65509637
   0.78997495  0.25419150  0.15509638
