   0.25026826  0.24130727  0.10744470
   0.21631231  0.26981511  0.21952788
   0.25026826  0.74130727  0.60744471
   0.21631231  0.76981514  0.71952784
   0.75026823  0.75869273  0.89255529
   0.71631227  0.73018486  0.78047216
   0.75026823  0.25869273  0.39255532
   0.71631227  0.23018488  0.28047210
   0.75487597  0.76476987  0.10799761
   0.74304632  0.72243550  0.21982101
   0.75487597  0.26476990  0.60799763
   0.74304632  0.22243549  0.71982104
   0.25487598  0.23523010  0.89200237
   0.24304633  0.27756453  0.78017896
   0.25487598  0.73523013  0.39200240
   0.24304633  0.77756450  0.28017899
   0.26332832  0.24221767 -0.00004954
   0.26332832  0.74221767  0.49995046
   0.76332831  0.75778233  1.00004954
   0.76332831  0.25778233  0.50004948
   0.78336158  0.75495066  0.34644295
   0.78336158  0.25495066  0.84644295
   0.80759946  0.75443191  0.45061804
   0.80759946  0.25443191  0.95061801
   0.30759946  0.24556811  0.54938199
   0.28336161  0.24504934  0.65355705
   0.28336161  0.74504934  0.15355705
   0.30759946  0.74556809  0.04938198
   0.30688190  0.24456312  0.45090387
   0.30688190  0.74456312  0.95090387
   0.80688190  0.75543688  0.54909613
   0.80688190  0.25543688  0.04909612
   0.62530254  0.56198121  0.05275749
   0.31951728  0.31514705  0.40646603
   0.52422745  0.48595821  0.13889398
   0.30689710  0.19009079  0.30209082
   0.49846650  0.49781331  0.25059816
   0.03080571  0.96258777  0.03762576
   0.05906525  0.02318822  0.14563700
   0.62530254  0.06198121  0.55275747
   0.31951728  0.81514705  0.90646603
   0.52422745  0.98595824  0.63889397
   0.30689710  0.69009076  0.80209082
   0.49846650  0.99781334  0.75059819
   0.03080571  0.46258780  0.53762575
   0.05906525  0.52318828  0.64563703
   0.12530257  0.43801876  0.94724253
   0.81951728  0.68485295  0.59353397
   0.02422742  0.51404176  0.86110603
   0.80689716  0.80990924  0.69790918
  -0.00153349  0.50218666  0.74940181
   0.53080572  0.03741221  0.96237425
   0.55906527  0.97681172  0.85436297
   0.12530257  0.93801879  0.44724250
   0.81951728  0.18485295  0.09353399
   0.02422742  0.01404178  0.36110603
   0.80689716  0.30990924  0.19790918
  -0.00153349  0.00218669  0.24940182
   0.53080572  0.53741223  0.46237422
   0.55906527  0.47681178  0.35436300
   0.12518862  0.44003864  0.05275801
   0.81652177  0.68791557  0.40556960
   0.02455393  0.51302275  0.13802787
   0.77300063  0.79925847  0.30376003
   0.00026668  0.50837762  0.25148626
   0.52939010  0.03834497  0.03786788
   0.56330355  0.97713848  0.14660603
   0.12518862  0.94003861  0.55275805
   0.81652177  0.18791558  0.90556963
   0.02455393  0.01302272  0.63802784
   0.77300063  0.29925850  0.80376000
   0.00026668  0.00837762  0.75148626
   0.52939010  0.53834498  0.53786786
   0.56330355  0.47713848  0.64660606
   0.62518861  0.55996139  0.94724195
   0.31652174  0.31208443  0.59443037
   0.52455387  0.48697728  0.86197216
   0.27300066  0.20074153  0.69624000
   0.50026671  0.49162238  0.74851374
   0.02939011  0.96165502  0.96213214
   0.06330356  0.02286150  0.85339394
   0.62518861  0.05996134  0.44724201
   0.31652174  0.81208443  0.09443039
   0.52455387  0.98697725  0.36197213
   0.27300066  0.70074153  0.19623995
   0.50026671  0.99162238  0.24851371
   0.02939011  0.46165505  0.46213214
   0.06330356  0.52286152  0.35339400
   0.33574320  0.16778801  0.50013412
   0.33574320  0.66778807  1.00013414
   0.83574320  0.83221193  0.49986586
   0.83574320  0.33221199 -0.00013414
   0.28207537  0.24163703  0.34485503
   0.28207537  0.74163703  0.84485506
   0.78207534  0.75836297  0.65514494
   0.78207534  0.25836298  0.15514495
