   0.24973305  0.24417416  0.10720400
   0.21771023  0.26982252  0.21951828
   0.24973305  0.74417416  0.60720401
   0.21771023  0.76982255  0.71951823
   0.74973302  0.75582584  0.89279599
   0.71771019  0.73017745  0.78048177
   0.74973302  0.25582584  0.39279602
   0.71771019  0.23017746  0.28048171
   0.75430095  0.76131949  0.10769714
   0.74400595  0.72238666  0.21978066
   0.75430095  0.26131951  0.60769716
   0.74400595  0.22238665  0.71978069
   0.25430096  0.23868049  0.89230284
   0.24400596  0.27761337  0.78021931
   0.25430096  0.73868051  0.39230287
   0.24400596  0.77761334  0.28021934
   0.25966429  0.24330137 -0.00004918
   0.25966429  0.74330137  0.49995082
   0.75966428  0.75669863  1.00004918
   0.75966428  0.25669863  0.50004912
   0.78607780  0.75383837  0.34649943
   0.78607780  0.25383837  0.84649943
   0.80437592  0.75363807  0.45056063
   0.80437592  0.25363807  0.95056060
   0.30437592  0.24636195  0.54943940
   0.28607783  0.24616163  0.65350057
   0.28607783  0.74616163  0.15350057
   0.30437592  0.74636193  0.04943939
   0.30365297  0.24547599  0.45080728
   0.30365297  0.74547599  0.95080728
   0.80365297  0.75452401  0.54919272
   0.80365297  0.25452401  0.04919271
   0.62039721  0.56011698  0.05266963
   0.31880409  0.31577123  0.40630119
   0.52357649  0.48200173  0.13858891
   0.30771238  0.18902552  0.30219675
   0.49957816  0.49771701  0.25059885
   0.02743942  0.96278699  0.03769269
   0.06912294  0.03015394  0.14619001
   0.62039721  0.06011698  0.55266961
   0.31880409  0.81577123  0.90630119
   0.52357649  0.98200176  0.63858890
   0.30771238  0.68902549  0.80219675
   0.49957816  0.99771704  0.75059888
   0.02743942  0.46278702  0.53769269
   0.06912294  0.53015399  0.64619004
   0.12039724  0.43988299  0.94733039
   0.81880409  0.68422877  0.59369881
   0.02357646  0.51799824  0.86141110
   0.80771244  0.81097451  0.69780325
  -0.00042182  0.50228296  0.74940112
   0.52743942  0.03721298  0.96230731
   0.56912296  0.96984601  0.85380996
   0.12039724  0.93988302  0.44733036
   0.81880409  0.18422877  0.09369883
   0.02357646  0.01799826  0.36141110
   0.80771244  0.31097451  0.19780325
  -0.00042182  0.00228299  0.24940113
   0.52743942  0.53721301  0.46230728
   0.56912296  0.46984607  0.35380999
   0.12013502  0.44199467  0.05265650
   0.81663765  0.68734504  0.40543345
   0.02419238  0.51669350  0.13780712
   0.77485076  0.80059780  0.30387055
   0.00133626  0.50833727  0.25148041
   0.52605900  0.03812312  0.03791152
   0.57344199  0.96935736  0.14716962
   0.12013502  0.94199464  0.55265654
   0.81663765  0.18734506  0.90543348
   0.02419238  0.01669348  0.63780709
   0.77485076  0.30059783  0.80387052
   0.00133626  0.00833728  0.75148041
   0.52605900  0.53812312  0.53791150
   0.57344199  0.46935736  0.64716965
   0.62013501  0.55800536  0.94734346
   0.31663762  0.31265496  0.59456652
   0.52419233  0.48330653  0.86219291
   0.27485079  0.19940220  0.69612948
   0.50133629  0.49166273  0.74851959
   0.02605900  0.96187688  0.96208850
   0.07344199  0.03064262  0.85283035
   0.62013501  0.05800532  0.44734352
   0.31663762  0.81265496  0.09456654
   0.52419233  0.98330650  0.36219288
   0.27485079  0.69940220  0.19612944
   0.50133629  0.99166273  0.24851956
   0.02605900  0.46187691  0.46208850
   0.07344199  0.53064264  0.35283041
   0.33263601  0.16850946  0.50013197
   0.33263601  0.66850952  1.00013200
   0.83263601  0.83149048  0.49986800
   0.83263601  0.33149054 -0.00013200
   0.28455893  0.24292366  0.34493215
   0.28455893  0.74292366  0.84493217
   0.78455890  0.75707634  0.65506783
   0.78455890  0.25707636  0.15506784
