   0.25009051  0.24203199  0.10738129
   0.21663217  0.26982167  0.21952534
   0.25009051  0.74203199  0.60738131
   0.21663217  0.76982170  0.71952529
   0.75009048  0.75796801  0.89261869
   0.71663213  0.73017830  0.78047471
   0.75009048  0.25796801  0.39261872
   0.71663213  0.23017832  0.28047465
   0.75472991  0.76394619  0.10792770
   0.74328559  0.72243716  0.21981263
   0.75472991  0.26394622  0.60792772
   0.74328559  0.22243715  0.71981266
   0.25472992  0.23605378  0.89207228
   0.24328561  0.27756287  0.78018734
   0.25472992  0.73605381  0.39207231
   0.24328561  0.77756284  0.28018737
   0.26244764  0.24248157 -0.00005218
   0.26244764  0.74248157  0.49994782
   0.76244763  0.75751843  1.00005218
   0.76244763  0.25751843  0.50005212
   0.78400285  0.75469703  0.34645719
   0.78400285  0.25469703  0.84645719
   0.80685193  0.75423536  0.45060258
   0.80685193  0.25423536  0.95060255
   0.30685193  0.24576466  0.54939745
   0.28400288  0.24530297  0.65354281
   0.28400288  0.74530297  0.15354281
   0.30685193  0.74576464  0.04939744
   0.30611907  0.24477984  0.45087954
   0.30611907  0.74477984  0.95087954
   0.80611907  0.75522016  0.54912046
   0.80611907  0.25522016  0.04912045
   0.62412742  0.56153029  0.05273394
   0.31932204  0.31528716  0.40642615
   0.52399757  0.48488330  0.13881836
   0.30711459  0.18980599  0.30211468
   0.49872189  0.49779275  0.25059691
   0.02999452  0.96263614  0.03764542
   0.06154630  0.02488903  0.14576491
   0.62412742  0.06153030  0.55273392
   0.31932204  0.81528716  0.90642615
   0.52399757  0.98488333  0.63881834
   0.30711459  0.68980597  0.80211468
   0.49872189  0.99779278  0.75059694
   0.02999452  0.46263617  0.53764541
   0.06154630  0.52488908  0.64576494
   0.12412745  0.43846968  0.94726608
   0.81932204  0.68471284  0.59357385
   0.02399754  0.51511667  0.86118166
   0.80711465  0.81019403  0.69788532
  -0.00127810  0.50220722  0.74940306
   0.52999453  0.03736384  0.96235459
   0.56154632  0.97511092  0.85423506
   0.12412745  0.93846971  0.44726605
   0.81932204  0.18471284  0.09357387
   0.02399754  0.01511669  0.36118166
   0.80711465  0.31019403  0.19788532
  -0.00127810  0.00220725  0.24940308
   0.52999453  0.53736386  0.46235456
   0.56154632  0.47511098  0.35423509
   0.12396018  0.44053051  0.05273576
   0.81663889  0.68778913  0.40553480
   0.02442298  0.51393677  0.13797088
   0.77337012  0.79962324  0.30378227
   0.00051102  0.50836942  0.25148454
   0.52859079  0.03829943  0.03787729
   0.56587041  0.97512477  0.14675970
   0.12396018  0.94053048  0.55273580
   0.81663889  0.18778915  0.90553483
   0.02442298  0.01393674  0.63797085
   0.77337012  0.29962327  0.80378224
   0.00051102  0.00836943  0.75148454
   0.52859079  0.53829943  0.53787726
   0.56587041  0.47512477  0.64675973
   0.62396016  0.55946952  0.94726420
   0.31663886  0.31221087  0.59446517
   0.52442292  0.48606326  0.86202915
   0.27337015  0.20037676  0.69621776
   0.50051106  0.49163058  0.74851546
   0.02859080  0.96170057  0.96212274
   0.06587042  0.02487521  0.85324027
   0.62396016  0.05946948  0.44726426
   0.31663886  0.81221087  0.09446519
   0.52442292  0.98606323  0.36202912
   0.27337015  0.70037676  0.19621771
   0.50051106  0.99163058  0.24851543
   0.02859080  0.46170060  0.46212274
   0.06587042  0.52487523  0.35324033
   0.33500003  0.16796547  0.50013344
   0.33500003  0.66796553  1.00013347
   0.83500003  0.83203447  0.49986653
   0.83500003  0.33203453 -0.00013347
   0.28265142  0.24195019  0.34487496
   0.28265142  0.74195019  0.84487499
   0.78265139  0.75804981  0.65512501
   0.78265139  0.25804983  0.15512502
