   0.25026136  0.24127157  0.10744655
   0.21629433  0.26981730  0.21952876
   0.25026136  0.74127157  0.60744656
   0.21629433  0.76981733  0.71952872
   0.75026133  0.75872843  0.89255344
   0.71629429  0.73018267  0.78047128
   0.75026133  0.25872843  0.39255347
   0.71629429  0.23018269  0.28047122
   0.75488761  0.76481112  0.10799898
   0.74303720  0.72243225  0.21982251
   0.75488761  0.26481115  0.60799900
   0.74303720  0.22243224  0.71982254
   0.25488763  0.23518885  0.89200100
   0.24303722  0.27756778  0.78017746
   0.25488763  0.73518888  0.39200103
   0.24303722  0.77756775  0.28017749
   0.26336125  0.24220905 -0.00004942
   0.26336125  0.74220905  0.49995058
   0.76336124  0.75779095  1.00004942
   0.76336124  0.25779095  0.50004936
   0.78332012  0.75495329  0.34644349
   0.78332012  0.25495329  0.84644349
   0.80763708  0.75444728  0.45062009
   0.80763708  0.25444728  0.95062006
   0.30763708  0.24555274  0.54937994
   0.28332015  0.24504671  0.65355651
   0.28332015  0.74504671  0.15355651
   0.30763708  0.74555272  0.04937993
   0.30691976  0.24454694  0.45090574
   0.30691976  0.74454694  0.95090574
   0.80691976  0.75545306  0.54909426
   0.80691976  0.25545306  0.04909425
   0.62534570  0.56199288  0.05275861
   0.31952631  0.31514836  0.40646611
   0.52423757  0.48600225  0.13889763
   0.30689318  0.19009446  0.30208650
   0.49845926  0.49781508  0.25059796
   0.03083601  0.96258888  0.03762492
   0.05896721  0.02312272  0.14563289
   0.62534570  0.06199289  0.55275859
   0.31952631  0.81514836  0.90646611
   0.52423757  0.98600228  0.63889761
   0.30689318  0.69009443  0.80208650
   0.49845926  0.99781511  0.75059799
   0.03083601  0.46258891  0.53762492
   0.05896721  0.52312277  0.64563292
   0.12534573  0.43800709  0.94724141
   0.81952631  0.68485164  0.59353389
   0.02423754  0.51399772  0.86110239
   0.80689324  0.80990557  0.69791350
  -0.00154073  0.50218489  0.74940201
   0.53083601  0.03741110  0.96237508
   0.55896723  0.97687723  0.85436708
   0.12534573  0.93800712  0.44724138
   0.81952631  0.18485164  0.09353390
   0.02423754  0.01399774  0.36110239
   0.80689324  0.30990557  0.19791350
  -0.00154073  0.00218492  0.24940202
   0.53083601  0.53741112  0.46237505
   0.55896723  0.47687729  0.35436711
   0.12523040  0.44002069  0.05275902
   0.81651852  0.68791502  0.40556862
   0.02456363  0.51298661  0.13803106
   0.77299107  0.79924712  0.30375973
   0.00025830  0.50837865  0.25148588
   0.52942449  0.03834856  0.03786761
   0.56320776  0.97722237  0.14660105
   0.12523040  0.94002066  0.55275906
   0.81651852  0.18791503  0.90556865
   0.02456363  0.01298658  0.63803103
   0.77299107  0.29924715  0.80375970
   0.00025830  0.00837865  0.75148588
   0.52942449  0.53834857  0.53786759
   0.56320776  0.47722237  0.64660108
   0.62523038  0.55997934  0.94724094
   0.31651849  0.31208498  0.59443135
   0.52456357  0.48701342  0.86196897
   0.27299110  0.20075288  0.69624030
   0.50025833  0.49162135  0.74851412
   0.02942450  0.96165143  0.96213241
   0.06320777  0.02277761  0.85339892
   0.62523038  0.05997929  0.44724100
   0.31651849  0.81208498  0.09443137
   0.52456357  0.98701339  0.36196894
   0.27299110  0.70075288  0.19624025
   0.50025833  0.99162135  0.24851409
   0.02942450  0.46165146  0.46213241
   0.06320777  0.52277763  0.35339898
   0.33577370  0.16778058  0.50013374
   0.33577370  0.66778064  1.00013377
   0.83577370  0.83221936  0.49986623
   0.83577370  0.33221942 -0.00013377
   0.28204801  0.24162255  0.34485582
   0.28204801  0.74162255  0.84485585
   0.78204798  0.75837745  0.65514415
   0.78204798  0.25837747  0.15514417
