   0.24999717  0.24836145  0.10697853
   0.22275787  0.26959263  0.21965968
   0.24999717  0.74836145  0.60697855
   0.22275787  0.76959266  0.71965963
   0.74999714  0.75163855  0.89302145
   0.72275783  0.73040734  0.78034037
   0.74999714  0.25163855  0.39302148
   0.72275783  0.23040736  0.28034031
   0.75513277  0.75355293  0.10721875
   0.74469807  0.72152973  0.21960049
   0.75513277  0.25355296  0.60721878
   0.74469807  0.22152972  0.71960052
   0.25513278  0.24644704  0.89278122
   0.24469808  0.27847030  0.78039948
   0.25513278  0.74644707  0.39278125
   0.24469808  0.77847027  0.28039951
   0.25111341  0.24557623  0.00002769
   0.25111341  0.74557623  0.50002769
   0.75111339  0.75442377  0.99997231
   0.75111339  0.25442377  0.49997225
   0.79288712  0.75163884  0.34651102
   0.79288712  0.25163884  0.84651102
   0.79689624  0.75225975  0.45031294
   0.79689624  0.25225975  0.95031291
   0.29689624  0.24774026  0.54968709
   0.29288715  0.24836116  0.65348898
   0.29288715  0.74836116  0.15348898
   0.29689624  0.74774025  0.04968708
   0.29636646  0.24757462  0.45047433
   0.29636646  0.74757462  0.95047433
   0.79636646  0.75242538  0.54952567
   0.79636646  0.25242538  0.04952566
   0.60912127  0.55584223  0.05268049
   0.31785062  0.31750473  0.40579539
   0.52491273  0.47615922  0.13806147
   0.30615688  0.18732798  0.30222211
   0.50195789  0.49753514  0.25070393
   0.01937253  0.96287195  0.03785993
   0.08949724  0.04338833  0.14774136
   0.60912127  0.05584223  0.55268047
   0.31785062  0.81750473  0.90579539
   0.52491273  0.97615925  0.63806146
   0.30615688  0.68732795  0.80222211
   0.50195789  0.99753516  0.75070396
   0.01937253  0.46287198  0.53785992
   0.08949724  0.54338839  0.64774139
   0.10912130  0.44415774  0.94731953
   0.81785062  0.68249527  0.59420461
   0.02491270  0.52384075  0.86193854
   0.80615694  0.81267205  0.69777789
   0.00195791  0.50246484  0.74929604
   0.51937253  0.03712803  0.96214008
   0.58949726  0.95661161  0.85225861
   0.10912130  0.94415777  0.44731950
   0.81785062  0.18249527  0.09420462
   0.02491270  0.02384077  0.36193854
   0.80615694  0.31267205  0.19777789
   0.00195791  0.00246487  0.24929605
   0.51937253  0.53712805  0.46214005
   0.58949726  0.45661167  0.35225864
   0.10897813  0.44560767  0.05255682
   0.81437674  0.68601150  0.40500542
   0.02543852  0.52278705  0.13772996
   0.78325094  0.80340294  0.30393206
   0.00339226  0.50788293  0.25148763
   0.51798603  0.03775004  0.03815887
   0.59275252  0.95557793  0.14813539
   0.10897813  0.94560764  0.55255687
   0.81437674  0.18601152  0.90500544
   0.02543852  0.02278702  0.63772993
   0.78325094  0.30340296  0.80393203
   0.00339226  0.00788293  0.75148763
   0.51798603  0.53775004  0.53815885
   0.59275252  0.45557793  0.64813542
   0.60897812  0.55439236  0.94744313
   0.31437671  0.31398850  0.59499456
   0.52543846  0.47721298  0.86227007
   0.28325097  0.19659706  0.69606797
   0.50339229  0.49211707  0.74851237
   0.01798604  0.96224996  0.96184115
   0.09275253  0.04442205  0.85186458
   0.60897812  0.05439231  0.44744319
   0.31437671  0.81398850  0.09499457
   0.52543846  0.97721295  0.36227004
   0.28325097  0.69659706  0.19606792
   0.50339229  0.99211707  0.24851234
   0.01798604  0.46224999  0.46184115
   0.09275253  0.54442207  0.35186464
   0.32505703  0.16986724  0.50012327
   0.32505703  0.66986730  1.00012330
   0.82505703  0.83013270  0.49987670
   0.82505703  0.33013276 -0.00012330
   0.29004940  0.24585277  0.34489985
   0.29004940  0.74585277  0.84489988
   0.79004937  0.75414723  0.65510012
   0.79004937  0.25414724  0.15510013
