   0.24967934  0.24734785  0.10698787
   0.22075684  0.26967196  0.21956838
   0.24967934  0.74734785  0.60698788
   0.22075684  0.76967199  0.71956834
   0.74967931  0.75265215  0.89301212
   0.72075680  0.73032801  0.78043166
   0.74967931  0.25265215  0.39301215
   0.72075680  0.23032803  0.28043160
   0.75436178  0.75590092  0.10730241
   0.74493107  0.72204172  0.21968553
   0.75436178  0.25590094  0.60730243
   0.74493107  0.22204171  0.71968556
   0.25436179  0.24409906  0.89269757
   0.24493109  0.27795831  0.78031444
   0.25436179  0.74409908  0.39269760
   0.24493109  0.77795828  0.28031447
   0.25375748  0.24489211 -0.00001105
   0.25375748  0.74489211  0.49998895
   0.75375746  0.75510789  1.00001105
   0.75375746  0.25510789  0.50001099
   0.79061370  0.75222936  0.34654342
   0.79061370  0.25222936  0.84654342
   0.79913078  0.75265828  0.45043198
   0.79913078  0.25265828  0.95043195
   0.29913078  0.24734173  0.54956805
   0.29061373  0.24777064  0.65345658
   0.29061373  0.74777064  0.15345658
   0.29913078  0.74734172  0.04956804
   0.29857146  0.24695724  0.45062007
   0.29857146  0.74695724  0.95062007
   0.79857146  0.75304276  0.54937993
   0.79857146  0.25304276  0.04937992
   0.61250045  0.55707113  0.05263350
   0.31815605  0.31702381  0.40598710
   0.52414435  0.47767868  0.13820693
   0.30776291  0.18795529  0.30225673
   0.50145482  0.49757425  0.25064445
   0.02194038  0.96294741  0.03778438
   0.08342133  0.03969296  0.14720415
   0.61250045  0.05707114  0.55263348
   0.31815605  0.81702381  0.90598710
   0.52414435  0.97767871  0.63820692
   0.30776291  0.68795526  0.80225673
   0.50145482  0.99757428  0.75064448
   0.02194038  0.46294744  0.53778437
   0.08342133  0.53969301  0.64720418
   0.11250048  0.44292884  0.94736652
   0.81815605  0.68297619  0.59401290
   0.02414433  0.52232129  0.86179308
   0.80776297  0.81204474  0.69774327
   0.00145484  0.50242572  0.74935552
   0.52194038  0.03705257  0.96221563
   0.58342134  0.96030699  0.85279582
   0.11250048  0.94292887  0.44736649
   0.81815605  0.18297619  0.09401291
   0.02414433  0.02232131  0.36179308
   0.80776297  0.31204474  0.19774327
   0.00145484  0.00242575  0.24935554
   0.52194038  0.53705259  0.46221560
   0.58342134  0.46030705  0.35279585
   0.11226299  0.44462123  0.05255010
   0.81525851  0.68643990  0.40517660
   0.02473459  0.52125192  0.13767764
   0.78010556  0.80235100  0.30394930
   0.00306334  0.50816431  0.25147253
   0.52059783  0.03772690  0.03804766
   0.58699697  0.95963076  0.14781336
   0.11226299  0.94462120  0.55255014
   0.81525851  0.18643992  0.90517662
   0.02473459  0.02125189  0.63767761
   0.78010556  0.30235103  0.80394927
   0.00306334  0.00816431  0.75147253
   0.52059783  0.53772691  0.53804763
   0.58699697  0.45963076  0.64781339
   0.61226297  0.55537880  0.94744986
   0.31525848  0.31356010  0.59482338
   0.52473453  0.47874811  0.86232239
   0.28010559  0.19764900  0.69605073
   0.50306337  0.49183569  0.74852747
   0.02059783  0.96227309  0.96195237
   0.08699698  0.04036922  0.85218661
   0.61226297  0.05537876  0.44744992
   0.31525848  0.81356010  0.09482339
   0.52473453  0.97874808  0.36232236
   0.28010559  0.69764900  0.19605069
   0.50306337  0.99183569  0.24852744
   0.02059783  0.46227312  0.46195237
   0.08699698  0.54036924  0.35218667
   0.32741436  0.16952151  0.50012471
   0.32741436  0.66952157  1.00012474
   0.82741436  0.83047843  0.49987526
   0.82741436  0.33047849 -0.00012474
   0.28838297  0.24491204  0.34495830
   0.28838297  0.74491204  0.84495832
   0.78838294  0.75508796  0.65504168
   0.78838294  0.25508798  0.15504169
