   0.24980941  0.24351563  0.10725483
   0.21730553  0.26984283  0.21951666
   0.24980941  0.74351563  0.60725485
   0.21730553  0.76984286  0.71951662
   0.74980938  0.75648437  0.89274515
   0.71730548  0.73015714  0.78048338
   0.74980938  0.25648437  0.39274518
   0.71730548  0.23015716  0.28048332
   0.75440856  0.76216236  0.10777054
   0.74376117  0.72238825  0.21979038
   0.75440856  0.26216238  0.60777056
   0.74376117  0.22238823  0.71979041
   0.25440858  0.23783762  0.89222944
   0.24376119  0.27761178  0.78020959
   0.25440858  0.73783764  0.39222947
   0.24376119  0.77761175  0.28020962
   0.26055690  0.24303152 -0.00005170
   0.26055690  0.74303152  0.49994830
   0.76055688  0.75696848  1.00005170
   0.76055688  0.25696848  0.50005164
   0.78540484  0.75412227  0.34648504
   0.78540484  0.25412227  0.84648504
   0.80517121  0.75381839  0.45057262
   0.80517121  0.25381839  0.95057259
   0.30517121  0.24618162  0.54942741
   0.28540487  0.24587773  0.65351496
   0.28540487  0.74587773  0.15351496
   0.30517121  0.74618161  0.04942740
   0.30443819  0.24525365  0.45082914
   0.30443819  0.74525365  0.95082914
   0.80443819  0.75474635  0.54917086
   0.80443819  0.25474635  0.04917085
   0.62162486  0.56058425  0.05268915
   0.31897210  0.31560773  0.40633654
   0.52370709  0.48284480  0.13865986
   0.30756616  0.18924877  0.30217669
   0.49927687  0.49774006  0.25059768
   0.02829481  0.96275958  0.03767602
   0.06662945  0.02847492  0.14604491
   0.62162486  0.06058425  0.55268913
   0.31897210  0.81560773  0.90633654
   0.52370709  0.98284483  0.63865984
   0.30756616  0.68924874  0.80217669
   0.49927687  0.99774009  0.75059771
   0.02829481  0.46275961  0.53767602
   0.06662945  0.52847497  0.64604494
   0.12162489  0.43941572  0.94731087
   0.81897210  0.68439227  0.59366346
   0.02370706  0.51715517  0.86134016
   0.80756622  0.81075126  0.69782331
  -0.00072311  0.50225991  0.74940229
   0.52829482  0.03724039  0.96232398
   0.56662946  0.97152503  0.85395506
   0.12162489  0.93941575  0.44731084
   0.81897210  0.18439227  0.09366348
   0.02370706  0.01715519  0.36134016
   0.80756622  0.31075126  0.19782331
  -0.00072311  0.00225994  0.24940230
   0.52829482  0.53724042  0.46232395
   0.56662946  0.47152509  0.35395509
   0.12137872  0.44152500  0.05268365
   0.81671821  0.68748783  0.40546296
   0.02421376  0.51577955  0.13785254
   0.77429602  0.80029929  0.30384537
   0.00104805  0.50836138  0.25148239
   0.52690880  0.03816828  0.03789577
   0.57106373  0.97120996  0.14704652
   0.12137872  0.94152497  0.55268369
   0.81671821  0.18748784  0.90546299
   0.02421376  0.01577953  0.63785251
   0.77429602  0.30029932  0.80384534
   0.00104805  0.00836139  0.75148239
   0.52690880  0.53816829  0.53789574
   0.57106373  0.47120996  0.64704655
   0.62137871  0.55847503  0.94731631
   0.31671818  0.31251217  0.59453701
   0.52421370  0.48422048  0.86214749
   0.27429605  0.19970071  0.69615466
   0.50104808  0.49163862  0.74851761
   0.02690880  0.96183171  0.96210426
   0.07106374  0.02879002  0.85295345
   0.62137871  0.05847499  0.44731637
   0.31671818  0.81251217  0.09453703
   0.52421370  0.98422045  0.36214746
   0.27429605  0.69970071  0.19615461
   0.50104808  0.99163862  0.24851758
   0.02690880  0.46183174  0.46210426
   0.07106374  0.52879004  0.35295351
   0.33344562  0.16832592  0.50013221
   0.33344562  0.66832598  1.00013224
   0.83344562  0.83167402  0.49986776
   0.83344562  0.33167408 -0.00013224
   0.28399979  0.24265510  0.34491986
   0.28399979  0.74265510  0.84491989
   0.78399976  0.75734490  0.65508011
   0.78399976  0.25734491  0.15508012
