   0.25124986  0.24952084  0.10709246
   0.22655800  0.26972378  0.21984981
   0.25124986  0.74952084  0.60709248
   0.22655800  0.76972381  0.71984977
   0.75124983  0.75047916  0.89290752
   0.72655795  0.73027619  0.78015023
   0.75124983  0.25047916  0.39290755
   0.72655795  0.23027621  0.28015017
   0.75675709  0.75094804  0.10726183
   0.74334337  0.72035029  0.21943181
   0.75675709  0.25094807  0.60726185
   0.74334337  0.22035028  0.71943184
   0.25675711  0.24905193  0.89273815
   0.24334339  0.27964974  0.78056816
   0.25675711  0.74905196  0.39273818
   0.24334339  0.77964971  0.28056819
   0.24766714  0.24619075  0.00026515
   0.24766714  0.74619075  0.50026515
   0.74766713  0.75380925  0.99973485
   0.74766713  0.25380925  0.49973479
   0.79589852  0.75099997  0.34640545
   0.79589852  0.25099997  0.84640545
   0.79440557  0.75176412  0.45005448
   0.79440557  0.25176412  0.95005445
   0.29440557  0.24823589  0.54994555
   0.29589855  0.24900003  0.65359455
   0.29589855  0.74900003  0.15359455
   0.29440557  0.74823588  0.04994554
   0.29355008  0.24809888  0.45014397
   0.29355008  0.74809888  0.95014397
   0.79355008  0.75190112  0.54985603
   0.79355008  0.25190112  0.04985602
   0.60517861  0.55456988  0.05301358
   0.31702831  0.31787435  0.40535412
   0.52633489  0.47464019  0.13787131
   0.30134880  0.18507482  0.30222540
   0.50204292  0.49732442  0.25087024
   0.01567463  0.96233372  0.03806394
   0.09730250  0.04771008  0.14858849
   0.60517861  0.05456989  0.55301356
   0.31702831  0.81787435  0.90535412
   0.52633489  0.97464022  0.63787129
   0.30134880  0.68507479  0.80222540
   0.50204292  0.99732445  0.75087027
   0.01567463  0.46233375  0.53806393
   0.09730250  0.54771013  0.64858852
   0.10517864  0.44543009  0.94698644
   0.81702831  0.68212565  0.59464588
   0.02633486  0.52535978  0.86212871
   0.80134886  0.81492521  0.69777460
   0.00204294  0.50267555  0.74912973
   0.51567463  0.03766626  0.96193607
   0.59730251  0.95228987  0.85141148
   0.10517864  0.94543012  0.44698641
   0.81702831  0.18212565  0.09464589
   0.02633486  0.02535980  0.36212871
   0.80134886  0.31492521  0.19777460
   0.00204294  0.00267558  0.24912974
   0.51567463  0.53766628  0.46193604
   0.59730251  0.45228993  0.35141151
   0.10562021  0.44614442  0.05272562
   0.81375554  0.68505398  0.40463742
   0.02705239  0.52430634  0.13784365
   0.78751320  0.80624139  0.30384649
   0.00303750  0.50720127  0.25148938
   0.51397098  0.03869049  0.03845173
   0.60027938  0.95007622  0.14881099
   0.10562021  0.94614439  0.55272566
   0.81375554  0.18505400  0.90463745
   0.02705239  0.02430631  0.63784362
   0.78751320  0.30624142  0.80384646
   0.00303750  0.00720127  0.75148938
   0.51397098  0.53869049  0.53845170
   0.60027938  0.45007622  0.64881102
   0.60562020  0.55385561  0.94727434
   0.31375551  0.31494602  0.59536255
   0.52705234  0.47569369  0.86215638
   0.28751323  0.19375861  0.69615354
   0.50303753  0.49279873  0.74851062
   0.01397099  0.96130951  0.96154830
   0.10027939  0.04992376  0.85118898
   0.60562020  0.05385557  0.44727440
   0.31375551  0.81494602  0.09536256
   0.52705234  0.97569366  0.36215635
   0.28751323  0.69375861  0.19615349
   0.50303753  0.99279873  0.24851059
   0.01397099  0.46130954  0.46154830
   0.10027939  0.54992378  0.35118904
   0.32224094  0.16959758  0.50012654
   0.32224094  0.66959764  1.00012657
   0.82224094  0.83040236  0.49987343
   0.82224094  0.33040242 -0.00012657
   0.29218939  0.24712007  0.34481343
   0.29218939  0.74712007  0.84481346
   0.79218936  0.75287993  0.65518654
   0.79218936  0.25287995  0.15518656
