   0.25011195  0.24852952  0.10698321
   0.22318329  0.26958534  0.21968060
   0.25011195  0.74852952  0.60698322
   0.22318329  0.76958537  0.71968055
   0.75011192  0.75147048  0.89301678
   0.72318324  0.73041463  0.78031945
   0.75011192  0.25147048  0.39301681
   0.72318324  0.23041464  0.28031939
   0.75533118  0.75314820  0.10721179
   0.74459781  0.72139969  0.21957979
   0.75533118  0.25314823  0.60721181
   0.74459781  0.22139967  0.71957982
   0.25533120  0.24685177  0.89278819
   0.24459783  0.27860034  0.78042018
   0.25533120  0.74685180  0.39278822
   0.24459783  0.77860031  0.28042021
   0.25064767  0.24570065  0.00004077
   0.25064767  0.74570065  0.50004077
   0.75064766  0.75429935  0.99995923
   0.75064766  0.25429935  0.49995917
   0.79332057  0.75154139  0.34650582
   0.79332057  0.25154139  0.84650582
   0.79650687  0.75218395  0.45029319
   0.79650687  0.25218395  0.95029316
   0.29650687  0.24781606  0.54970684
   0.29332060  0.24845861  0.65349418
   0.29332060  0.74845861  0.15349418
   0.29650687  0.74781605  0.04970683
   0.29596680  0.24767428  0.45044959
   0.29596680  0.74767428  0.95044959
   0.79596680  0.75232572  0.54955041
   0.79596680  0.25232572  0.04955040
   0.60853638  0.55564894  0.05270125
   0.31776321  0.31757680  0.40574453
   0.52508566  0.47590306  0.13803758
   0.30567737  0.18715651  0.30221362
   0.50201076  0.49752829  0.25071890
   0.01888751  0.96283779  0.03788129
   0.09059852  0.04402769  0.14784851
   0.60853638  0.05564895  0.55270123
   0.31776321  0.81757680  0.90574453
   0.52508566  0.97590309  0.63803756
   0.30567737  0.68715648  0.80221362
   0.50201076  0.99752832  0.75071893
   0.01888751  0.46283782  0.53788128
   0.09059852  0.54402774  0.64784854
   0.10853641  0.44435103  0.94729877
   0.81776321  0.68242320  0.59425547
   0.02508563  0.52409691  0.86196244
   0.80567743  0.81284352  0.69778638
   0.00201078  0.50247168  0.74928107
   0.51888752  0.03716219  0.96211872
   0.59059853  0.95597226  0.85215146
   0.10853641  0.94435106  0.44729874
   0.81776321  0.18242320  0.09425548
   0.02508563  0.02409693  0.36196244
   0.80567743  0.31284352  0.19778638
   0.00201078  0.00247171  0.24928108
   0.51888752  0.53716221  0.46211869
   0.59059853  0.45597232  0.35215149
   0.10842702  0.44574751  0.05256709
   0.81421686  0.68591864  0.40496042
   0.02560722  0.52303571  0.13774742
   0.78383576  0.80364265  0.30392667
   0.00340134  0.50780895  0.25149057
   0.51748359  0.03779426  0.03818776
   0.59380518  0.95483742  0.14820766
   0.10842702  0.94574748  0.55256713
   0.81421686  0.18591866  0.90496045
   0.02560722  0.02303568  0.63774739
   0.78383576  0.30364268  0.80392664
   0.00340134  0.00780896  0.75149057
   0.51748359  0.53779426  0.53818773
   0.59380518  0.45483742  0.64820769
   0.60842701  0.55425252  0.94743287
   0.31421683  0.31408136  0.59503955
   0.52560716  0.47696432  0.86225261
   0.28383579  0.19635735  0.69607336
   0.50340138  0.49219105  0.74850943
   0.01748360  0.96220574  0.96181227
   0.09380519  0.04516256  0.85179231
   0.60842701  0.05425248  0.44743293
   0.31421683  0.81408136  0.09503956
   0.52560716  0.97696429  0.36225258
   0.28383579  0.69635735  0.19607332
   0.50340138  0.99219105  0.24850940
   0.01748360  0.46220577  0.46181227
   0.09380519  0.54516258  0.35179237
   0.32463362  0.16990902  0.50012318
   0.32463362  0.66990908  1.00012321
   0.82463362  0.83009092  0.49987679
   0.82463362  0.33009098 -0.00012321
   0.29036370  0.24603344  0.34488498
   0.29036370  0.74603344  0.84488501
   0.79036367  0.75396656  0.65511499
   0.79036367  0.25396658  0.15511500
