   0.24999576  0.24245502  0.10734724
   0.21679741  0.26983701  0.21952241
   0.24999576  0.74245502  0.60734725
   0.21679741  0.76983704  0.71952236
   0.74999573  0.75754498  0.89265275
   0.71679737  0.73016296  0.78047764
   0.74999573  0.25754498  0.39265278
   0.71679737  0.23016297  0.28047758
   0.75463473  0.76346639  0.10788800
   0.74341034  0.72241723  0.21980640
   0.75463473  0.26346642  0.60788802
   0.74341034  0.22241722  0.71980643
   0.25463474  0.23653358  0.89211198
   0.24341035  0.27758280  0.78019357
   0.25463474  0.73653361  0.39211201
   0.24341035  0.77758277  0.28019360
   0.26194010  0.24263133 -0.00005292
   0.26194010  0.74263133  0.49994708
   0.76194009  0.75736867  1.00005292
   0.76194009  0.25736867  0.50005286
   0.78438543  0.75455126  0.34646131
   0.78438543  0.25455126  0.84646131
   0.80639268  0.75411886  0.45059577
   0.80639268  0.25411886  0.95059574
   0.30639268  0.24588115  0.54940426
   0.28438546  0.24544874  0.65353869
   0.28438546  0.74544874  0.15353869
   0.30639268  0.74588114  0.04940425
   0.30565395  0.24490637  0.45086827
   0.30565395  0.74490637  0.95086827
   0.80565395  0.75509363  0.54913173
   0.80565395  0.25509363  0.04913172
   0.62346918  0.56128889  0.05272301
   0.31922020  0.31537245  0.40639862
   0.52389570  0.48430477  0.13877679
   0.30722902  0.18965198  0.30213602
   0.49886632  0.49777678  0.25059710
   0.02954518  0.96266995  0.03765579
   0.06292518  0.02585609  0.14584230
   0.62346918  0.06128890  0.55272299
   0.31922020  0.81537245  0.90639862
   0.52389570  0.98430480  0.63877678
   0.30722902  0.68965195  0.80213602
   0.49886632  0.99777681  0.75059713
   0.02954518  0.46266998  0.53765579
   0.06292518  0.52585614  0.64584233
   0.12346921  0.43871108  0.94727701
   0.81922020  0.68462755  0.59360138
   0.02389567  0.51569520  0.86122322
   0.80722908  0.81034805  0.69786398
  -0.00113366  0.50222319  0.74940287
   0.52954518  0.03733003  0.96234421
   0.56292520  0.97414386  0.85415767
   0.12346921  0.93871111  0.44727698
   0.81922020  0.18462755  0.09360140
   0.02389567  0.01569522  0.36122322
   0.80722908  0.31034805  0.19786398
  -0.00113366  0.00222322  0.24940288
   0.52954518  0.53733005  0.46234418
   0.56292520  0.47414392  0.35415770
   0.12327499  0.44079205  0.05272423
   0.81668037  0.68770529  0.40551192
   0.02435204  0.51444911  0.13794052
   0.77359924  0.79980796  0.30380320
   0.00065042  0.50836478  0.25148440
   0.52814750  0.03826476  0.03788288
   0.56729638  0.97403950  0.14684565
   0.12327499  0.94079202  0.55272427
   0.81668037  0.18770531  0.90551195
   0.02435204  0.01444908  0.63794049
   0.77359924  0.29980799  0.80380317
   0.00065042  0.00836479  0.75148440
   0.52814750  0.53826477  0.53788285
   0.56729638  0.47403950  0.64684568
   0.62327498  0.55920798  0.94727573
   0.31668034  0.31229471  0.59448805
   0.52435198  0.48555092  0.86205951
   0.27359927  0.20019204  0.69619683
   0.50065046  0.49163522  0.74851560
   0.02814751  0.96173523  0.96211715
   0.06729639  0.02596048  0.85315432
   0.62327498  0.05920794  0.44727579
   0.31668034  0.81229471  0.09448807
   0.52435198  0.98555089  0.36205948
   0.27359927  0.70019204  0.19619678
   0.50065046  0.99163522  0.24851557
   0.02814751  0.46173526  0.46211715
   0.06729639  0.52596050  0.35315438
   0.33459925  0.16805932  0.50013296
   0.33459925  0.66805938  1.00013299
   0.83459925  0.83194062  0.49986701
   0.83459925  0.33194068 -0.00013299
   0.28303846  0.24215938  0.34488737
   0.28303846  0.74215938  0.84488740
   0.78303843  0.75784062  0.65511260
   0.78303843  0.25784064  0.15511262
