   0.24961908  0.24680780  0.10701020
   0.21999170  0.26973759  0.21954251
   0.24961908  0.74680780  0.60701022
   0.21999170  0.76973762  0.71954246
   0.74961905  0.75319220  0.89298978
   0.71999165  0.73026238  0.78045754
   0.74961905  0.25319220  0.39298981
   0.71999165  0.23026239  0.28045748
   0.75419575  0.75703351  0.10736351
   0.74486997  0.72214687  0.21971150
   0.75419575  0.25703354  0.60736353
   0.74486997  0.22214686  0.71971153
   0.25419576  0.24296646  0.89263647
   0.24486998  0.27785316  0.78028847
   0.25419576  0.74296649  0.39263650
   0.24486998  0.77785313  0.28028850
   0.25497057  0.24455909 -0.00002097
   0.25497057  0.74455909  0.49997903
   0.75497055  0.75544091  1.00002097
   0.75497055  0.25544091  0.50002091
   0.78960504  0.75252628  0.34655074
   0.78960504  0.25252628  0.84655074
   0.80021697  0.75284723  0.45047049
   0.80021697  0.25284723  0.95047046
   0.30021697  0.24715279  0.54952954
   0.28960507  0.24747372  0.65344926
   0.28960507  0.74747372  0.15344926
   0.30021697  0.74715277  0.04952953
   0.29962213  0.24664467  0.45066939
   0.29962213  0.74664467  0.95066939
   0.79962213  0.75335533  0.54933061
   0.79962213  0.25335533  0.04933061
   0.61414190  0.55769339  0.05262777
   0.31826851  0.31675089  0.40606049
   0.52391495  0.47847455  0.13827460
   0.30807051  0.18813687  0.30226328
   0.50111848  0.49759895  0.25062812
   0.02312318  0.96294312  0.03775866
   0.08049358  0.03784208  0.14696967
   0.61414190  0.05769340  0.55262775
   0.31826851  0.81675089  0.90606049
   0.52391495  0.97847458  0.63827458
   0.30807051  0.68813684  0.80226328
   0.50111848  0.99759898  0.75062815
   0.02312318  0.46294315  0.53775865
   0.08049358  0.53784213  0.64696970
   0.11414193  0.44230658  0.94737225
   0.81826851  0.68324911  0.59393951
   0.02391492  0.52152542  0.86172542
   0.80807057  0.81186316  0.69773672
   0.00111849  0.50240102  0.74937185
   0.52312318  0.03705686  0.96224135
   0.58049360  0.96215787  0.85303030
   0.11414193  0.94230661  0.44737222
   0.81826851  0.18324911  0.09393953
   0.02391492  0.02152544  0.36172542
   0.80807057  0.31186316  0.19773672
   0.00111849  0.00240105  0.24937187
   0.52312318  0.53705688  0.46224132
   0.58049360  0.46215793  0.35303033
   0.11388218  0.44411303  0.05256018
   0.81565386  0.68662238  0.40524090
   0.02451003  0.52039885  0.13767204
   0.77876470  0.80197660  0.30394704
   0.00277570  0.50823869  0.25147241
   0.52178308  0.03778687  0.03800750
   0.58427962  0.96157680  0.14768057
   0.11388218  0.94411300  0.55256023
   0.81565386  0.18662239  0.90524093
   0.02451003  0.02039882  0.63767201
   0.77876470  0.30197662  0.80394701
   0.00277570  0.00823870  0.75147241
   0.52178308  0.53778687  0.53800747
   0.58427962  0.46157680  0.64768059
   0.61388216  0.55588700  0.94743977
   0.31565383  0.31337762  0.59475907
   0.52450997  0.47960118  0.86232799
   0.27876473  0.19802340  0.69605299
   0.50277573  0.49176131  0.74852759
   0.02178309  0.96221313  0.96199253
   0.08427962  0.03842318  0.85231941
   0.61388216  0.05588695  0.44743983
   0.31565383  0.81337762  0.09475909
   0.52450997  0.97960115  0.36232796
   0.27876473  0.69802340  0.19605295
   0.50277573  0.99176131  0.24852756
   0.02178309  0.46221316  0.46199253
   0.08427962  0.53842320  0.35231946
   0.32854432  0.16931680  0.50012599
   0.32854432  0.66931686  1.00012602
   0.82854432  0.83068314  0.49987398
   0.82854432  0.33068320 -0.00012602
   0.28758403  0.24447769  0.34497392
   0.28758403  0.74447769  0.84497395
   0.78758400  0.75552231  0.65502605
   0.78758400  0.25552232  0.15502607
