   0.24968707  0.24456968  0.10716941
   0.21796497  0.26981795  0.21951857
   0.24968707  0.74456968  0.60716943
   0.21796497  0.76981798  0.71951852
   0.74968704  0.75543032  0.89283057
   0.71796493  0.73018202  0.78048148
   0.74968704  0.25543032  0.39283060
   0.71796493  0.23018204  0.28048142
   0.75421093  0.76076810  0.10764664
   0.74413959  0.72236494  0.21977415
   0.75421093  0.26076813  0.60764666
   0.74413959  0.22236492  0.71977418
   0.25421094  0.23923187  0.89235334
   0.24413960  0.27763509  0.78022582
   0.25421094  0.73923190  0.39235337
   0.24413960  0.77763506  0.28022585
   0.25907627  0.24347316 -0.00004652
   0.25907627  0.74347316  0.49995348
   0.75907626  0.75652684  1.00004652
   0.75907626  0.25652684  0.50004646
   0.78649365  0.75366736  0.34650492
   0.78649365  0.25366736  0.84650492
   0.80388019  0.75351635  0.45055307
   0.80388019  0.25351635  0.95055304
   0.30388019  0.24648366  0.54944696
   0.28649368  0.24633264  0.65349508
   0.28649368  0.74633264  0.15349508
   0.30388019  0.74648365  0.04944695
   0.30317163  0.24562568  0.45079402
   0.30317163  0.74562568  0.95079402
   0.80317163  0.75437432  0.54920598
   0.80317163  0.25437432  0.04920597
   0.61955958  0.55977522  0.05266008
   0.31870214  0.31589515  0.40627067
   0.52353181  0.48145597  0.13854487
   0.30782884  0.18887193  0.30220813
   0.49980405  0.49769422  0.25060023
   0.02686403  0.96280312  0.03770286
   0.07075337  0.03127791  0.14629077
   0.61955958  0.05977523  0.55266006
   0.31870214  0.81589515  0.90627067
   0.52353181  0.98145600  0.63854485
   0.30782884  0.68887190  0.80220813
   0.49980405  0.99769425  0.75060026
   0.02686403  0.46280315  0.53770285
   0.07075337  0.53127796  0.64629080
   0.11955961  0.44022475  0.94733994
   0.81870214  0.68410485  0.59372933
   0.02353179  0.51854400  0.86145515
   0.80782890  0.81112810  0.69779187
  -0.00019594  0.50230575  0.74939974
   0.52686404  0.03719686  0.96229715
   0.57075339  0.96872204  0.85370920
   0.11955961  0.94022478  0.44733991
   0.81870214  0.18410485  0.09372935
   0.02353179  0.01854403  0.36145515
   0.80782890  0.31112810  0.19779187
  -0.00019594  0.00230578  0.24939976
   0.52686404  0.53719688  0.46229712
   0.57075339  0.46872210  0.35370923
   0.11928525  0.44231631  0.05264052
   0.81655822  0.68723706  0.40541033
   0.02418149  0.51727653  0.13778073
   0.77527160  0.80078610  0.30388348
   0.00154449  0.50832735  0.25147623
   0.52549409  0.03809910  0.03792274
   0.57500727  0.96818314  0.14724890
   0.11928525  0.94231628  0.55264056
   0.81655822  0.18723707  0.90541036
   0.02418149  0.01727650  0.63778070
   0.77527160  0.30078613  0.80388345
   0.00154449  0.00832735  0.75147623
   0.52549409  0.53809911  0.53792271
   0.57500727  0.46818314  0.64724893
   0.61928524  0.55768372  0.94735944
   0.31655819  0.31276294  0.59458964
   0.52418143  0.48272350  0.86221930
   0.27527163  0.19921390  0.69611655
   0.50154452  0.49167265  0.74852377
   0.02549410  0.96190089  0.96207729
   0.07500728  0.03181684  0.85275107
   0.61928524  0.05768368  0.44735950
   0.31655819  0.81276294  0.09458965
   0.52418143  0.98272347  0.36221927
   0.27527163  0.69921390  0.19611651
   0.50154452  0.99167265  0.24852374
   0.02549410  0.46190092  0.46207729
   0.07500728  0.53181686  0.35275113
   0.33208266  0.16862516  0.50013084
   0.33208266  0.66862522  1.00013087
   0.83208266  0.83137478  0.49986913
   0.83208266  0.33137484 -0.00013087
   0.28490664  0.24311057  0.34494156
   0.28490664  0.74311057  0.84494159
   0.78490661  0.75688943  0.65505841
   0.78490661  0.25688945  0.15505842
