   0.24961442  0.24687248  0.10701134
   0.22007318  0.26972822  0.21955043
   0.24961442  0.74687248  0.60701135
   0.22007318  0.76972825  0.71955039
   0.74961439  0.75312752  0.89298865
   0.72007313  0.73027175  0.78044961
   0.74961439  0.25312752  0.39298868
   0.72007313  0.23027176  0.28044955
   0.75420246  0.75690550  0.10736006
   0.74488255  0.72213685  0.21971449
   0.75420246  0.25690553  0.60736008
   0.74488255  0.22213684  0.71971452
   0.25420247  0.24309447  0.89263992
   0.24488257  0.27786318  0.78028548
   0.25420247  0.74309450  0.39263995
   0.24488257  0.77786315  0.28028551
   0.25482532  0.24460106 -0.00001987
   0.25482532  0.74460106  0.49998013
   0.75482530  0.75539894  1.00001987
   0.75482530  0.25539894  0.50001981
   0.78971716  0.75248434  0.34654694
   0.78971716  0.25248434  0.84654694
   0.80008708  0.75283405  0.45046518
   0.80008708  0.25283405  0.95046515
   0.30008708  0.24716597  0.54953485
   0.28971719  0.24751566  0.65345306
   0.28971719  0.74751566  0.15345306
   0.30008708  0.74716595  0.04953484
   0.29949693  0.24667440  0.45066263
   0.29949693  0.74667440  0.95066263
   0.79949693  0.75332560  0.54933737
   0.79949693  0.25332560  0.04933737
   0.61395110  0.55761632  0.05262636
   0.31825869  0.31677800  0.40606015
   0.52391643  0.47840375  0.13826347
   0.30805064  0.18811439  0.30226617
   0.50116268  0.49759234  0.25062925
   0.02299810  0.96294436  0.03776142
   0.08085092  0.03804215  0.14699181
   0.61395110  0.05761632  0.55262634
   0.31825869  0.81677800  0.90606015
   0.52391643  0.97840378  0.63826345
   0.30805064  0.68811436  0.80226617
   0.50116268  0.99759237  0.75062928
   0.02299810  0.46294439  0.53776141
   0.08085092  0.53804220  0.64699184
   0.11395113  0.44238365  0.94737366
   0.81825869  0.68322200  0.59393985
   0.02391640  0.52159622  0.86173655
   0.80805070  0.81188564  0.69773383
   0.00116269  0.50240763  0.74937072
   0.52299810  0.03705561  0.96223859
   0.58085094  0.96195780  0.85300816
   0.11395113  0.94238368  0.44737363
   0.81825869  0.18322200  0.09393986
   0.02391640  0.02159624  0.36173655
   0.80805070  0.31188564  0.19773383
   0.00116269  0.00240766  0.24937074
   0.52299810  0.53705564  0.46223856
   0.58085094  0.46195786  0.35300819
   0.11369746  0.44418144  0.05255716
   0.81561297  0.68660815  0.40524075
   0.02454959  0.52051263  0.13766862
   0.77891135  0.80201958  0.30395315
   0.00281139  0.50822830  0.25147085
   0.52165540  0.03777653  0.03801181
   0.58457440  0.96132833  0.14769155
   0.11369746  0.94418141  0.55255721
   0.81561297  0.18660816  0.90524078
   0.02454959  0.02051261  0.63766859
   0.77891135  0.30201961  0.80395312
   0.00281139  0.00822830  0.75147085
   0.52165540  0.53777654  0.53801179
   0.58457440  0.46132833  0.64769158
   0.61369745  0.55581859  0.94744279
   0.31561294  0.31339185  0.59475922
   0.52454954  0.47948740  0.86233141
   0.27891138  0.19798042  0.69604688
   0.50281143  0.49177170  0.74852915
   0.02165541  0.96222346  0.96198821
   0.08457441  0.03867164  0.85230842
   0.61369745  0.05581854  0.44744285
   0.31561294  0.81339185  0.09475924
   0.52454954  0.97948737  0.36233138
   0.27891138  0.69798042  0.19604684
   0.50281143  0.99177170  0.24852912
   0.02165541  0.46222349  0.46198821
   0.08457441  0.53867167  0.35230848
   0.32842414  0.16933996  0.50012623
   0.32842414  0.66934002  1.00012626
   0.82842414  0.83065998  0.49987374
   0.82842414  0.33066004 -0.00012626
   0.28767547  0.24453357  0.34497298
   0.28767547  0.74453357  0.84497301
   0.78767544  0.75546643  0.65502699
   0.78767544  0.25546644  0.15502700
