   0.24985225  0.24804822  0.10697652
   0.22202829  0.26961722  0.21962513
   0.24985225  0.74804822  0.60697654
   0.22202829  0.76961725  0.71962508
   0.74985222  0.75195178  0.89302346
   0.72202824  0.73038275  0.78037492
   0.74985222  0.25195178  0.39302349
   0.72202824  0.23038276  0.28037486
   0.75481250  0.75430558  0.10724036
   0.74482088  0.72172911  0.21963377
   0.75481250  0.25430561  0.60724038
   0.74482088  0.22172910  0.71963380
   0.25481251  0.24569439  0.89275962
   0.24482089  0.27827092  0.78036620
   0.25481251  0.74569442  0.39275965
   0.24482089  0.77827089  0.28036623
   0.25198302  0.24535073  0.00001032
   0.25198302  0.74535073  0.50001032
   0.75198300  0.75464927  0.99998968
   0.75198300  0.25464927  0.49998962
   0.79209826  0.75183465  0.34652128
   0.79209826  0.25183465  0.84652128
   0.79764667  0.75239223  0.45035839
   0.79764667  0.25239223  0.95035836
   0.29764667  0.24760779  0.54964164
   0.29209829  0.24816535  0.65347872
   0.29209829  0.74816535  0.15347872
   0.29764667  0.74760777  0.04964162
   0.29711917  0.24737810  0.45052875
   0.29711917  0.74737810  0.95052875
   0.79711917  0.75262190  0.54947125
   0.79711917  0.25262190  0.04947125
   0.61021246  0.55621106  0.05265608
   0.31797622  0.31735981  0.40586866
   0.52461820  0.47663858  0.13810589
   0.30687359  0.18758579  0.30224093
   0.50182740  0.49754728  0.25068062
   0.02024854  0.96291149  0.03782959
   0.08748260  0.04220087  0.14755345
   0.61021246  0.05621107  0.55265606
   0.31797622  0.81735981  0.90586866
   0.52461820  0.97663861  0.63810587
   0.30687359  0.68758576  0.80224093
   0.50182740  0.99754730  0.75068065
   0.02024854  0.46291152  0.53782959
   0.08748260  0.54220092  0.64755348
   0.11021249  0.44378891  0.94734394
   0.81797622  0.68264019  0.59413134
   0.02461817  0.52336139  0.86189413
   0.80687365  0.81241424  0.69775907
   0.00182742  0.50245270  0.74931935
   0.52024855  0.03708848  0.96217041
   0.58748262  0.95779908  0.85244652
   0.11021249  0.94378894  0.44734391
   0.81797622  0.18264019  0.09413135
   0.02461817  0.02336141  0.36189413
   0.80687365  0.31241424  0.19775907
   0.00182742  0.00245273  0.24931936
   0.52024855  0.53708851  0.46217038
   0.58748262  0.45779914  0.35244655
   0.11002800  0.44532414  0.05254793
   0.81466982  0.68615833  0.40507079
   0.02515595  0.52230812  0.13770308
   0.78218377  0.80300620  0.30394778
   0.00332835  0.50799841  0.25148188
   0.51888617  0.03771386  0.03811593
   0.59083352  0.95692327  0.14801687
   0.11002800  0.94532411  0.55254798
   0.81466982  0.18615835  0.90507082
   0.02515595  0.02230809  0.63770305
   0.78218377  0.30300623  0.80394775
   0.00332835  0.00799841  0.75148188
   0.51888617  0.53771387  0.53811590
   0.59083352  0.45692327  0.64801690
   0.61002799  0.55467589  0.94745202
   0.31466979  0.31384167  0.59492918
   0.52515589  0.47769191  0.86229695
   0.28218380  0.19699380  0.69605225
   0.50332839  0.49200159  0.74851812
   0.01888618  0.96228613  0.96188410
   0.09083353  0.04307671  0.85198310
   0.61002799  0.05467585  0.44745208
   0.31466979  0.81384167  0.09492919
   0.52515589  0.97769188  0.36229692
   0.28218380  0.69699380  0.19605221
   0.50332839  0.99200159  0.24851809
   0.01888618  0.46228616  0.46188410
   0.09083353  0.54307673  0.35198316
   0.32583480  0.16976846  0.50012352
   0.32583480  0.66976852  1.00012355
   0.82583480  0.83023148  0.49987645
   0.82583480  0.33023154 -0.00012355
   0.28947940  0.24553061  0.34491909
   0.28947940  0.74553061  0.84491912
   0.78947937  0.75446939  0.65508088
   0.78947937  0.25446941  0.15508090
