   0.24968450  0.24459971  0.10716726
   0.21798060  0.26981921  0.21952020
   0.24968450  0.74459971  0.60716727
   0.21798060  0.76981924  0.71952015
   0.74968447  0.75540029  0.89283273
   0.71798055  0.73018076  0.78047985
   0.74968447  0.25540029  0.39283275
   0.71798055  0.23018078  0.28047979
   0.75420258  0.76072619  0.10764357
   0.74415222  0.72235994  0.21977493
   0.75420258  0.26072622  0.60764360
   0.74415222  0.22235992  0.71977496
   0.25420259  0.23927378  0.89235640
   0.24415224  0.27764009  0.78022504
   0.25420259  0.73927381  0.39235643
   0.24415224  0.77764006  0.28022507
   0.25902250  0.24348704 -0.00004635
   0.25902250  0.74348704  0.49995365
   0.75902249  0.75651296  1.00004635
   0.75902249  0.25651296  0.50004629
   0.78653149  0.75364345  0.34651331
   0.78653149  0.25364345  0.84651331
   0.80383392  0.75350983  0.45055322
   0.80383392  0.25350983  0.95055319
   0.30383392  0.24649018  0.54944681
   0.28653152  0.24635655  0.65348669
   0.28653152  0.74635655  0.15348669
   0.30383392  0.74649017  0.04944680
   0.30312526  0.24563486  0.45079368
   0.30312526  0.74563486  0.95079368
   0.80312526  0.75436514  0.54920632
   0.80312526  0.25436514  0.04920631
   0.61950004  0.55975036  0.05265935
   0.31869856  0.31590531  0.40626935
   0.52353322  0.48142659  0.13854179
   0.30784246  0.18885624  0.30220626
   0.49981964  0.49769316  0.25060045
   0.02682615  0.96280727  0.03770356
   0.07087333  0.03133452  0.14629737
   0.61950004  0.05975036  0.55265933
   0.31869856  0.81590531  0.90626935
   0.52353322  0.98142662  0.63854177
   0.30784246  0.68885621  0.80220626
   0.49981964  0.99769319  0.75060048
   0.02682615  0.46280730  0.53770355
   0.07087333  0.53133457  0.64629740
   0.11950007  0.44024961  0.94734067
   0.81869856  0.68409469  0.59373065
   0.02353319  0.51857338  0.86145823
   0.80784252  0.81114379  0.69779374
  -0.00018034  0.50230681  0.74939952
   0.52682615  0.03719270  0.96229645
   0.57087334  0.96866543  0.85370260
   0.11950007  0.94024964  0.44734064
   0.81869856  0.18409469  0.09373066
   0.02353319  0.01857340  0.36145823
   0.80784252  0.31114379  0.19779374
  -0.00018034  0.00230684  0.24939953
   0.52682615  0.53719273  0.46229642
   0.57087334  0.46866549  0.35370263
   0.11922401  0.44233866  0.05263936
   0.81655403  0.68722879  0.40540926
   0.02419586  0.51732101  0.13777876
   0.77529989  0.80080688  0.30387921
   0.00155830  0.50832709  0.25147611
   0.52545751  0.03809432  0.03792355
   0.57510346  0.96810489  0.14725366
   0.11922401  0.94233863  0.55263940
   0.81655403  0.18722881  0.90540929
   0.02419586  0.01732098  0.63777873
   0.77529989  0.30080691  0.80387918
   0.00155830  0.00832709  0.75147611
   0.52545751  0.53809433  0.53792353
   0.57510346  0.46810489  0.64725369
   0.61922400  0.55766137  0.94736060
   0.31655400  0.31277121  0.59459071
   0.52419580  0.48267902  0.86222127
   0.27529992  0.19919312  0.69612082
   0.50155834  0.49167291  0.74852389
   0.02545752  0.96190567  0.96207647
   0.07510347  0.03189508  0.85274631
   0.61922400  0.05766133  0.44736066
   0.31655400  0.81277121  0.09459073
   0.52419580  0.98267899  0.36222124
   0.27529992  0.69919312  0.19612078
   0.50155834  0.99167291  0.24852386
   0.02545752  0.46190570  0.46207647
   0.07510347  0.53189511  0.35274637
   0.33204940  0.16863168  0.50013076
   0.33204940  0.66863174  1.00013079
   0.83204940  0.83136826  0.49986921
   0.83204940  0.33136832 -0.00013079
   0.28493091  0.24312897  0.34494600
   0.28493091  0.74312897  0.84494603
   0.78493088  0.75687103  0.65505397
   0.78493088  0.25687105  0.15505398
