   0.24960307  0.24590400  0.10707620
   0.21900378  0.26979480  0.21952705
   0.24960307  0.74590400  0.60707621
   0.21900378  0.76979483  0.71952701
   0.74960304  0.75409600  0.89292379
   0.71900374  0.73020517  0.78047299
   0.74960304  0.25409600  0.39292382
   0.71900374  0.23020519  0.28047293
   0.75412087  0.75873709  0.10748841
   0.74462923  0.72227542  0.21974716
   0.75412087  0.25873712  0.60748844
   0.74462923  0.22227541  0.71974719
   0.25412088  0.24126288  0.89251156
   0.24462924  0.27772461  0.78025281
   0.25412088  0.74126291  0.39251159
   0.24462924  0.77772458  0.28025284
   0.25682756  0.24407414 -0.00003445
   0.25682756  0.74407414  0.49996555
   0.75682755  0.75592586  1.00003445
   0.75682755  0.25592586  0.50003439
   0.78818442  0.75299652  0.34653637
   0.78818442  0.25299652  0.84653637
   0.80183409  0.75314851  0.45051253
   0.80183409  0.25314851  0.95051250
   0.30183409  0.24685151  0.54948750
   0.28818445  0.24700348  0.65346363
   0.28818445  0.74700348  0.15346363
   0.30183409  0.74685149  0.04948749
   0.30118203  0.24616275  0.45072952
   0.30118203  0.74616275  0.95072952
   0.80118203  0.75383725  0.54927048
   0.80118203  0.25383725  0.04927047
   0.61659631  0.55864234  0.05263605
   0.31845056  0.31633606  0.40616348
   0.52366739  0.47978331  0.13839047
   0.30811124  0.18843384  0.30225325
   0.50053583  0.49764106  0.25061160
   0.02485330  0.96292246  0.03773248
   0.07612537  0.03492862  0.14664786
   0.61659631  0.05864235  0.55263603
   0.31845056  0.81633606  0.90616348
   0.52366739  0.97978334  0.63839045
   0.30811124  0.68843381  0.80225325
   0.50053583  0.99764109  0.75061163
   0.02485330  0.46292249  0.53773247
   0.07612537  0.53492868  0.64664789
   0.11659634  0.44135763  0.94736397
   0.81845056  0.68366394  0.59383652
   0.02366737  0.52021666  0.86160955
   0.80811130  0.81156619  0.69774675
   0.00053585  0.50235891  0.74938837
   0.52485331  0.03707751  0.96226753
   0.57612538  0.96507132  0.85335211
   0.11659634  0.94135766  0.44736394
   0.81845056  0.18366394  0.09383653
   0.02366737  0.02021668  0.36160955
   0.80811130  0.31156619  0.19774675
   0.00053585  0.00235894  0.24938839
   0.52485331  0.53707754  0.46226750
   0.57612538  0.46507138  0.35335214
   0.11632347  0.44332955  0.05259206
   0.81615891  0.68689033  0.40532687
   0.02432170  0.51905719  0.13770221
   0.77698683  0.80143690  0.30392688
   0.00223755  0.50829618  0.25147401
   0.52350248  0.03789673  0.03796371
   0.58014411  0.96450197  0.14749217
   0.11632347  0.94332952  0.55259210
   0.81615891  0.18689034  0.90532690
   0.02432170  0.01905716  0.63770218
   0.77698683  0.30143692  0.80392685
   0.00223755  0.00829618  0.75147401
   0.52350248  0.53789674  0.53796368
   0.58014411  0.46450197  0.64749220
   0.61632345  0.55667048  0.94740790
   0.31615888  0.31310967  0.59467310
   0.52432164  0.48094284  0.86229782
   0.27698686  0.19856310  0.69607315
   0.50223758  0.49170382  0.74852599
   0.02350249  0.96210326  0.96203632
   0.08014412  0.03549801  0.85250780
   0.61632345  0.05667044  0.44740796
   0.31615888  0.81310967  0.09467312
   0.52432164  0.98094281  0.36229779
   0.27698686  0.69856310  0.19607311
   0.50223758  0.99170382  0.24852596
   0.02350249  0.46210329  0.46203632
   0.08014412  0.53549803  0.35250786
   0.33019977  0.16900968  0.50012856
   0.33019977  0.66900974  1.00012859
   0.83019977  0.83099026  0.49987141
   0.83019977  0.33099032 -0.00012859
   0.28639997  0.24384783  0.34496876
   0.28639997  0.74384783  0.84496879
   0.78639994  0.75615217  0.65503121
   0.78639994  0.25615218  0.15503122
