   0.24987374  0.24811001  0.10697636
   0.22214655  0.26961455  0.21963176
   0.24987374  0.74811001  0.60697638
   0.22214655  0.76961458  0.71963171
   0.74987371  0.75188999  0.89302362
   0.72214650  0.73038542  0.78036829
   0.74987371  0.25188999  0.39302365
   0.72214650  0.23038544  0.28036823
   0.75486470  0.75416428  0.10723583
   0.74480111  0.72168939  0.21962878
   0.75486470  0.25416431  0.60723585
   0.74480111  0.22168937  0.71962881
   0.25486471  0.24583569  0.89276415
   0.24480112  0.27831064  0.78037119
   0.25486471  0.74583572  0.39276418
   0.24480112  0.77831061  0.28037122
   0.25181775  0.24539974  0.00001294
   0.25181775  0.74539974  0.50001294
   0.75181774  0.75460026  0.99998706
   0.75181774  0.25460026  0.49998700
   0.79223229  0.75179468  0.34652228
   0.79223229  0.25179468  0.84652228
   0.79751211  0.75237320  0.45035684
   0.79751211  0.25237320  0.95035681
   0.29751211  0.24762682  0.54964319
   0.29223232  0.24820532  0.65347772
   0.29223232  0.74820532  0.15347772
   0.29751211  0.74762680  0.04964318
   0.29698255  0.24740749  0.45052661
   0.29698255  0.74740749  0.95052661
   0.79698255  0.75259251  0.54947339
   0.79698255  0.25259251  0.04947339
   0.61001005  0.55614037  0.05266145
   0.31795595  0.31739422  0.40585133
   0.52466218  0.47655906  0.13809801
   0.30675850  0.18754243  0.30223822
   0.50185697  0.49754607  0.25068438
   0.02009497  0.96290460  0.03783646
   0.08785658  0.04240477  0.14758760
   0.61001005  0.05614037  0.55266143
   0.31795595  0.81739422  0.90585133
   0.52466218  0.97655909  0.63809800
   0.30675850  0.68754240  0.80223822
   0.50185697  0.99754610  0.75068441
   0.02009497  0.46290463  0.53783645
   0.08785658  0.54240482  0.64758763
   0.11001008  0.44385960  0.94733857
   0.81795595  0.68260578  0.59414867
   0.02466215  0.52344091  0.86190200
   0.80675856  0.81245760  0.69776178
   0.00185698  0.50245390  0.74931559
   0.52009498  0.03709538  0.96216355
   0.58785660  0.95759518  0.85241237
   0.11001008  0.94385963  0.44733854
   0.81795595  0.18260578  0.09414869
   0.02466215  0.02344093  0.36190200
   0.80675856  0.31245760  0.19776178
   0.00185698  0.00245393  0.24931561
   0.52009498  0.53709540  0.46216352
   0.58785660  0.45759524  0.35241240
   0.10983318  0.44538123  0.05255069
   0.81461649  0.68612723  0.40505576
   0.02521284  0.52240472  0.13770777
   0.78237621  0.80307057  0.30394600
   0.00334498  0.50797946  0.25148252
   0.51872808  0.03771739  0.03812497
   0.59117002  0.95667309  0.14803798
   0.10983318  0.94538120  0.55255074
   0.81461649  0.18612725  0.90505579
   0.02521284  0.02240469  0.63770774
   0.78237621  0.30307060  0.80394597
   0.00334498  0.00797947  0.75148252
   0.51872808  0.53771739  0.53812495
   0.59117002  0.45667309  0.64803801
   0.60983316  0.55461880  0.94744926
   0.31461646  0.31387277  0.59494421
   0.52521278  0.47759531  0.86229226
   0.28237624  0.19692943  0.69605403
   0.50334501  0.49202054  0.74851748
   0.01872808  0.96228261  0.96187505
   0.09117003  0.04332689  0.85196199
   0.60983316  0.05461876  0.44744932
   0.31461646  0.81387277  0.09494423
   0.52521278  0.97759528  0.36229223
   0.28237624  0.69692943  0.19605399
   0.50334501  0.99202054  0.24851745
   0.01872808  0.46228264  0.46187505
   0.09117003  0.54332691  0.35196205
   0.32569389  0.16978908  0.50012363
   0.32569389  0.66978914  1.00012365
   0.82569389  0.83021086  0.49987635
   0.82569389  0.33021092 -0.00012365
   0.28959817  0.24559735  0.34491567
   0.28959817  0.74559735  0.84491569
   0.78959814  0.75440265  0.65508431
   0.78959814  0.25440266  0.15508432
