   0.24987261  0.24317096  0.10728211
   0.21713224  0.26984211  0.21951956
   0.24987261  0.74317096  0.60728212
   0.21713224  0.76984214  0.71951951
   0.74987258  0.75682904  0.89271788
   0.71713219  0.73015786  0.78048049
   0.74987258  0.25682904  0.39271791
   0.71713219  0.23015788  0.28048043
   0.75448234  0.76260219  0.10780727
   0.74363384  0.72241079  0.21979752
   0.75448234  0.26260222  0.60780730
   0.74363384  0.22241078  0.71979755
   0.25448235  0.23739778  0.89219270
   0.24363386  0.27758924  0.78020245
   0.25448235  0.73739781  0.39219273
   0.24363386  0.77758921  0.28020248
   0.26103392  0.24290618 -0.00005259
   0.26103392  0.74290618  0.49994741
   0.76103390  0.75709382  1.00005259
   0.76103390  0.25709382  0.50005253
   0.78505511  0.75428180  0.34647449
   0.78505511  0.25428180  0.84647449
   0.80559876  0.75392278  0.45058640
   0.80559876  0.25392278  0.95058637
   0.30559876  0.24607723  0.54941363
   0.28505514  0.24571820  0.65352551
   0.28505514  0.74571820  0.15352551
   0.30559876  0.74607722  0.04941362
   0.30486064  0.24513016  0.45084871
   0.30486064  0.74513016  0.95084871
   0.80486064  0.75486984  0.54915129
   0.80486064  0.25486984  0.04915128
   0.62223711  0.56081161  0.05269949
   0.31904406  0.31553248  0.40636022
   0.52373189  0.48331936  0.13869381
   0.30745787  0.18936956  0.30216341
   0.49913118  0.49774721  0.25059691
   0.02871413  0.96272960  0.03767096
   0.06543537  0.02760071  0.14597318
   0.62223711  0.06081162  0.55269947
   0.31904406  0.81553248  0.90636022
   0.52373189  0.98331939  0.63869380
   0.30745787  0.68936953  0.80216341
   0.49913118  0.99774724  0.75059694
   0.02871413  0.46272963  0.53767096
   0.06543537  0.52760076  0.64597321
   0.12223714  0.43918836  0.94730053
   0.81904406  0.68446752  0.59363978
   0.02373186  0.51668061  0.86130620
   0.80745793  0.81063047  0.69783659
  -0.00086881  0.50225276  0.74940306
   0.52871413  0.03727038  0.96232904
   0.56543538  0.97239924  0.85402679
   0.12223714  0.93918839  0.44730050
   0.81904406  0.18446752  0.09363980
   0.02373186  0.01668063  0.36130620
   0.80745793  0.31063047  0.19783659
  -0.00086881  0.00225279  0.24940308
   0.52871413  0.53727040  0.46232901
   0.56543538  0.47239930  0.35402682
   0.12200583  0.44129261  0.05269685
   0.81671393  0.68755722  0.40548140
   0.02425959  0.51536540  0.13787683
   0.77405806  0.80015379  0.30383519
   0.00090877  0.50836007  0.25148196
   0.52732557  0.03820312  0.03789230
   0.56982122  0.97209927  0.14697858
   0.12200583  0.94129258  0.55269689
   0.81671393  0.18755723  0.90548143
   0.02425959  0.01536537  0.63787680
   0.77405806  0.30015382  0.80383516
   0.00090877  0.00836007  0.75148196
   0.52732557  0.53820312  0.53789227
   0.56982122  0.47209927  0.64697861
   0.62200581  0.55870742  0.94730311
   0.31671390  0.31244278  0.59451857
   0.52425953  0.48463463  0.86212320
   0.27405809  0.19984621  0.69616484
   0.50090880  0.49163993  0.74851804
   0.02732557  0.96179688  0.96210773
   0.06982123  0.02790071  0.85302139
   0.62200581  0.05870738  0.44730317
   0.31671390  0.81244278  0.09451858
   0.52425953  0.98463460  0.36212317
   0.27405809  0.69984621  0.19616480
   0.50090880  0.99163993  0.24851801
   0.02732557  0.46179691  0.46210773
   0.06982123  0.52790073  0.35302145
   0.33382682  0.16824141  0.50013264
   0.33382682  0.66824147  1.00013267
   0.83382682  0.83175853  0.49986733
   0.83382682  0.33175859 -0.00013267
   0.28365901  0.24247834  0.34491006
   0.28365901  0.74247834  0.84491009
   0.78365898  0.75752166  0.65508991
   0.78365898  0.25752168  0.15508992
