   0.25002482  0.24232323  0.10735469
   0.21673948  0.26982445  0.21951911
   0.25002482  0.74232323  0.60735470
   0.21673948  0.76982448  0.71951906
   0.75002479  0.75767677  0.89264530
   0.71673943  0.73017552  0.78048094
   0.75002479  0.25767677  0.39264532
   0.71673943  0.23017554  0.28048088
   0.75466197  0.76360942  0.10789799
   0.74337539  0.72242404  0.21980361
   0.75466197  0.26360945  0.60789801
   0.74337539  0.22242402  0.71980364
   0.25466199  0.23639055  0.89210199
   0.24337541  0.27757599  0.78019636
   0.25466199  0.73639058  0.39210202
   0.24337541  0.77757596  0.28019639
   0.26208975  0.24257966 -0.00005275
   0.26208975  0.74257966  0.49994725
   0.76208973  0.75742034  1.00005275
   0.76208973  0.25742034  0.50005269
   0.78427148  0.75458017  0.34646427
   0.78427148  0.25458017  0.84646427
   0.80653654  0.75414437  0.45059175
   0.80653654  0.25414437  0.95059172
   0.30653654  0.24585565  0.54940828
   0.28427151  0.24541983  0.65353573
   0.28427151  0.74541983  0.15353573
   0.30653654  0.74585563  0.04940827
   0.30579969  0.24487275  0.45086570
   0.30579969  0.74487275  0.95086570
   0.80579969  0.75512725  0.54913430
   0.80579969  0.25512725  0.04913430
   0.62368212  0.56137406  0.05272685
   0.31924984  0.31533342  0.40640684
   0.52394050  0.48447502  0.13878971
   0.30719884  0.18970209  0.30213228
   0.49881382  0.49778637  0.25059780
   0.02967628  0.96267099  0.03765118
   0.06247945  0.02555163  0.14581841
   0.62368212  0.06137406  0.55272683
   0.31924984  0.81533342  0.90640684
   0.52394050  0.98447505  0.63878970
   0.30719884  0.68970206  0.80213228
   0.49881382  0.99778640  0.75059783
   0.02967628  0.46267102  0.53765118
   0.06247945  0.52555168  0.64581844
   0.12368215  0.43862591  0.94727317
   0.81924984  0.68466658  0.59359316
   0.02394048  0.51552495  0.86121030
   0.80719890  0.81029794  0.69786772
  -0.00118617  0.50221360  0.74940217
   0.52967628  0.03732899  0.96234882
   0.56247947  0.97444832  0.85418156
   0.12368215  0.93862594  0.44727314
   0.81924984  0.18466658  0.09359318
   0.02394048  0.01552497  0.36121030
   0.80719890  0.31029794  0.19786772
  -0.00118617  0.00221363  0.24940218
   0.52967628  0.53732901  0.46234879
   0.56247947  0.47444838  0.35418159
   0.12348805  0.44069423  0.05272808
   0.81666794  0.68773680  0.40551700
   0.02436404  0.51427858  0.13794967
   0.77352189  0.79975106  0.30379065
   0.00060065  0.50837648  0.25148638
   0.52828194  0.03826966  0.03787974
   0.56684641  0.97439244  0.14681932
   0.12348805  0.94069420  0.55272812
   0.81666794  0.18773682  0.90551703
   0.02436404  0.01427855  0.63794964
   0.77352189  0.29975109  0.80379062
   0.00060065  0.00837649  0.75148638
   0.52828194  0.53826967  0.53787972
   0.56684641  0.47439244  0.64681935
   0.62348804  0.55930580  0.94727188
   0.31666791  0.31226320  0.59448297
   0.52436398  0.48572145  0.86205036
   0.27352192  0.20024894  0.69620938
   0.50060068  0.49162352  0.74851362
   0.02828195  0.96173033  0.96212028
   0.06684642  0.02560754  0.85318065
   0.62348804  0.05930576  0.44727194
   0.31666791  0.81226320  0.09448299
   0.52436398  0.98572142  0.36205033
   0.27352192  0.70024894  0.19620934
   0.50060068  0.99162352  0.24851359
   0.02828195  0.46173036  0.46212028
   0.06684642  0.52560756  0.35318071
   0.33472628  0.16802683  0.50013278
   0.33472628  0.66802689  1.00013281
   0.83472628  0.83197311  0.49986719
   0.83472628  0.33197317 -0.00013281
   0.28296265  0.24209906  0.34487576
   0.28296265  0.74209906  0.84487578
   0.78296262  0.75790094  0.65512422
   0.78296262  0.25790096  0.15512423
