   0.25038864  0.24884518  0.10700585
   0.22413649  0.26958226  0.21973078
   0.25038864  0.74884518  0.60700587
   0.22413649  0.76958229  0.71973074
   0.75038861  0.75115482  0.89299413
   0.72413645  0.73041771  0.78026926
   0.75038861  0.25115482  0.39299416
   0.72413645  0.23041772  0.28026920
   0.75578019  0.75238426  0.10721265
   0.74435092  0.72109621  0.21953704
   0.75578019  0.25238429  0.60721268
   0.74435092  0.22109619  0.71953707
   0.25578020  0.24761571  0.89278732
   0.24435093  0.27890382  0.78046293
   0.25578020  0.74761574  0.39278735
   0.24435093  0.77890379  0.28046296
   0.24969375  0.24592905  0.00008049
   0.24969375  0.74592905  0.50008049
   0.74969373  0.75407095  0.99991951
   0.74969373  0.25407095  0.49991945
   0.79414231  0.75134780  0.34648097
   0.79414231  0.25134780  0.84648097
   0.79578035  0.75203704  0.45023320
   0.79578035  0.25203704  0.95023317
   0.29578035  0.24796297  0.54976683
   0.29414234  0.24865220  0.65351903
   0.29414234  0.74865220  0.15351903
   0.29578035  0.74796296  0.04976682
   0.29519326  0.24785436  0.45037619
   0.29519326  0.74785436  0.95037619
   0.79519326  0.75214564  0.54962381
   0.79519326  0.25214564  0.04962381
   0.60742613  0.55527140  0.05276192
   0.31757694  0.31770019  0.40563295
   0.52545079  0.47546642  0.13799442
   0.30458041  0.18671633  0.30219916
   0.50208735  0.49749619  0.25075577
   0.01793178  0.96275124  0.03793209
   0.09269194  0.04519546  0.14806791
   0.60742613  0.05527141  0.55276189
   0.31757694  0.81770019  0.90563295
   0.52545079  0.97546645  0.63799440
   0.30458041  0.68671630  0.80219916
   0.50208735  0.99749622  0.75075580
   0.01793178  0.46275127  0.53793208
   0.09269194  0.54519552  0.64806794
   0.10742616  0.44472857  0.94723811
   0.81757694  0.68229981  0.59436705
   0.02545076  0.52453355  0.86200560
   0.80458047  0.81328370  0.69780084
   0.00208737  0.50250378  0.74924420
   0.51793179  0.03724874  0.96206792
   0.59269196  0.95480448  0.85193206
   0.10742616  0.94472860  0.44723808
   0.81757694  0.18229981  0.09436706
   0.02545076  0.02453357  0.36200560
   0.80458047  0.31328370  0.19780084
   0.00208737  0.00250381  0.24924421
   0.51793179  0.53724876  0.46206789
   0.59269196  0.45480454  0.35193209
   0.10740727  0.44598727  0.05259997
   0.81394682  0.68571641  0.40486381
   0.02600155  0.52348081  0.13778718
   0.78497096  0.80422183  0.30389588
   0.00337364  0.50763910  0.25149905
   0.51648030  0.03793228  0.03825565
   0.59581485  0.95340131  0.14836571
   0.10740727  0.94598724  0.55260001
   0.81394682  0.18571643  0.90486384
   0.02600155  0.02348078  0.63778715
   0.78497096  0.30422186  0.80389585
   0.00337364  0.00763910  0.75149905
   0.51648030  0.53793229  0.53825563
   0.59581485  0.45340131  0.64836574
   0.60740726  0.55401276  0.94739999
   0.31394679  0.31428359  0.59513616
   0.52600149  0.47651922  0.86221285
   0.28497099  0.19577817  0.69610415
   0.50337367  0.49236090  0.74850095
   0.01648031  0.96206771  0.96174437
   0.09581486  0.04659867  0.85163426
   0.60740726  0.05401271  0.44740005
   0.31394679  0.81428359  0.09513617
   0.52600149  0.97651919  0.36221282
   0.28497099  0.69577817  0.19610410
   0.50337367  0.99236090  0.24850092
   0.01648031  0.46206774  0.46174437
   0.09581486  0.54659869  0.35163432
   0.32384468  0.16993931  0.50012319
   0.32384468  0.66993937  1.00012322
   0.82384468  0.83006063  0.49987678
   0.82384468  0.33006069 -0.00012322
   0.29094853  0.24637835  0.34485957
   0.29094853  0.74637835  0.84485960
   0.79094850  0.75362165  0.65514040
   0.79094850  0.25362166  0.15514042
