   0.24975913  0.24386855  0.10722797
   0.21751308  0.26983750  0.21952068
   0.24975913  0.74386855  0.60722799
   0.21751308  0.76983753  0.71952064
   0.74975910  0.75613145  0.89277201
   0.71751304  0.73016247  0.78047936
   0.74975910  0.25613145  0.39277204
   0.71751304  0.23016249  0.28047930
   0.75433287  0.76171896  0.10773249
   0.74388891  0.72238060  0.21978818
   0.75433287  0.26171899  0.60773251
   0.74388891  0.22238058  0.71978821
   0.25433289  0.23828101  0.89226749
   0.24388892  0.27761943  0.78021179
   0.25433289  0.73828104  0.39226752
   0.24388892  0.77761940  0.28021182
   0.26008378  0.24317117 -0.00005062
   0.26008378  0.74317117  0.49994938
   0.76008377  0.75682883  1.00005062
   0.76008377  0.25682883  0.50005056
   0.78575824  0.75397731  0.34649485
   0.78575824  0.25397731  0.84649485
   0.80475730  0.75372409  0.45057006
   0.80475730  0.25372409  0.95057003
   0.30475730  0.24627593  0.54942997
   0.28575827  0.24602269  0.65350515
   0.28575827  0.74602269  0.15350515
   0.30475730  0.74627591  0.04942996
   0.30402755  0.24536936  0.45082227
   0.30402755  0.74536936  0.95082227
   0.80402755  0.75463064  0.54917773
   0.80402755  0.25463064  0.04917772
   0.62097591  0.56033082  0.05267705
   0.31888764  0.31570043  0.40632320
   0.52362119  0.48240827  0.13862158
   0.30764715  0.18912594  0.30218673
   0.49943932  0.49772756  0.25059791
   0.02784847  0.96277033  0.03768586
   0.06796874  0.02934226  0.14611960
   0.62097591  0.06033083  0.55267703
   0.31888764  0.81570043  0.90632320
   0.52362119  0.98240830  0.63862156
   0.30764715  0.68912591  0.80218673
   0.49943932  0.99772759  0.75059794
   0.02784847  0.46277036  0.53768585
   0.06796874  0.52934232  0.64611963
   0.12097594  0.43966915  0.94732297
   0.81888764  0.68429957  0.59367680
   0.02362116  0.51759170  0.86137844
   0.80764721  0.81087409  0.69781327
  -0.00056067  0.50227241  0.74940206
   0.52784847  0.03722965  0.96231415
   0.56796875  0.97065768  0.85388037
   0.12097594  0.93966918  0.44732294
   0.81888764  0.18429957  0.09367681
   0.02362116  0.01759172  0.36137844
   0.80764721  0.31087409  0.19781327
  -0.00056067  0.00227244  0.24940207
   0.52784847  0.53722967  0.46231412
   0.56796875  0.47065774  0.35388040
   0.12071947  0.44178092  0.05266796
   0.81668563  0.68740960  0.40545158
   0.02421556  0.51628040  0.13782747
   0.77458139  0.80046595  0.30386005
   0.00119912  0.50834626  0.25148077
   0.52646600  0.03814967  0.03790476
   0.57231090  0.97020702  0.14711097
   0.12071947  0.94178089  0.55266800
   0.81668563  0.18740962  0.90545161
   0.02421556  0.01628037  0.63782744
   0.77458139  0.30046598  0.80386002
   0.00119912  0.00834626  0.75148077
   0.52646600  0.53814968  0.53790473
   0.57231090  0.47020702  0.64711100
   0.62071946  0.55821911  0.94733200
   0.31668560  0.31259040  0.59454839
   0.52421550  0.48371963  0.86217256
   0.27458142  0.19953405  0.69613998
   0.50119915  0.49165374  0.74851923
   0.02646601  0.96185032  0.96209527
   0.07231091  0.02979296  0.85288900
   0.62071946  0.05821907  0.44733206
   0.31668560  0.81259040  0.09454841
   0.52421550  0.98371960  0.36217253
   0.27458142  0.69953405  0.19613994
   0.50119915  0.99165374  0.24851920
   0.02646601  0.46185035  0.46209527
   0.07231091  0.52979298  0.35288906
   0.33302885  0.16842139  0.50013201
   0.33302885  0.66842145  1.00013204
   0.83302885  0.83157855  0.49986796
   0.83302885  0.33157861 -0.00013204
   0.28428363  0.24280486  0.34492870
   0.28428363  0.74280486  0.84492873
   0.78428360  0.75719514  0.65507127
   0.78428360  0.25719516  0.15507128
