   0.24981134  0.24794301  0.10697266
   0.22180485  0.26962947  0.21961322
   0.24981134  0.74794301  0.60697267
   0.22180485  0.76962950  0.71961317
   0.74981131  0.75205699  0.89302733
   0.72180481  0.73037050  0.78038683
   0.74981131  0.25205699  0.39302736
   0.72180481  0.23037051  0.28038677
   0.75471821  0.75455107  0.10724433
   0.74484287  0.72177903  0.21964073
   0.75471821  0.25455110  0.60724435
   0.74484287  0.22177901  0.71964076
   0.25471822  0.24544890  0.89275565
   0.24484289  0.27822100  0.78035924
   0.25471822  0.74544893  0.39275568
   0.24484289  0.77822097  0.28035927
   0.25226120  0.24528040  0.00000612
   0.25226120  0.74528040  0.50000612
   0.75226119  0.75471960  0.99999388
   0.75226119  0.25471960  0.49999382
   0.79184804  0.75188837  0.34653733
   0.79184804  0.25188837  0.84653733
   0.79789273  0.75243490  0.45037764
   0.79789273  0.25243490  0.95037761
   0.29789273  0.24756512  0.54962239
   0.29184807  0.24811163  0.65346267
   0.29184807  0.74811163  0.15346267
   0.29789273  0.74756510  0.04962238
   0.29735993  0.24730735  0.45055257
   0.29735993  0.74730735  0.95055257
   0.79735993  0.75269265  0.54944743
   0.79735993  0.25269265  0.04944742
   0.61056745  0.55633579  0.05265194
   0.31801265  0.31731951  0.40588287
   0.52453278  0.47679384  0.13812221
   0.30705080  0.18764106  0.30224005
   0.50177449  0.49755191  0.25067434
   0.02052304  0.96292106  0.03782131
   0.08683808  0.04181929  0.14749941
   0.61056745  0.05633580  0.55265192
   0.31801265  0.81731951  0.90588287
   0.52453278  0.97679387  0.63812219
   0.30705080  0.68764103  0.80224005
   0.50177449  0.99755194  0.75067437
   0.02052304  0.46292109  0.53782130
   0.08683808  0.54181934  0.64749944
   0.11056748  0.44366418  0.94734808
   0.81801265  0.68268049  0.59411713
   0.02453276  0.52320613  0.86187781
   0.80705086  0.81235897  0.69775995
   0.00177451  0.50244806  0.74932563
   0.52052305  0.03707891  0.96217870
   0.58683810  0.95818066  0.85250056
   0.11056748  0.94366421  0.44734805
   0.81801265  0.18268049  0.09411715
   0.02453276  0.02320615  0.36187781
   0.80705086  0.31235897  0.19775995
   0.00177451  0.00244809  0.24932564
   0.52052305  0.53707894  0.46217867
   0.58683810  0.45818072  0.35250059
   0.11037041  0.44522199  0.05254786
   0.81476468  0.68619385  0.40508475
   0.02507278  0.52214741  0.13769827
   0.78185442  0.80291093  0.30393996
   0.00329493  0.50802971  0.25148077
   0.51916775  0.03771099  0.03810393
   0.59023050  0.95735268  0.14798510
   0.11037041  0.94522196  0.55254790
   0.81476468  0.18619387  0.90508478
   0.02507278  0.02214738  0.63769824
   0.78185442  0.30291096  0.80393993
   0.00329493  0.00802971  0.75148077
   0.51916775  0.53771100  0.53810391
   0.59023050  0.45735268  0.64798513
   0.61037040  0.55477804  0.94745210
   0.31476465  0.31380615  0.59491522
   0.52507272  0.47785262  0.86230176
   0.28185445  0.19708907  0.69606007
   0.50329496  0.49197029  0.74851923
   0.01916775  0.96228900  0.96189609
   0.09023051  0.04264730  0.85201487
   0.61037040  0.05477800  0.44745216
   0.31476465  0.81380615  0.09491523
   0.52507272  0.97785259  0.36230173
   0.28185445  0.69708907  0.19606003
   0.50329496  0.99197029  0.24851920
   0.01916775  0.46228903  0.46189609
   0.09023051  0.54264732  0.35201493
   0.32608569  0.16973266  0.50012359
   0.32608569  0.66973272  1.00012362
   0.82608569  0.83026728  0.49987638
   0.82608569  0.33026734 -0.00012362
   0.28932020  0.24545109  0.34493050
   0.28932020  0.74545109  0.84493053
   0.78932017  0.75454891  0.65506947
   0.78932017  0.25454892  0.15506949
