   0.25011346  0.24195004  0.10738613
   0.21659537  0.26982408  0.21952234
   0.25011346  0.74195004  0.60738614
   0.21659537  0.76982411  0.71952229
   0.75011343  0.75804996  0.89261386
   0.71659532  0.73017589  0.78047771
   0.75011343  0.25804996  0.39261389
   0.71659532  0.23017590  0.28047765
   0.75475348  0.76404515  0.10793372
   0.74325611  0.72243696  0.21981021
   0.75475348  0.26404518  0.60793374
   0.74325611  0.22243694  0.71981024
   0.25475350  0.23595482  0.89206626
   0.24325612  0.27756307  0.78018976
   0.25475350  0.73595485  0.39206629
   0.24325612  0.77756304  0.28018979
   0.26255978  0.24245032 -0.00005193
   0.26255978  0.74245032  0.49994807
   0.76255977  0.75754968  1.00005193
   0.76255977  0.25754968  0.50005187
   0.78392396  0.75473655  0.34644973
   0.78392396  0.25473655  0.84644973
   0.80694117  0.75425970  0.45060636
   0.80694117  0.25425970  0.95060633
   0.30694117  0.24574032  0.54939367
   0.28392399  0.24526345  0.65355027
   0.28392399  0.74526345  0.15355027
   0.30694117  0.74574030  0.04939366
   0.30620908  0.24475228  0.45088472
   0.30620908  0.74475228  0.95088472
   0.80620908  0.75524772  0.54911528
   0.80620908  0.25524772  0.04911528
   0.62427458  0.56159483  0.05273706
   0.31934498  0.31527202  0.40642782
   0.52402755  0.48500890  0.13882736
   0.30708217  0.18984541  0.30211171
   0.49869155  0.49779577  0.25059717
   0.03009299  0.96263490  0.03764294
   0.06122311  0.02468215  0.14574930
   0.62427458  0.06159484  0.55273703
   0.31934498  0.81527202  0.90642782
   0.52402755  0.98500893  0.63882735
   0.30708217  0.68984538  0.80211171
   0.49869155  0.99779579  0.75059720
   0.03009299  0.46263493  0.53764294
   0.06122311  0.52468220  0.64574933
   0.12427461  0.43840514  0.94726297
   0.81934498  0.68472798  0.59357218
   0.02402752  0.51499107  0.86117265
   0.80708223  0.81015462  0.69788829
  -0.00130843  0.50220421  0.74940280
   0.53009300  0.03736507  0.96235706
   0.56122313  0.97531780  0.85425067
   0.12427461  0.93840517  0.44726294
   0.81934498  0.18472798  0.09357219
   0.02402752  0.01499109  0.36117265
   0.80708223  0.31015462  0.19788829
  -0.00130843  0.00220424  0.24940281
   0.53009300  0.53736510  0.46235703
   0.56122313  0.47531786  0.35425070
   0.12411316  0.44046186  0.05273891
   0.81662466  0.68780373  0.40553519
   0.02442963  0.51381839  0.13797779
   0.77332146  0.79956020  0.30379021
   0.00048206  0.50836756  0.25148452
   0.52868786  0.03829990  0.03787592
   0.56555837  0.97538301  0.14674166
   0.12411316  0.94046183  0.55273895
   0.81662466  0.18780374  0.90553522
   0.02442963  0.01381836  0.63797776
   0.77332146  0.29956023  0.80379018
   0.00048206  0.00836757  0.75148452
   0.52868786  0.53829991  0.53787589
   0.56555837  0.47538301  0.64674169
   0.62411315  0.55953817  0.94726105
   0.31662463  0.31219627  0.59446478
   0.52442957  0.48618164  0.86202224
   0.27332149  0.20043980  0.69620982
   0.50048210  0.49163244  0.74851548
   0.02868787  0.96170009  0.96212411
   0.06555838  0.02461697  0.85325831
   0.62411315  0.05953813  0.44726111
   0.31662463  0.81219627  0.09446479
   0.52442957  0.98618161  0.36202221
   0.27332149  0.70043980  0.19620978
   0.50048210  0.99163244  0.24851545
   0.02868787  0.46170012  0.46212411
   0.06555838  0.52461699  0.35325837
   0.33509254  0.16794550  0.50013364
   0.33509254  0.66794556  1.00013367
   0.83509254  0.83205444  0.49986633
   0.83509254  0.33205450 -0.00013367
   0.28260074  0.24192949  0.34487594
   0.28260074  0.74192949  0.84487597
   0.78260071  0.75807051  0.65512403
   0.78260071  0.25807052  0.15512404
