   0.24973382  0.24416836  0.10720423
   0.21770123  0.26982837  0.21951889
   0.24973382  0.74416836  0.60720425
   0.21770123  0.76982840  0.71951884
   0.74973379  0.75583164  0.89279575
   0.71770119  0.73017160  0.78048116
   0.74973379  0.25583164  0.39279578
   0.71770119  0.23017161  0.28048110
   0.75428738  0.76132594  0.10769794
   0.74400161  0.72238059  0.21978142
   0.75428738  0.26132597  0.60769796
   0.74400161  0.22238057  0.71978145
   0.25428740  0.23867403  0.89230204
   0.24400163  0.27761944  0.78021855
   0.25428740  0.73867406  0.39230207
   0.24400163  0.77761941  0.28021858
   0.25966574  0.24329804 -0.00004922
   0.25966574  0.74329804  0.49995078
   0.75966573  0.75670196  1.00004922
   0.75966573  0.25670196  0.50004916
   0.78608375  0.75384494  0.34649937
   0.78608375  0.25384494  0.84649937
   0.80437210  0.75362411  0.45056088
   0.80437210  0.25362411  0.95056085
   0.30437210  0.24637591  0.54943915
   0.28608378  0.24615506  0.65350063
   0.28608378  0.74615506  0.15350063
   0.30437210  0.74637589  0.04943914
   0.30364996  0.24549055  0.45080844
   0.30364996  0.74549055  0.95080844
   0.80364996  0.75450945  0.54919156
   0.80364996  0.25450945  0.04919156
   0.62040597  0.56013570  0.05267123
   0.31880591  0.31577554  0.40629798
   0.52358535  0.48200712  0.13859091
   0.30771534  0.18902306  0.30219357
   0.49957523  0.49771777  0.25059859
   0.02744364  0.96278663  0.03769311
   0.06910589  0.03013207  0.14619018
   0.62040597  0.06013571  0.55267121
   0.31880591  0.81577554  0.90629798
   0.52358535  0.98200715  0.63859090
   0.30771534  0.68902303  0.80219357
   0.49957523  0.99771780  0.75059862
   0.02744364  0.46278666  0.53769310
   0.06910589  0.53013212  0.64619021
   0.12040600  0.43986427  0.94732879
   0.81880591  0.68422446  0.59370202
   0.02358532  0.51799285  0.86140910
   0.80771540  0.81097697  0.69780643
  -0.00042476  0.50228220  0.74940138
   0.52744364  0.03721335  0.96230690
   0.56910591  0.96986788  0.85380979
   0.12040600  0.93986430  0.44732876
   0.81880591  0.18422446  0.09370203
   0.02358532  0.01799288  0.36140910
   0.80771540  0.31097697  0.19780643
  -0.00042476  0.00228223  0.24940139
   0.52744364  0.53721337  0.46230687
   0.56910591  0.46986794  0.35380982
   0.12014928  0.44198069  0.05265816
   0.81663965  0.68734330  0.40543211
   0.02420148  0.51668543  0.13780883
   0.77484474  0.80059402  0.30386775
   0.00133306  0.50833746  0.25147936
   0.52605767  0.03811781  0.03791190
   0.57342140  0.96937846  0.14716990
   0.12014928  0.94198066  0.55265820
   0.81663965  0.18734332  0.90543214
   0.02420148  0.01668540  0.63780880
   0.77484474  0.30059405  0.80386772
   0.00133306  0.00833746  0.75147936
   0.52605767  0.53811782  0.53791187
   0.57342140  0.46937846  0.64716993
   0.62014926  0.55801934  0.94734180
   0.31663962  0.31265670  0.59456786
   0.52420142  0.48331460  0.86219120
   0.27484477  0.19940598  0.69613228
   0.50133310  0.49166254  0.74852064
   0.02605768  0.96188218  0.96208813
   0.07342140  0.03062152  0.85283007
   0.62014926  0.05801929  0.44734186
   0.31663962  0.81265670  0.09456787
   0.52420142  0.98331457  0.36219117
   0.27484477  0.69940598  0.19613223
   0.50133310  0.99166254  0.24852061
   0.02605768  0.46188221  0.46208813
   0.07342140  0.53062154  0.35283013
   0.33264336  0.16850571  0.50013226
   0.33264336  0.66850577  1.00013229
   0.83264336  0.83149423  0.49986771
   0.83264336  0.33149429 -0.00013229
   0.28457625  0.24293158  0.34493019
   0.28457625  0.74293158  0.84493022
   0.78457622  0.75706842  0.65506978
   0.78457622  0.25706844  0.15506980
