   0.24958454  0.24645096  0.10703264
   0.21955515  0.26976639  0.21953445
   0.24958454  0.74645096  0.60703265
   0.21955515  0.76976642  0.71953441
   0.74958451  0.75354904  0.89296735
   0.71955510  0.73023358  0.78046559
   0.74958451  0.25354904  0.39296738
   0.71955510  0.23023360  0.28046553
   0.75413641  0.75775570  0.10741031
   0.74477888  0.72221813  0.21972847
   0.75413641  0.25775572  0.60741033
   0.74477888  0.22221811  0.71972850
   0.25413643  0.24224428  0.89258967
   0.24477889  0.27778190  0.78027150
   0.25413643  0.74224430  0.39258970
   0.24477889  0.77778187  0.28027153
   0.25575491  0.24435910 -0.00002696
   0.25575491  0.74435910  0.49997304
   0.75575489  0.75564090  1.00002696
   0.75575489  0.25564090  0.50002690
   0.78900207  0.75271196  0.34654074
   0.78900207  0.25271196  0.84654074
   0.80089849  0.75295647  0.45048954
   0.80089849  0.25295647  0.95048951
   0.30089849  0.24704355  0.54951049
   0.28900210  0.24728804  0.65345926
   0.28900210  0.74728804  0.15345926
   0.30089849  0.74704353  0.04951048
   0.30027838  0.24645565  0.45069680
   0.30027838  0.74645565  0.95069680
   0.80027838  0.75354435  0.54930320
   0.80027838  0.25354435  0.04930319
   0.61514958  0.55807021  0.05263361
   0.31834458  0.31658791  0.40609974
   0.52378221  0.47899512  0.13832153
   0.30813334  0.18823223  0.30225777
   0.50088109  0.49761127  0.25062095
   0.02384136  0.96293864  0.03774730
   0.07870404  0.03668464  0.14683924
   0.61514958  0.05807022  0.55263359
   0.31834458  0.81658791  0.90609974
   0.52378221  0.97899515  0.63832152
   0.30813334  0.68823220  0.80225777
   0.50088109  0.99761130  0.75062098
   0.02384136  0.46293867  0.53774729
   0.07870404  0.53668470  0.64683927
   0.11514961  0.44192976  0.94736641
   0.81834458  0.68341209  0.59390026
   0.02378218  0.52100485  0.86167848
   0.80813340  0.81176780  0.69774223
   0.00088111  0.50238870  0.74937902
   0.52384136  0.03706134  0.96225271
   0.57870406  0.96331530  0.85316073
   0.11514961  0.94192979  0.44736638
   0.81834458  0.18341209  0.09390027
   0.02378218  0.02100487  0.36167848
   0.80813340  0.31176780  0.19774223
   0.00088111  0.00238873  0.24937904
   0.52384136  0.53706136  0.46225268
   0.57870406  0.46331536  0.35316076
   0.11487571  0.44380216  0.05257559
   0.81587329  0.68671677  0.40527178
   0.02439278  0.51986857  0.13768188
   0.77801171  0.80177310  0.30394058
   0.00256229  0.50827079  0.25147352
   0.52250511  0.03783268  0.03798817
   0.58260696  0.96276112  0.14760712
   0.11487571  0.94380213  0.55257563
   0.81587329  0.18671678  0.90527181
   0.02439278  0.01986854  0.63768185
   0.77801171  0.30177313  0.80394055
   0.00256229  0.00827080  0.75147352
   0.52250511  0.53783268  0.53798814
   0.58260696  0.46276112  0.64760715
   0.61487569  0.55619787  0.94742437
   0.31587326  0.31328323  0.59472819
   0.52439272  0.48013146  0.86231815
   0.27801174  0.19822690  0.69605945
   0.50256233  0.49172921  0.74852648
   0.02250512  0.96216732  0.96201186
   0.08260697  0.03723886  0.85239285
   0.61487569  0.05619782  0.44742443
   0.31587326  0.81328323  0.09472820
   0.52439272  0.98013143  0.36231812
   0.27801174  0.69822690  0.19605941
   0.50256233  0.99172921  0.24852645
   0.02250512  0.46216735  0.46201186
   0.08260697  0.53723888  0.35239291
   0.32922179  0.16919128  0.50012658
   0.32922179  0.66919134  1.00012661
   0.82922179  0.83080866  0.49987339
   0.82922179  0.33080872 -0.00012661
   0.28712517  0.24423781  0.34497762
   0.28712517  0.74423781  0.84497765
   0.78712514  0.75576219  0.65502235
   0.78712514  0.25576221  0.15502236
