   0.25024698  0.24131688  0.10744129
   0.21631431  0.26981702  0.21952803
   0.25024698  0.74131688  0.60744130
   0.21631431  0.76981705  0.71952799
   0.75024695  0.75868312  0.89255870
   0.71631427  0.73018295  0.78047201
   0.75024695  0.25868312  0.39255873
   0.71631427  0.23018296  0.28047195
   0.75487522  0.76476055  0.10799322
   0.74305401  0.72243168  0.21982144
   0.75487522  0.26476058  0.60799325
   0.74305401  0.22243167  0.71982147
   0.25487524  0.23523942  0.89200675
   0.24305403  0.27756835  0.78017853
   0.25487524  0.73523945  0.39200678
   0.24305403  0.77756832  0.28017856
   0.26330809  0.24222068 -0.00004962
   0.26330809  0.74222068  0.49995038
   0.76330808  0.75777932  1.00004962
   0.76330808  0.25777932  0.50004956
   0.78335625  0.75494263  0.34644223
   0.78335625  0.25494263  0.84644223
   0.80759675  0.75443258  0.45061910
   0.80759675  0.25443258  0.95061907
   0.30759675  0.24556744  0.54938093
   0.28335628  0.24505737  0.65355777
   0.28335628  0.74505737  0.15355777
   0.30759675  0.74556742  0.04938092
   0.30687833  0.24456487  0.45090326
   0.30687833  0.74456487  0.95090326
   0.80687833  0.75543513  0.54909674
   0.80687833  0.25543513  0.04909674
   0.62527267  0.56196222  0.05275662
   0.31951018  0.31515555  0.40646340
   0.52421717  0.48592620  0.13889240
   0.30690923  0.19007649  0.30208787
   0.49847488  0.49781454  0.25059763
   0.03078093  0.96258573  0.03762582
   0.05912426  0.02324694  0.14564078
   0.62527267  0.06196222  0.55275659
   0.31951018  0.81515555  0.90646340
   0.52421717  0.98592623  0.63889239
   0.30690923  0.69007646  0.80208787
   0.49847488  0.99781457  0.75059766
   0.03078093  0.46258576  0.53762581
   0.05912426  0.52324699  0.64564081
   0.12527270  0.43803775  0.94724341
   0.81951018  0.68484445  0.59353660
   0.02421714  0.51407377  0.86110761
   0.80690929  0.80992354  0.69791213
  -0.00152511  0.50218543  0.74940234
   0.53078094  0.03741424  0.96237419
   0.55912427  0.97675301  0.85435919
   0.12527270  0.93803778  0.44724338
   0.81951018  0.18484445  0.09353661
   0.02421714  0.01407379  0.36110761
   0.80690929  0.30992354  0.19791213
  -0.00152511  0.00218546  0.24940236
   0.53078094  0.53741427  0.46237416
   0.55912427  0.47675307  0.35435922
   0.12515261  0.44005316  0.05275729
   0.81652626  0.68790809  0.40556629
   0.02454213  0.51303847  0.13802694
   0.77301163  0.79927159  0.30376052
   0.00027508  0.50837901  0.25148571
   0.52937071  0.03835188  0.03786770
   0.56338214  0.97708515  0.14661083
   0.12515261  0.94005313  0.55275733
   0.81652626  0.18790810  0.90556632
   0.02454213  0.01303844  0.63802691
   0.77301163  0.29927161  0.80376049
   0.00027508  0.00837902  0.75148571
   0.52937071  0.53835189  0.53786768
   0.56338214  0.47708515  0.64661086
   0.62515260  0.55994687  0.94724267
   0.31652623  0.31209191  0.59443368
   0.52454207  0.48696156  0.86197309
   0.27301166  0.20072841  0.69623951
   0.50027511  0.49162099  0.74851429
   0.02937072  0.96164811  0.96213232
   0.06338215  0.02291483  0.85338914
   0.62515260  0.05994683  0.44724273
   0.31652623  0.81209191  0.09443370
   0.52454207  0.98696153  0.36197306
   0.27301166  0.70072841  0.19623946
   0.50027511  0.99162099  0.24851426
   0.02937072  0.46164814  0.46213232
   0.06338215  0.52291485  0.35338920
   0.33572175  0.16778995  0.50013368
   0.33572175  0.66779001  1.00013370
   0.83572175  0.83220999  0.49986630
   0.83572175  0.33221005 -0.00013370
   0.28209825  0.24165266  0.34485816
   0.28209825  0.74165266  0.84485819
   0.78209822  0.75834734  0.65514181
   0.78209822  0.25834735  0.15514183
