   0.24996286  0.24242599  0.10735101
   0.21676373  0.26986002  0.21952672
   0.24996286  0.74242599  0.60735103
   0.21676373  0.76986005  0.71952668
   0.74996283  0.75757401  0.89264897
   0.71676369  0.73013995  0.78047332
   0.74996283  0.25757401  0.39264900
   0.71676369  0.23013996  0.28047326
   0.75461734  0.76350485  0.10789271
   0.74338539  0.72240078  0.21981288
   0.75461734  0.26350488  0.60789273
   0.74338539  0.22240076  0.71981291
   0.25461735  0.23649512  0.89210727
   0.24338541  0.27759925  0.78018709
   0.25461735  0.73649515  0.39210730
   0.24338541  0.77759922  0.28018712
   0.26194554  0.24261832 -0.00005282
   0.26194554  0.74261832  0.49994718
   0.76194553  0.75738168  1.00005282
   0.76194553  0.25738168  0.50005276
   0.78435332  0.75456414  0.34645966
   0.78435332  0.25456414  0.84645966
   0.80641139  0.75415136  0.45060068
   0.80641139  0.25415136  0.95060065
   0.30641139  0.24584865  0.54939935
   0.28435335  0.24543586  0.65354034
   0.28435335  0.74543586  0.15354034
   0.30641139  0.74584864  0.04939934
   0.30567364  0.24488243  0.45086951
   0.30567364  0.74488243  0.95086951
   0.80567364  0.75511757  0.54913049
   0.80567364  0.25511757  0.04913048
   0.62352732  0.56131298  0.05272190
   0.31925469  0.31537787  0.40640696
   0.52391465  0.48437066  0.13877903
   0.30726179  0.18961859  0.30211615
   0.49885106  0.49777329  0.25059746
   0.02961621  0.96267267  0.03765335
   0.06278576  0.02575291  0.14583046
   0.62352732  0.06131299  0.55272187
   0.31925469  0.81537787  0.90640696
   0.52391465  0.98437069  0.63877901
   0.30726179  0.68961856  0.80211615
   0.49885106  0.99777332  0.75059749
   0.02961621  0.46267270  0.53765334
   0.06278576  0.52575296  0.64583049
   0.12352735  0.43868699  0.94727813
   0.81925469  0.68462213  0.59359304
   0.02391462  0.51562931  0.86122099
   0.80726185  0.81038144  0.69788385
  -0.00114892  0.50222668  0.74940251
   0.52961621  0.03732730  0.96234666
   0.56278577  0.97424704  0.85416951
   0.12352735  0.93868702  0.44727810
   0.81925469  0.18462213  0.09359305
   0.02391462  0.01562933  0.36122099
   0.80726185  0.31038144  0.19788385
  -0.00114892  0.00222671  0.24940252
   0.52961621  0.53732733  0.46234663
   0.56278577  0.47424710  0.35416954
   0.12334599  0.44077527  0.05272360
   0.81669062  0.68770649  0.40551748
   0.02436965  0.51439563  0.13794120
   0.77358389  0.79979943  0.30381140
   0.00063708  0.50836877  0.25148512
   0.52821068  0.03825671  0.03788100
   0.56716093  0.97415918  0.14683337
   0.12334599  0.94077524  0.55272364
   0.81669062  0.18770651  0.90551751
   0.02436965  0.01439560  0.63794117
   0.77358389  0.29979946  0.80381137
   0.00063708  0.00836877  0.75148512
   0.52821068  0.53825672  0.53788097
   0.56716093  0.47415918  0.64683340
   0.62334598  0.55922476  0.94727636
   0.31669059  0.31229351  0.59448249
   0.52436960  0.48560440  0.86205883
   0.27358392  0.20020057  0.69618863
   0.50063712  0.49163123  0.74851488
   0.02821069  0.96174328  0.96211903
   0.06716094  0.02584080  0.85316660
   0.62334598  0.05922471  0.44727642
   0.31669059  0.81229351  0.09448251
   0.52436960  0.98560437  0.36205880
   0.27358392  0.70020057  0.19618859
   0.50063712  0.99163123  0.24851485
   0.02821069  0.46174331  0.46211903
   0.06716094  0.52584082  0.35316666
   0.33467718  0.16803866  0.50013389
   0.33467718  0.66803872  1.00013392
   0.83467718  0.83196128  0.49986608
   0.83467718  0.33196134 -0.00013392
   0.28299912  0.24216846  0.34489976
   0.28299912  0.74216846  0.84489979
   0.78299909  0.75783154  0.65510021
   0.78299909  0.25783156  0.15510022
