   0.24982336  0.24337084  0.10726541
   0.21722416  0.26984647  0.21951986
   0.24982336  0.74337084  0.60726542
   0.21722416  0.76984650  0.71951981
   0.74982333  0.75662916  0.89273458
   0.71722412  0.73015350  0.78048019
   0.74982333  0.25662916  0.39273461
   0.71722412  0.23015352  0.28048013
   0.75443565  0.76235752  0.10778530
   0.74370667  0.72239455  0.21979560
   0.75443565  0.26235754  0.60778532
   0.74370667  0.22239453  0.71979563
   0.25443566  0.23764246  0.89221468
   0.24370669  0.27760548  0.78020437
   0.25443566  0.73764248  0.39221471
   0.24370669  0.77760545  0.28020440
   0.26077040  0.24297772 -0.00005214
   0.26077040  0.74297772  0.49994786
   0.76077038  0.75702228  1.00005214
   0.76077038  0.25702228  0.50005208
   0.78525271  0.75418451  0.34648574
   0.78525271  0.25418451  0.84648574
   0.80535855  0.75386496  0.45058060
   0.80535855  0.25386496  0.95058057
   0.30535855  0.24613506  0.54941943
   0.28525274  0.24581549  0.65351426
   0.28525274  0.74581549  0.15351426
   0.30535855  0.74613504  0.04941942
   0.30462067  0.24520028  0.45084091
   0.30462067  0.74520028  0.95084091
   0.80462067  0.75479972  0.54915909
   0.80462067  0.25479972  0.04915909
   0.62187643  0.56066295  0.05269106
   0.31900858  0.31557941  0.40635413
   0.52368222  0.48306807  0.13867174
   0.30752196  0.18929228  0.30217229
   0.49922201  0.49774066  0.25059750
   0.02848619  0.96274321  0.03767398
   0.06614760  0.02809532  0.14601199
   0.62187643  0.06066296  0.55269104
   0.31900858  0.81557941  0.90635413
   0.52368222  0.98306810  0.63867172
   0.30752196  0.68929225  0.80217229
   0.49922201  0.99774069  0.75059753
   0.02848619  0.46274324  0.53767398
   0.06614760  0.52809537  0.64601202
   0.12187646  0.43933702  0.94730896
   0.81900858  0.68442059  0.59364587
   0.02368219  0.51693190  0.86132828
   0.80752202  0.81070775  0.69782771
  -0.00077798  0.50225931  0.74940247
   0.52848619  0.03725676  0.96232602
   0.56614762  0.97190463  0.85398798
   0.12187646  0.93933705  0.44730893
   0.81900858  0.18442059  0.09364589
   0.02368219  0.01693192  0.36132828
   0.80752202  0.31070775  0.19782771
  -0.00077798  0.00225934  0.24940249
   0.52848619  0.53725679  0.46232599
   0.56614762  0.47190469  0.35398801
   0.12163734  0.44144727  0.05268674
   0.81672101  0.68751778  0.40547526
   0.02424085  0.51563306  0.13786057
   0.77420199  0.80024096  0.30384770
   0.00099282  0.50836228  0.25148154
   0.52709772  0.03818532  0.03789420
   0.57052269  0.97155262  0.14701536
   0.12163734  0.94144724  0.55268678
   0.81672101  0.18751779  0.90547529
   0.02424085  0.01563303  0.63786054
   0.77420199  0.30024099  0.80384767
   0.00099282  0.00836229  0.75148154
   0.52709772  0.53818533  0.53789417
   0.57052269  0.47155262  0.64701538
   0.62163732  0.55855276  0.94731322
   0.31672098  0.31248222  0.59452471
   0.52424079  0.48436697  0.86213946
   0.27420202  0.19975904  0.69615233
   0.50099285  0.49163772  0.74851846
   0.02709773  0.96181467  0.96210583
   0.07052270  0.02844736  0.85298462
   0.62163732  0.05855272  0.44731328
   0.31672098  0.81248222  0.09452473
   0.52424079  0.98436694  0.36213943
   0.27420202  0.69975904  0.19615228
   0.50099285  0.99163772  0.24851843
   0.02709773  0.46181470  0.46210583
   0.07052270  0.52844738  0.35298467
   0.33360623  0.16829655  0.50013272
   0.33360623  0.66829661  1.00013275
   0.83360623  0.83170339  0.49986725
   0.83360623  0.33170345 -0.00013275
   0.28384204  0.24257699  0.34491905
   0.28384204  0.74257699  0.84491908
   0.78384201  0.75742301  0.65508092
   0.78384201  0.25742303  0.15508093
