   0.24967347  0.24468901  0.10715970
   0.21803544  0.26982834  0.21951928
   0.24967347  0.74468901  0.60715971
   0.21803544  0.76982837  0.71951924
   0.74967344  0.75531099  0.89284029
   0.71803539  0.73017163  0.78048076
   0.74967344  0.25531099  0.39284032
   0.71803539  0.23017164  0.28048070
   0.75419390  0.76060345  0.10763262
   0.74418150  0.72235260  0.21977244
   0.75419390  0.26060347  0.60763264
   0.74418150  0.22235258  0.71977247
   0.25419392  0.23939653  0.89236736
   0.24418152  0.27764743  0.78022753
   0.25419392  0.73939655  0.39236739
   0.24418152  0.77764740  0.28022756
   0.25887602  0.24352572 -0.00004581
   0.25887602  0.74352572  0.49995419
   0.75887601  0.75647428  1.00004581
   0.75887601  0.25647428  0.50004575
   0.78662848  0.75361654  0.34651041
   0.78662848  0.25361654  0.84651041
   0.80371301  0.75349371  0.45055312
   0.80371301  0.25349371  0.95055309
   0.30371301  0.24650631  0.54944691
   0.28662851  0.24638346  0.65348959
   0.28662851  0.74638346  0.15348959
   0.30371301  0.74650629  0.04944690
   0.30300556  0.24565777  0.45079275
   0.30300556  0.74565777  0.95079275
   0.80300556  0.75434223  0.54920725
   0.80300556  0.25434223  0.04920724
   0.61935752  0.55971116  0.05265853
   0.31868746  0.31593202  0.40625976
   0.52355745  0.48132609  0.13853196
   0.30786321  0.18883970  0.30221212
   0.49984773  0.49769298  0.25060071
   0.02672190  0.96281875  0.03770372
   0.07111825  0.03153755  0.14631227
   0.61935752  0.05971117  0.55265851
   0.31868746  0.81593202  0.90625976
   0.52355745  0.98132612  0.63853195
   0.30786321  0.68883967  0.80221212
   0.49984773  0.99769301  0.75060074
   0.02672190  0.46281878  0.53770371
   0.07111825  0.53153760  0.64631230
   0.11935755  0.44028881  0.94734149
   0.81868746  0.68406798  0.59374024
   0.02355742  0.51867388  0.86146805
   0.80786327  0.81116033  0.69778788
  -0.00015226  0.50230699  0.74939926
   0.52672191  0.03718123  0.96229629
   0.57111826  0.96846240  0.85368770
   0.11935755  0.94028884  0.44734146
   0.81868746  0.18406798  0.09374025
   0.02355742  0.01867390  0.36146805
   0.80786327  0.31116033  0.19778788
  -0.00015226  0.00230702  0.24939927
   0.52672191  0.53718125  0.46229626
   0.57111826  0.46846246  0.35368773
   0.11908096  0.44237654  0.05263722
   0.81654065  0.68720626  0.40540165
   0.02418515  0.51738967  0.13777160
   0.77537228  0.80084218  0.30388415
   0.00158944  0.50832942  0.25147740
   0.52535303  0.03807924  0.03792398
   0.57538434  0.96794235  0.14726445
   0.11908096  0.94237651  0.55263726
   0.81654065  0.18720628  0.90540168
   0.02418515  0.01738965  0.63777157
   0.77537228  0.30084221  0.80388412
   0.00158944  0.00832943  0.75147740
   0.52535303  0.53807924  0.53792396
   0.57538434  0.46794235  0.64726448
   0.61908094  0.55762349  0.94736274
   0.31654062  0.31279374  0.59459832
   0.52418510  0.48261036  0.86222843
   0.27537231  0.19915782  0.69611588
   0.50158948  0.49167058  0.74852260
   0.02535304  0.96192076  0.96207604
   0.07538435  0.03205762  0.85273552
   0.61908094  0.05762344  0.44736280
   0.31654062  0.81279374  0.09459833
   0.52418510  0.98261033  0.36222840
   0.27537231  0.69915782  0.19611584
   0.50158948  0.99167058  0.24852257
   0.02535304  0.46192079  0.46207604
   0.07538435  0.53205765  0.35273558
   0.33196386  0.16864650  0.50013088
   0.33196386  0.66864656  1.00013091
   0.83196386  0.83135344  0.49986909
   0.83196386  0.33135350 -0.00013091
   0.28506923  0.24318887  0.34494600
   0.28506923  0.74318887  0.84494603
   0.78506920  0.75681113  0.65505397
   0.78506920  0.25681114  0.15505398
