   0.25006388  0.24216565  0.10736997
   0.21668580  0.26982511  0.21952437
   0.25006388  0.74216565  0.60736999
   0.21668580  0.76982514  0.71952433
   0.75006385  0.75783435  0.89263001
   0.71668576  0.73017486  0.78047567
   0.75006385  0.25783435  0.39263004
   0.71668576  0.23017487  0.28047561
   0.75469681  0.76379670  0.10791532
   0.74332410  0.72243669  0.21981013
   0.75469681  0.26379673  0.60791534
   0.74332410  0.22243667  0.71981016
   0.25469682  0.23620327  0.89208466
   0.24332412  0.27756334  0.78018984
   0.25469682  0.73620330  0.39208469
   0.24332412  0.77756331  0.28018987
   0.26228096  0.24252648 -0.00005252
   0.26228096  0.74252648  0.49994748
   0.76228095  0.75747352  1.00005252
   0.76228095  0.25747352  0.50005246
   0.78413083  0.75465055  0.34645921
   0.78413083  0.25465055  0.84645921
   0.80670025  0.75419700  0.45059501
   0.80670025  0.25419700  0.95059498
   0.30670025  0.24580302  0.54940502
   0.28413086  0.24534945  0.65354079
   0.28413086  0.74534945  0.15354079
   0.30670025  0.74580300  0.04940501
   0.30596466  0.24482363  0.45087021
   0.30596466  0.74482363  0.95087021
   0.80596466  0.75517637  0.54912979
   0.80596466  0.25517637  0.04912978
   0.62392307  0.56145893  0.05273085
   0.31928807  0.31530581  0.40642057
   0.52397714  0.48470397  0.13880484
   0.30714932  0.18976069  0.30211736
   0.49875901  0.49778812  0.25059706
   0.02985067  0.96265341  0.03764865
   0.06196529  0.02517679  0.14578710
   0.62392307  0.06145894  0.55273083
   0.31928807  0.81530581  0.90642057
   0.52397714  0.98470400  0.63880482
   0.30714932  0.68976066  0.80211736
   0.49875901  0.99778815  0.75059709
   0.02985067  0.46265344  0.53764865
   0.06196529  0.52517685  0.64578713
   0.12392310  0.43854104  0.94726917
   0.81928807  0.68469419  0.59357943
   0.02397712  0.51529600  0.86119518
   0.80714938  0.81023934  0.69788264
  -0.00124098  0.50221185  0.74940291
   0.52985068  0.03734656  0.96235135
   0.56196531  0.97482315  0.85421287
   0.12392310  0.93854107  0.44726914
   0.81928807  0.18469419  0.09357944
   0.02397712  0.01529602  0.36119518
   0.80714938  0.31023934  0.19788264
  -0.00124098  0.00221188  0.24940293
   0.52985068  0.53734659  0.46235132
   0.56196531  0.47482321  0.35421290
   0.12374495  0.44060704  0.05273243
   0.81664931  0.68777059  0.40552917
   0.02440657  0.51408905  0.13796052
   0.77343422  0.79968178  0.30378343
   0.00055054  0.50836874  0.25148505
   0.52845087  0.03828449  0.03787907
   0.56630602  0.97480113  0.14678484
   0.12374495  0.94060701  0.55273248
   0.81664931  0.18777060  0.90552920
   0.02440657  0.01408902  0.63796049
   0.77343422  0.29968181  0.80378340
   0.00055054  0.00836874  0.75148505
   0.52845087  0.53828450  0.53787904
   0.56630602  0.47480113  0.64678486
   0.62374493  0.55939299  0.94726752
   0.31664928  0.31222941  0.59447080
   0.52440652  0.48591098  0.86203951
   0.27343425  0.20031822  0.69621660
   0.50055058  0.49163126  0.74851495
   0.02845087  0.96171550  0.96212096
   0.06630602  0.02519885  0.85321514
   0.62374493  0.05939294  0.44726758
   0.31664928  0.81222941  0.09447082
   0.52440652  0.98591095  0.36203948
   0.27343425  0.70031822  0.19621656
   0.50055058  0.99163126  0.24851492
   0.02845087  0.46171553  0.46212096
   0.06630602  0.52519887  0.35321519
   0.33487499  0.16799370  0.50013329
   0.33487499  0.66799376  1.00013332
   0.83487499  0.83200624  0.49986668
   0.83487499  0.33200630 -0.00013332
   0.28282251  0.24203681  0.34487651
   0.28282251  0.74203681  0.84487654
   0.78282248  0.75796319  0.65512346
   0.78282248  0.25796320  0.15512348
