   0.24975471  0.24387771  0.10722635
   0.21751730  0.26983615  0.21951967
   0.24975471  0.74387771  0.60722637
   0.21751730  0.76983618  0.71951962
   0.74975468  0.75612229  0.89277363
   0.71751725  0.73016382  0.78048038
   0.74975468  0.25612229  0.39277366
   0.71751725  0.23016384  0.28048032
   0.75432483  0.76170694  0.10773057
   0.74389096  0.72237926  0.21978646
   0.75432483  0.26170697  0.60773060
   0.74389096  0.22237924  0.71978649
   0.25432485  0.23829303  0.89226940
   0.24389098  0.27762077  0.78021351
   0.25432485  0.73829306  0.39226943
   0.24389098  0.77762074  0.28021354
   0.26007395  0.24318466 -0.00005050
   0.26007395  0.74318466  0.49994950
   0.76007394  0.75681534  1.00005050
   0.76007394  0.25681534  0.50005044
   0.78574775  0.75398009  0.34649390
   0.78574775  0.25398009  0.84649390
   0.80478066  0.75372413  0.45056813
   0.80478066  0.25372413  0.95056810
   0.30478066  0.24627589  0.54943190
   0.28574778  0.24601991  0.65350610
   0.28574778  0.74601991  0.15350610
   0.30478066  0.74627587  0.04943189
   0.30405152  0.24537130  0.45081949
   0.30405152  0.74537130  0.95081949
   0.80405152  0.75462870  0.54918051
   0.80405152  0.25462870  0.04918051
   0.62094564  0.56032009  0.05267707
   0.31888120  0.31570567  0.40632229
   0.52360496  0.48238489  0.13861959
   0.30764632  0.18911714  0.30218310
   0.49944942  0.49772321  0.25059819
   0.02781870  0.96277163  0.03768605
   0.06804890  0.02938449  0.14612238
   0.62094564  0.06032010  0.55267705
   0.31888120  0.81570567  0.90632229
   0.52360496  0.98238492  0.63861957
   0.30764632  0.68911711  0.80218310
   0.49944942  0.99772324  0.75059822
   0.02781870  0.46277166  0.53768604
   0.06804890  0.52938455  0.64612241
   0.12094567  0.43967988  0.94732295
   0.81888120  0.68429433  0.59367771
   0.02360494  0.51761508  0.86138043
   0.80764638  0.81088289  0.69781690
  -0.00055057  0.50227676  0.74940178
   0.52781870  0.03722835  0.96231396
   0.56804892  0.97061545  0.85387759
   0.12094567  0.93967991  0.44732292
   0.81888120  0.18429433  0.09367772
   0.02360494  0.01761511  0.36138043
   0.80764638  0.31088289  0.19781690
  -0.00055057  0.00227679  0.24940180
   0.52781870  0.53722837  0.46231393
   0.56804892  0.47061551  0.35387762
   0.12068832  0.44179219  0.05266772
   0.81668056  0.68740426  0.40544914
   0.02420930  0.51631503  0.13782616
   0.77459422  0.80048362  0.30385651
   0.00120900  0.50834049  0.25148084
   0.52643678  0.03814794  0.03790480
   0.57237149  0.97014138  0.14711264
   0.12068832  0.94179216  0.55266776
   0.81668056  0.18740428  0.90544916
   0.02420930  0.01631500  0.63782613
   0.77459422  0.30048365  0.80385648
   0.00120900  0.00834050  0.75148084
   0.52643678  0.53814795  0.53790477
   0.57237149  0.47014138  0.64711267
   0.62068831  0.55820784  0.94733224
   0.31668053  0.31259574  0.59455084
   0.52420925  0.48368500  0.86217387
   0.27459425  0.19951638  0.69614352
   0.50120903  0.49165951  0.74851916
   0.02643678  0.96185205  0.96209523
   0.07237150  0.02985860  0.85288733
   0.62068831  0.05820780  0.44733230
   0.31668053  0.81259574  0.09455085
   0.52420925  0.98368497  0.36217384
   0.27459425  0.69951638  0.19614347
   0.50120903  0.99165951  0.24851913
   0.02643678  0.46185208  0.46209523
   0.07237150  0.52985862  0.35288739
   0.33300339  0.16842953  0.50013194
   0.33300339  0.66842959  1.00013196
   0.83300339  0.83157041  0.49986804
   0.83300339  0.33157047 -0.00013196
   0.28426994  0.24279248  0.34492550
   0.28426994  0.74279248  0.84492553
   0.78426991  0.75720752  0.65507447
   0.78426991  0.25720753  0.15507449
