   0.24976070  0.24386465  0.10722762
   0.21751355  0.26983818  0.21952021
   0.24976070  0.74386465  0.60722764
   0.21751355  0.76983821  0.71952016
   0.74976067  0.75613535  0.89277236
   0.71751351  0.73016179  0.78047984
   0.74976067  0.25613535  0.39277239
   0.71751351  0.23016181  0.28047978
   0.75433472  0.76172294  0.10773207
   0.74388825  0.72238085  0.21978772
   0.75433472  0.26172297  0.60773209
   0.74388825  0.22238083  0.71978775
   0.25433474  0.23827703  0.89226791
   0.24388826  0.27761918  0.78021225
   0.25433474  0.73827706  0.39226794
   0.24388826  0.77761915  0.28021228
   0.26008809  0.24317134 -0.00005061
   0.26008809  0.74317134  0.49994939
   0.76008807  0.75682866  1.00005061
   0.76008807  0.25682866  0.50005055
   0.78575019  0.75398154  0.34649231
   0.78575019  0.25398154  0.84649231
   0.80476838  0.75372317  0.45057063
   0.80476838  0.25372317  0.95057060
   0.30476838  0.24627685  0.54942940
   0.28575022  0.24601846  0.65350769
   0.28575022  0.74601846  0.15350769
   0.30476838  0.74627683  0.04942939
   0.30403786  0.24536986  0.45082285
   0.30403786  0.74536986  0.95082285
   0.80403786  0.75463014  0.54917715
   0.80403786  0.25463014  0.04917714
   0.62098903  0.56033168  0.05267712
   0.31888873  0.31570158  0.40632171
   0.52362100  0.48241023  0.13862256
   0.30764306  0.18913031  0.30218551
   0.49943537  0.49772944  0.25059772
   0.02786209  0.96276467  0.03768570
   0.06793716  0.02933422  0.14611816
   0.62098903  0.06033169  0.55267709
   0.31888873  0.81570158  0.90632171
   0.52362100  0.98241026  0.63862254
   0.30764306  0.68913028  0.80218551
   0.49943537  0.99772947  0.75059775
   0.02786209  0.46276470  0.53768570
   0.06793716  0.52933427  0.64611819
   0.12098906  0.43966829  0.94732291
   0.81888873  0.68429842  0.59367829
   0.02362098  0.51758974  0.86137746
   0.80764312  0.81086972  0.69781449
  -0.00056461  0.50227053  0.74940225
   0.52786209  0.03723531  0.96231430
   0.56793717  0.97066573  0.85388181
   0.12098906  0.93966832  0.44732288
   0.81888873  0.18429842  0.09367830
   0.02362098  0.01758976  0.36137746
   0.80764312  0.31086972  0.19781449
  -0.00056461  0.00227056  0.24940227
   0.52786209  0.53723533  0.46231427
   0.56793717  0.47066579  0.35388184
   0.12073156  0.44177898  0.05266811
   0.81668681  0.68740772  0.40545074
   0.02420617  0.51626950  0.13782791
   0.77457417  0.80045869  0.30386002
   0.00119641  0.50834893  0.25148094
   0.52648009  0.03815569  0.03790461
   0.57229135  0.97023024  0.14711007
   0.12073156  0.94177895  0.55266815
   0.81668681  0.18740773  0.90545077
   0.02420617  0.01626947  0.63782788
   0.77457417  0.30045872  0.80385999
   0.00119641  0.00834893  0.75148094
   0.52648009  0.53815570  0.53790459
   0.57229135  0.47023024  0.64711010
   0.62073154  0.55822105  0.94733185
   0.31668678  0.31259228  0.59454923
   0.52420611  0.48373053  0.86217212
   0.27457420  0.19954131  0.69614001
   0.50119644  0.49165107  0.74851906
   0.02648009  0.96184430  0.96209541
   0.07229136  0.02976974  0.85288990
   0.62073154  0.05822101  0.44733191
   0.31668678  0.81259228  0.09454925
   0.52420611  0.98373050  0.36217209
   0.27457420  0.69954131  0.19613996
   0.50119644  0.99165107  0.24851903
   0.02648009  0.46184433  0.46209541
   0.07229136  0.52976976  0.35288996
   0.33303748  0.16842214  0.50013199
   0.33303748  0.66842220  1.00013202
   0.83303748  0.83157780  0.49986798
   0.83303748  0.33157786 -0.00013202
   0.28427760  0.24280157  0.34492801
   0.28427760  0.74280157  0.84492804
   0.78427757  0.75719843  0.65507196
   0.78427757  0.25719844  0.15507197
