   0.24960256  0.24628318  0.10705034
   0.21939252  0.26976234  0.21953315
   0.24960256  0.74628318  0.60705035
   0.21939252  0.76976237  0.71953311
   0.74960253  0.75371682  0.89294965
   0.71939247  0.73023763  0.78046689
   0.74960253  0.25371682  0.39294968
   0.71939247  0.23023764  0.28046683
   0.75413817  0.75807242  0.10743954
   0.74474570  0.72225645  0.21973532
   0.75413817  0.25807245  0.60743956
   0.74474570  0.22225644  0.71973535
   0.25413818  0.24192755  0.89256044
   0.24474572  0.27774358  0.78026465
   0.25413818  0.74192758  0.39256047
   0.24474572  0.77774355  0.28026468
   0.25612236  0.24427234 -0.00002929
   0.25612236  0.74427234  0.49997071
   0.75612235  0.75572766  1.00002929
   0.75612235  0.25572766  0.50002923
   0.78871638  0.75280229  0.34652636
   0.78871638  0.25280229  0.84652636
   0.80124038  0.75301620  0.45049393
   0.80124038  0.25301620  0.95049390
   0.30124038  0.24698381  0.54950610
   0.28871641  0.24719771  0.65347364
   0.28871641  0.74719771  0.15347364
   0.30124038  0.74698380  0.04950609
   0.30060839  0.24635909  0.45070431
   0.30060839  0.74635909  0.95070431
   0.80060839  0.75364091  0.54929569
   0.80060839  0.25364091  0.04929568
   0.61562770  0.55825223  0.05263318
   0.31836604  0.31648786  0.40612393
   0.52370728  0.47926036  0.13833981
   0.30811267  0.18832024  0.30226454
   0.50077535  0.49762232  0.25061706
   0.02417345  0.96292446  0.03774413
   0.07787466  0.03613758  0.14677373
   0.61562770  0.05825224  0.55263316
   0.31836604  0.81648786  0.90612393
   0.52370728  0.97926039  0.63833980
   0.30811267  0.68832021  0.80226454
   0.50077535  0.99762235  0.75061709
   0.02417345  0.46292449  0.53774412
   0.07787466  0.53613763  0.64677376
   0.11562773  0.44174774  0.94736684
   0.81836604  0.68351214  0.59387607
   0.02370725  0.52073961  0.86166020
   0.80811273  0.81167979  0.69773546
   0.00077537  0.50237765  0.74938291
   0.52417346  0.03707551  0.96225588
   0.57787467  0.96386237  0.85322624
   0.11562773  0.94174777  0.44736681
   0.81836604  0.18351214  0.09387608
   0.02370725  0.02073963  0.36166020
   0.80811273  0.31167979  0.19773546
   0.00077537  0.00237768  0.24938292
   0.52417346  0.53707554  0.46225585
   0.57787467  0.46386243  0.35322627
   0.11535308  0.44365643  0.05257963
   0.81596126  0.68678430  0.40529398
   0.02435615  0.51962331  0.13768476
   0.77766111  0.80164588  0.30393569
   0.00245767  0.50827994  0.25147291
   0.52283357  0.03786290  0.03798166
   0.58180797  0.96328845  0.14756780
   0.11535308  0.94365640  0.55257967
   0.81596126  0.18678432  0.90529401
   0.02435615  0.01962328  0.63768473
   0.77766111  0.30164591  0.80393566
   0.00245767  0.00827995  0.75147291
   0.52283357  0.53786291  0.53798163
   0.58180797  0.46328845  0.64756783
   0.61535307  0.55634360  0.94742033
   0.31596123  0.31321570  0.59470599
   0.52435610  0.48037672  0.86231527
   0.27766114  0.19835412  0.69606434
   0.50245771  0.49172006  0.74852709
   0.02283358  0.96213709  0.96201837
   0.08180798  0.03671153  0.85243217
   0.61535307  0.05634355  0.44742039
   0.31596123  0.81321570  0.09470600
   0.52435610  0.98037669  0.36231524
   0.27766114  0.69835412  0.19606430
   0.50245771  0.99172006  0.24852706
   0.02283358  0.46213712  0.46201837
   0.08180798  0.53671155  0.35243223
   0.32953127  0.16913969  0.50012742
   0.32953127  0.66913975  1.00012745
   0.82953127  0.83086025  0.49987255
   0.82953127  0.33086031 -0.00012745
   0.28683412  0.24404914  0.34496058
   0.28683412  0.74404914  0.84496061
   0.78683409  0.75595086  0.65503939
   0.78683409  0.25595088  0.15503940
