   0.24958765  0.24666672  0.10701841
   0.21980672  0.26975304  0.21953656
   0.24958765  0.74666672  0.60701842
   0.21980672  0.76975307  0.71953651
   0.74958762  0.75333328  0.89298158
   0.71980667  0.73024693  0.78046349
   0.74958762  0.25333328  0.39298160
   0.71980667  0.23024694  0.28046343
   0.75417949  0.75732317  0.10738040
   0.74484130  0.72216975  0.21971679
   0.75417949  0.25732320  0.60738042
   0.74484130  0.22216974  0.71971682
   0.25417951  0.24267680  0.89261958
   0.24484131  0.27783028  0.78028318
   0.25417951  0.74267683  0.39261961
   0.24484131  0.77783025  0.28028321
   0.25528649  0.24447087 -0.00002331
   0.25528649  0.74447087  0.49997669
   0.75528648  0.75552913  1.00002331
   0.75528648  0.25552913  0.50002325
   0.78937680  0.75258330  0.34655020
   0.78937680  0.25258330  0.84655020
   0.80047606  0.75289148  0.45047900
   0.80047606  0.25289148  0.95047897
   0.30047606  0.24710854  0.54952103
   0.28937683  0.24741670  0.65344980
   0.28937683  0.74741670  0.15344980
   0.30047606  0.74710852  0.04952102
   0.29987136  0.24657233  0.45068101
   0.29987136  0.74657233  0.95068101
   0.79987136  0.75342767  0.54931899
   0.79987136  0.25342767  0.04931899
   0.61449072  0.55781165  0.05262788
   0.31830805  0.31669745  0.40607660
   0.52385275  0.47866918  0.13829049
   0.30810902  0.18815792  0.30226405
   0.50103908  0.49760216  0.25062524
   0.02338870  0.96293915  0.03775352
   0.07984022  0.03744341  0.14692377
   0.61449072  0.05781166  0.55262785
   0.31830805  0.81669745  0.90607660
   0.52385275  0.97866921  0.63829048
   0.30810902  0.68815790  0.80226405
   0.50103908  0.99760219  0.75062527
   0.02338870  0.46293918  0.53775351
   0.07984022  0.53744347  0.64692380
   0.11449075  0.44218832  0.94737215
   0.81830805  0.68330255  0.59392340
   0.02385272  0.52133079  0.86170952
   0.80810908  0.81184210  0.69773595
   0.00103910  0.50239781  0.74937473
   0.52338870  0.03706083  0.96224649
   0.57984024  0.96255653  0.85307620
   0.11449075  0.94218835  0.44737212
   0.81830805  0.18330255  0.09392342
   0.02385272  0.02133081  0.36170952
   0.80810908  0.31184210  0.19773595
   0.00103910  0.00239784  0.24937474
   0.52338870  0.53706085  0.46224646
   0.57984024  0.46255659  0.35307623
   0.11422744  0.44401875  0.05256407
   0.81575089  0.68665300  0.40525451
   0.02446383  0.52021494  0.13767509
   0.77850324  0.80190233  0.30394878
   0.00270630  0.50825437  0.25147294
   0.52204871  0.03780216  0.03799947
   0.58368356  0.96199249  0.14765607
   0.11422744  0.94401872  0.55256411
   0.81575089  0.18665301  0.90525454
   0.02446383  0.02021491  0.63767506
   0.77850324  0.30190236  0.80394875
   0.00270630  0.00825437  0.75147294
   0.52204871  0.53780216  0.53799944
   0.58368356  0.46199249  0.64765610
   0.61422742  0.55598128  0.94743589
   0.31575086  0.31334700  0.59474546
   0.52446377  0.47978509  0.86232494
   0.27850327  0.19809767  0.69605125
   0.50270634  0.49174563  0.74852706
   0.02204872  0.96219784  0.96200056
   0.08368356  0.03800749  0.85234390
   0.61422742  0.05598123  0.44743595
   0.31575086  0.81334700  0.09474547
   0.52446377  0.97978506  0.36232491
   0.27850327  0.69809767  0.19605121
   0.50270634  0.99174563  0.24852703
   0.02204872  0.46219787  0.46200056
   0.08368356  0.53800751  0.35234396
   0.32879524  0.16927184  0.50012619
   0.32879524  0.66927190  1.00012622
   0.82879524  0.83072810  0.49987378
   0.82879524  0.33072816 -0.00012622
   0.28736622  0.24435160  0.34497456
   0.28736622  0.74435160  0.84497459
   0.78736619  0.75564840  0.65502541
   0.78736619  0.25564842  0.15502542
