   0.25008557  0.24206797  0.10737761
   0.21664619  0.26982629  0.21952467
   0.25008557  0.74206797  0.60737762
   0.21664619  0.76982632  0.71952462
   0.75008554  0.75793203  0.89262238
   0.71664614  0.73017368  0.78047538
   0.75008554  0.25793203  0.39262241
   0.71664614  0.23017369  0.28047532
   0.75472066  0.76390584  0.10792377
   0.74329277  0.72243563  0.21981177
   0.75472066  0.26390587  0.60792379
   0.74329277  0.22243562  0.71981180
   0.25472068  0.23609413  0.89207621
   0.24329278  0.27756440  0.78018820
   0.25472068  0.73609416  0.39207624
   0.24329278  0.77756437  0.28018823
   0.26240005  0.24249609 -0.00005229
   0.26240005  0.74249609  0.49994771
   0.76240003  0.75750391  1.00005229
   0.76240003  0.25750391  0.50005223
   0.78403641  0.75469642  0.34645220
   0.78403641  0.25469642  0.84645220
   0.80681418  0.75422554  0.45060501
   0.80681418  0.25422554  0.95060498
   0.30681418  0.24577448  0.54939502
   0.28403644  0.24530358  0.65354780
   0.28403644  0.74530358  0.15354780
   0.30681418  0.74577446  0.04939501
   0.30608113  0.24478986  0.45088230
   0.30608113  0.74478986  0.95088230
   0.80608113  0.75521014  0.54911770
   0.80608113  0.25521014  0.04911769
   0.62407656  0.56151583  0.05273343
   0.31931443  0.31529696  0.40642154
   0.52399976  0.48483262  0.13881533
   0.30712081  0.18979893  0.30211684
   0.49872962  0.49779201  0.25059691
   0.02996121  0.96264169  0.03764672
   0.06163960  0.02496276  0.14576978
   0.62407656  0.06151584  0.55273341
   0.31931443  0.81529696  0.90642154
   0.52399976  0.98483265  0.63881531
   0.30712081  0.68979890  0.80211684
   0.49872962  0.99779204  0.75059694
   0.02996121  0.46264172  0.53764672
   0.06163960  0.52496281  0.64576981
   0.12407659  0.43848414  0.94726659
   0.81931443  0.68470304  0.59357846
   0.02399974  0.51516735  0.86118469
   0.80712087  0.81020110  0.69788316
  -0.00127036  0.50220796  0.74940306
   0.52996122  0.03735829  0.96235328
   0.56163961  0.97503719  0.85423019
   0.12407659  0.93848417  0.44726656
   0.81931443  0.18470304  0.09357847
   0.02399974  0.01516738  0.36118469
   0.80712087  0.31020110  0.19788316
  -0.00127036  0.00220799  0.24940308
   0.52996122  0.53735831  0.46235325
   0.56163961  0.47503725  0.35423022
   0.12390795  0.44054647  0.05273523
   0.81664054  0.68778103  0.40553108
   0.02441407  0.51396869  0.13796837
   0.77338625  0.79963211  0.30378748
   0.00052001  0.50836959  0.25148487
   0.52855708  0.03829363  0.03787824
   0.56598125  0.97505653  0.14676558
   0.12390795  0.94054644  0.55273527
   0.81664054  0.18778105  0.90553111
   0.02441407  0.01396866  0.63796834
   0.77338625  0.29963214  0.80378745
   0.00052001  0.00836960  0.75148487
   0.52855708  0.53829364  0.53787821
   0.56598125  0.47505653  0.64676561
   0.62390794  0.55945356  0.94726473
   0.31664051  0.31221897  0.59446889
   0.52441402  0.48603134  0.86203166
   0.27338628  0.20036789  0.69621255
   0.50052005  0.49163041  0.74851513
   0.02855708  0.96170636  0.96212179
   0.06598126  0.02494345  0.85323439
   0.62390794  0.05945351  0.44726479
   0.31664051  0.81221897  0.09446890
   0.52441402  0.98603131  0.36203163
   0.27338628  0.70036789  0.19621251
   0.50052005  0.99163041  0.24851510
   0.02855708  0.46170639  0.46212179
   0.06598126  0.52494347  0.35323445
   0.33497229  0.16797323  0.50013355
   0.33497229  0.66797329  1.00013358
   0.83497229  0.83202671  0.49986642
   0.83497229  0.33202677 -0.00013358
   0.28270146  0.24197940  0.34487577
   0.28270146  0.74197940  0.84487580
   0.78270143  0.75802060  0.65512420
   0.78270143  0.25802061  0.15512422
