   0.25014041  0.24185028  0.10739712
   0.21654842  0.26982048  0.21952575
   0.25014041  0.74185028  0.60739713
   0.21654842  0.76982051  0.71952571
   0.75014038  0.75814972  0.89260287
   0.71654838  0.73017949  0.78047429
   0.75014038  0.25814972  0.39260290
   0.71654838  0.23017951  0.28047423
   0.75477734  0.76415779  0.10794574
   0.74322400  0.72243258  0.21981444
   0.75477734  0.26415782  0.60794576
   0.74322400  0.22243257  0.71981447
   0.25477735  0.23584218  0.89205424
   0.24322401  0.27756745  0.78018553
   0.25477735  0.73584221  0.39205427
   0.24322401  0.77756742  0.28018556
   0.26267355  0.24242016 -0.00005162
   0.26267355  0.74242016  0.49994838
   0.76267353  0.75757984  1.00005162
   0.76267353  0.25757984  0.50005156
   0.78383709  0.75476119  0.34645594
   0.78383709  0.25476119  0.84645594
   0.80703960  0.75428858  0.45060868
   0.80703960  0.25428858  0.95060865
   0.30703960  0.24571143  0.54939135
   0.28383712  0.24523881  0.65354406
   0.28383712  0.74523881  0.15354406
   0.30703960  0.74571142  0.04939134
   0.30630887  0.24471979  0.45088857
   0.30630887  0.74471979  0.95088857
   0.80630887  0.75528021  0.54911143
   0.80630887  0.25528021  0.04911142
   0.62444434  0.56165557  0.05274022
   0.31936754  0.31524732  0.40643540
   0.52405884  0.48516995  0.13883714
   0.30704710  0.18989106  0.30210886
   0.49865742  0.49779962  0.25059713
   0.03021550  0.96262529  0.03764108
   0.06086561  0.02442399  0.14572787
   0.62444434  0.06165558  0.55274020
   0.31936754  0.81524732  0.90643540
   0.52405884  0.98516998  0.63883713
   0.30704710  0.68989103  0.80210886
   0.49865742  0.99779965  0.75059716
   0.03021550  0.46262532  0.53764107
   0.06086561  0.52442405  0.64572790
   0.12444437  0.43834440  0.94725980
   0.81936754  0.68475268  0.59356460
   0.02405882  0.51483002  0.86116287
   0.80704716  0.81010897  0.69789114
  -0.00134257  0.50220035  0.74940284
   0.53021550  0.03737468  0.96235893
   0.56086562  0.97557595  0.85427210
   0.12444437  0.93834443  0.44725977
   0.81936754  0.18475268  0.09356462
   0.02405882  0.01483004  0.36116287
   0.80704716  0.31010897  0.19789114
  -0.00134257  0.00220038  0.24940286
   0.53021550  0.53737471  0.46235890
   0.56086562  0.47557601  0.35427213
   0.12429250  0.44039761  0.05274208
   0.81660298  0.68782915  0.40554224
   0.02445633  0.51368889  0.13798475
   0.77326248  0.79950737  0.30378330
   0.00044672  0.50836880  0.25148417
   0.52880734  0.03830893  0.03787549
   0.56517754  0.97567494  0.14671736
   0.12429250  0.94039758  0.55274212
   0.81660298  0.18782917  0.90554227
   0.02445633  0.01368886  0.63798472
   0.77326248  0.29950740  0.80378327
   0.00044672  0.00836881  0.75148417
   0.52880734  0.53830894  0.53787546
   0.56517754  0.47567494  0.64671739
   0.62429249  0.55960242  0.94725788
   0.31660295  0.31217085  0.59445773
   0.52445628  0.48631114  0.86201528
   0.27326251  0.20049263  0.69621673
   0.50044675  0.49163120  0.74851583
   0.02880734  0.96169106  0.96212454
   0.06517755  0.02432504  0.85328261
   0.62429249  0.05960238  0.44725794
   0.31660295  0.81217085  0.09445774
   0.52445628  0.98631111  0.36201525
   0.27326251  0.70049263  0.19621668
   0.50044675  0.99163120  0.24851580
   0.02880734  0.46169109  0.46212454
   0.06517755  0.52432506  0.35328267
   0.33520028  0.16792104  0.50013377
   0.33520028  0.66792110  1.00013379
   0.83520028  0.83207890  0.49986621
   0.83520028  0.33207896 -0.00013379
   0.28254805  0.24190151  0.34487291
   0.28254805  0.74190151  0.84487294
   0.78254802  0.75809849  0.65512706
   0.78254802  0.25809850  0.15512708
