   0.25014664  0.24181391  0.10739757
   0.21653276  0.26982345  0.21952446
   0.25014664  0.74181391  0.60739758
   0.21653276  0.76982348  0.71952441
   0.75014661  0.75818609  0.89260242
   0.71653272  0.73017652  0.78047559
   0.75014661  0.25818609  0.39260244
   0.71653272  0.23017654  0.28047553
   0.75478075  0.76419880  0.10794665
   0.74321402  0.72242983  0.21981334
   0.75478075  0.26419883  0.60794668
   0.74321402  0.22242981  0.71981337
   0.25478077  0.23580117  0.89205332
   0.24321403  0.27757020  0.78018663
   0.25478077  0.73580120  0.39205335
   0.24321403  0.77757017  0.28018666
   0.26271255  0.24240509 -0.00005153
   0.26271255  0.74240509  0.49994847
   0.76271253  0.75759491  1.00005153
   0.76271253  0.25759491  0.50005147
   0.78380802  0.75477496  0.34645552
   0.78380802  0.25477496  0.84645552
   0.80708065  0.75429310  0.45061001
   0.80708065  0.25429310  0.95060998
   0.30708065  0.24570691  0.54939002
   0.28380805  0.24522504  0.65354448
   0.28380805  0.74522504  0.15354448
   0.30708065  0.74570690  0.04939001
   0.30635094  0.24471324  0.45089007
   0.30635094  0.74471324  0.95089007
   0.80635094  0.75528676  0.54910993
   0.80635094  0.25528676  0.04910992
   0.62448846  0.56167687  0.05274134
   0.31937474  0.31524133  0.40643556
   0.52407564  0.48519812  0.13884040
   0.30703954  0.18990066  0.30210754
   0.49864614  0.49780155  0.25059727
   0.03023819  0.96262914  0.03763990
   0.06077122  0.02436540  0.14572379
   0.62448846  0.06167688  0.55274132
   0.31937474  0.81524133  0.90643556
   0.52407564  0.98519815  0.63884039
   0.30703954  0.68990063  0.80210754
   0.49864614  0.99780158  0.75059730
   0.03023819  0.46262917  0.53763989
   0.06077122  0.52436546  0.64572382
   0.12448849  0.43832310  0.94725868
   0.81937474  0.68475867  0.59356444
   0.02407562  0.51480185  0.86115961
   0.80703960  0.81009937  0.69789246
  -0.00135384  0.50219842  0.74940270
   0.53023820  0.03737084  0.96236011
   0.56077124  0.97563454  0.85427618
   0.12448849  0.93832313  0.44725865
   0.81937474  0.18475867  0.09356445
   0.02407562  0.01480187  0.36115961
   0.80703960  0.31009937  0.19789246
  -0.00135384  0.00219845  0.24940272
   0.53023820  0.53737086  0.46236008
   0.56077124  0.47563460  0.35427621
   0.12433330  0.44037016  0.05274314
   0.81659937  0.68783282  0.40554205
   0.02445653  0.51365202  0.13798734
   0.77324973  0.79949527  0.30378231
   0.00043824  0.50837098  0.25148481
   0.52883300  0.03830830  0.03787470
   0.56509028  0.97575600  0.14671230
   0.12433330  0.94037013  0.55274318
   0.81659937  0.18783283  0.90554207
   0.02445653  0.01365200  0.63798731
   0.77324973  0.29949530  0.80378228
   0.00043824  0.00837098  0.75148481
   0.52883300  0.53830831  0.53787467
   0.56509028  0.47575600  0.64671233
   0.62433329  0.55962987  0.94725682
   0.31659934  0.31216718  0.59445793
   0.52445647  0.48634801  0.86201269
   0.27324976  0.20050473  0.69621772
   0.50043828  0.49162902  0.74851519
   0.02883301  0.96169169  0.96212533
   0.06509028  0.02424397  0.85328767
   0.62433329  0.05962982  0.44725688
   0.31659934  0.81216718  0.09445794
   0.52445647  0.98634798  0.36201266
   0.27324976  0.70050473  0.19621767
   0.50043828  0.99162902  0.24851516
   0.02883301  0.46169172  0.46212533
   0.06509028  0.52424400  0.35328773
   0.33522696  0.16791411  0.50013355
   0.33522696  0.66791417  1.00013358
   0.83522696  0.83208583  0.49986642
   0.83522696  0.33208589 -0.00013358
   0.28251214  0.24188173  0.34487336
   0.28251214  0.74188173  0.84487339
   0.78251211  0.75811827  0.65512661
   0.78251211  0.25811828  0.15512663
