   0.25103576  0.24938099  0.10706376
   0.22600676  0.26965676  0.21982318
   0.25103576  0.74938099  0.60706377
   0.22600676  0.76965679  0.71982314
   0.75103573  0.75061901  0.89293623
   0.72600672  0.73034321  0.78017686
   0.75103573  0.25061901  0.39293625
   0.72600672  0.23034323  0.28017680
   0.75657495  0.75121686  0.10723975
   0.74361764  0.72053344  0.21945398
   0.75657495  0.25121689  0.60723977
   0.74361764  0.22053343  0.71945401
   0.25657497  0.24878311  0.89276023
   0.24361766  0.27946659  0.78054599
   0.25657497  0.74878314  0.39276026
   0.24361766  0.77946656  0.28054602
   0.24811079  0.24618048  0.00020925
   0.24811079  0.74618048  0.50020925
   0.74811077  0.75381952  0.99979075
   0.74811077  0.25381952  0.49979069
   0.79554395  0.75107470  0.34642032
   0.79554395  0.25107470  0.84642032
   0.79466512  0.75181212  0.45010112
   0.79466512  0.25181212  0.95010109
   0.29466512  0.24818789  0.54989891
   0.29554398  0.24892530  0.65357968
   0.29554398  0.74892530  0.15357968
   0.29466512  0.74818788  0.04989890
   0.29389147  0.24807035  0.45020577
   0.29389147  0.74807035  0.95020577
   0.79389147  0.75192965  0.54979423
   0.79389147  0.25192965  0.04979422
   0.60564747  0.55471804  0.05293469
   0.31715142  0.31784445  0.40542442
   0.52613533  0.47479718  0.13790242
   0.30213430  0.18553715  0.30220927
   0.50206403  0.49737410  0.25083836
   0.01619398  0.96246709  0.03803099
   0.09630555  0.04715184  0.14846516
   0.60564747  0.05471805  0.55293467
   0.31715142  0.81784445  0.90542442
   0.52613533  0.97479721  0.63790240
   0.30213430  0.68553712  0.80220927
   0.50206403  0.99737413  0.75083839
   0.01619398  0.46246712  0.53803098
   0.09630555  0.54715189  0.64846519
   0.10564750  0.44528193  0.94706533
   0.81715142  0.68215555  0.59457558
   0.02613531  0.52520279  0.86209760
   0.80213436  0.81446288  0.69779073
   0.00206405  0.50262587  0.74916161
   0.51619398  0.03753288  0.96196902
   0.59630557  0.95284811  0.85153481
   0.10564750  0.94528196  0.44706530
   0.81715142  0.18215555  0.09457560
   0.02613531  0.02520281  0.36209760
   0.80213436  0.31446288  0.19779073
   0.00206405  0.00262590  0.24916163
   0.51619398  0.53753291  0.46196899
   0.59630557  0.45284817  0.35153484
   0.10594181  0.44616490  0.05268651
   0.81370731  0.68524534  0.40468974
   0.02679554  0.52415141  0.13783764
   0.78694378  0.80567155  0.30386095
   0.00313329  0.50729903  0.25149609
   0.51457149  0.03844498  0.03839922
   0.59930092  0.95082860  0.14869454
   0.10594181  0.94616487  0.55268655
   0.81370731  0.18524535  0.90468976
   0.02679554  0.02415138  0.63783761
   0.78694378  0.30567158  0.80386092
   0.00313329  0.00729904  0.75149609
   0.51457149  0.53844499  0.53839919
   0.59930092  0.45082860  0.64869457
   0.60594179  0.55383513  0.94731345
   0.31370728  0.31475466  0.59531024
   0.52679548  0.47584862  0.86216239
   0.28694381  0.19432845  0.69613908
   0.50313332  0.49270097  0.74850391
   0.01457150  0.96155501  0.96160081
   0.09930092  0.04917137  0.85130543
   0.60594179  0.05383508  0.44731351
   0.31370728  0.81475466  0.09531025
   0.52679548  0.97584859  0.36216236
   0.28694381  0.69432845  0.19613903
   0.50313332  0.99270097  0.24850388
   0.01457150  0.46155504  0.46160081
   0.09930092  0.54917140  0.35130549
   0.32256191  0.16975788  0.50012518
   0.32256191  0.66975794  1.00012521
   0.82256191  0.83024206  0.49987479
   0.82256191  0.33024212 -0.00012521
   0.29196527  0.24697333  0.34481939
   0.29196527  0.74697333  0.84481942
   0.79196524  0.75302667  0.65518058
   0.79196524  0.25302668  0.15518059
