   0.25160602  0.24972904  0.10713174
   0.22739364  0.26985234  0.21988339
   0.25160602  0.74972904  0.60713176
   0.22739364  0.76985237  0.71988335
   0.75160599  0.75027096  0.89286824
   0.72739359  0.73014763  0.78011665
   0.75160599  0.25027096  0.39286827
   0.72739359  0.23014765  0.28011659
   0.75697812  0.75059831  0.10729466
   0.74289849  0.72012061  0.21940106
   0.75697812  0.25059834  0.60729468
   0.74289849  0.22012060  0.71940109
   0.25697813  0.24940166  0.89270532
   0.24289850  0.27987942  0.78059891
   0.25697813  0.74940169  0.39270535
   0.24289850  0.77987939  0.28059894
   0.24701373  0.24613814  0.00035984
   0.24701373  0.74613814  0.50035984
   0.74701372  0.75386186  0.99964016
   0.74701372  0.25386186  0.49964010
   0.79635207  0.75090454  0.34637789
   0.79635207  0.25090454  0.84637789
   0.79404351  0.75172241  0.44997970
   0.79404351  0.25172241  0.94997967
   0.29404351  0.24827761  0.55002033
   0.29635210  0.24909546  0.65362211
   0.29635210  0.74909546  0.15362211
   0.29404351  0.74827759  0.05002031
   0.29303900  0.24810050  0.45004472
   0.29303900  0.74810050  0.95004472
   0.79303900  0.75189950  0.54995528
   0.79303900  0.25189950  0.04995527
   0.60455232  0.55437818  0.05315045
   0.31688144  0.31792109  0.40524475
   0.52661170  0.47446147  0.13782047
   0.30020098  0.18440970  0.30226506
   0.50202543  0.49722944  0.25092361
   0.01491245  0.96211205  0.03811544
   0.09868382  0.04841687  0.14876200
   0.60455232  0.05437819  0.55315043
   0.31688144  0.81792109  0.90524475
   0.52661170  0.97446150  0.63782045
   0.30020098  0.68440967  0.80226506
   0.50202543  0.99722947  0.75092364
   0.01491245  0.46211208  0.53811543
   0.09868382  0.54841692  0.64876203
   0.10455235  0.44562179  0.94684957
   0.81688144  0.68207891  0.59475525
   0.02661167  0.52553850  0.86217955
   0.80020104  0.81559033  0.69773494
   0.00202545  0.50277053  0.74907636
   0.51491245  0.03788793  0.96188457
   0.59868384  0.95158308  0.85123797
   0.10455235  0.94562182  0.44684954
   0.81688144  0.18207891  0.09475527
   0.02661167  0.02553852  0.36217955
   0.80020104  0.31559033  0.19773494
   0.00202545  0.00277056  0.24907637
   0.51491245  0.53788795  0.46188454
   0.59868384  0.45158314  0.35123800
   0.10523396  0.44603979  0.05279388
   0.81393692  0.68474432  0.40455901
   0.02745807  0.52451917  0.13783881
   0.78829455  0.80708633  0.30383475
   0.00290359  0.50705723  0.25147503
   0.51307257  0.03910799  0.03853871
   0.60156494  0.94901568  0.14898606
   0.10523396  0.94603976  0.55279392
   0.81393692  0.18474433  0.90455904
   0.02745807  0.02451914  0.63783878
   0.78829455  0.30708636  0.80383472
   0.00290359  0.00705723  0.75147503
   0.51307257  0.53910800  0.53853868
   0.60156494  0.44901568  0.64898609
   0.60523395  0.55396024  0.94720608
   0.31393689  0.31525568  0.59544096
   0.52745801  0.47548086  0.86216122
   0.28829458  0.19291367  0.69616528
   0.50290362  0.49294277  0.74852497
   0.01307258  0.96089200  0.96146132
   0.10156494  0.05098430  0.85101391
   0.60523395  0.05396020  0.44720614
   0.31393689  0.81525568  0.09544098
   0.52745801  0.97548083  0.36216119
   0.28829458  0.69291367  0.19616524
   0.50290362  0.99294277  0.24852494
   0.01307258  0.46089203  0.46146132
   0.10156494  0.55098432  0.35101397
   0.32181008  0.16928215  0.50012883
   0.32181008  0.66928221  1.00012886
   0.82181008  0.83071779  0.49987114
   0.82181008  0.33071785 -0.00012886
   0.29253243  0.24737860  0.34481750
   0.29253243  0.74737860  0.84481753
   0.79253240  0.75262140  0.65518247
   0.79253240  0.25262142  0.15518248
