   0.24997679  0.24251048  0.10734435
   0.21682225  0.26983677  0.21952543
   0.24997679  0.74251048  0.60734436
   0.21682225  0.76983680  0.71952539
   0.74997676  0.75748952  0.89265564
   0.71682221  0.73016320  0.78047461
   0.74997676  0.25748952  0.39265567
   0.71682221  0.23016322  0.28047455
   0.75461972  0.76340560  0.10788393
   0.74342828  0.72241768  0.21980873
   0.75461972  0.26340563  0.60788396
   0.74342828  0.22241766  0.71980876
   0.25461974  0.23659437  0.89211604
   0.24342829  0.27758235  0.78019124
   0.25461974  0.73659440  0.39211607
   0.24342829  0.77758232  0.28019127
   0.26187234  0.24265379 -0.00005300
   0.26187234  0.74265379  0.49994700
   0.76187233  0.75734621  1.00005300
   0.76187233  0.25734621  0.50005294
   0.78443802  0.75451792  0.34646779
   0.78443802  0.25451792  0.84646779
   0.80632666  0.75410998  0.45059635
   0.80632666  0.25410998  0.95059632
   0.30632666  0.24589003  0.54940368
   0.28443805  0.24548208  0.65353221
   0.28443805  0.74548208  0.15353221
   0.30632666  0.74589002  0.04940366
   0.30558733  0.24491845  0.45086748
   0.30558733  0.74491845  0.95086748
   0.80558733  0.75508155  0.54913252
   0.80558733  0.25508155  0.04913252
   0.62337523  0.56125187  0.05271988
   0.31921016  0.31538670  0.40639894
   0.52386828  0.48423879  0.13876961
   0.30724693  0.18962222  0.30213340
   0.49888933  0.49777653  0.25059683
   0.02948687  0.96267553  0.03765697
   0.06313302  0.02598603  0.14585078
   0.62337523  0.06125188  0.55271985
   0.31921016  0.81538670  0.90639894
   0.52386828  0.98423882  0.63876960
   0.30724693  0.68962219  0.80213340
   0.49888933  0.99777656  0.75059686
   0.02948687  0.46267556  0.53765696
   0.06313302  0.52598608  0.64585081
   0.12337526  0.43874810  0.94728015
   0.81921016  0.68461330  0.59360106
   0.02386826  0.51576118  0.86123040
   0.80724699  0.81037781  0.69786660
  -0.00111066  0.50222344  0.74940314
   0.52948688  0.03732444  0.96234304
   0.56313303  0.97401392  0.85414919
   0.12337526  0.93874813  0.44728012
   0.81921016  0.18461330  0.09360108
   0.02386826  0.01576120  0.36123040
   0.80724699  0.31037781  0.19786660
  -0.00111066  0.00222347  0.24940315
   0.52948688  0.53732447  0.46234301
   0.56313303  0.47401398  0.35414922
   0.12318132  0.44083418  0.05272100
   0.81668605  0.68769207  0.40551173
   0.02435010  0.51452828  0.13793519
   0.77363168  0.79983969  0.30380439
   0.00066967  0.50836456  0.25148327
   0.52808793  0.03825741  0.03788338
   0.56748592  0.97386932  0.14685464
   0.12318132  0.94083415  0.55272104
   0.81668605  0.18769209  0.90551176
   0.02435010  0.01452825  0.63793516
   0.77363168  0.29983972  0.80380436
   0.00066967  0.00836457  0.75148327
   0.52808793  0.53825742  0.53788335
   0.56748592  0.47386932  0.64685467
   0.62318130  0.55916585  0.94727896
   0.31668602  0.31230793  0.59448824
   0.52435004  0.48547175  0.86206484
   0.27363171  0.20016031  0.69619564
   0.50066970  0.49163544  0.74851673
   0.02808794  0.96174258  0.96211665
   0.06748593  0.02613066  0.85314533
   0.62318130  0.05916580  0.44727902
   0.31668602  0.81230793  0.09448825
   0.52435004  0.98547172  0.36206481
   0.27363171  0.70016031  0.19619560
   0.50066970  0.99163544  0.24851670
   0.02808794  0.46174261  0.46211665
   0.06748593  0.52613068  0.35314539
   0.33454717  0.16807274  0.50013340
   0.33454717  0.66807280  1.00013343
   0.83454717  0.83192720  0.49986657
   0.83454717  0.33192726 -0.00013343
   0.28307879  0.24219432  0.34489547
   0.28307879  0.74219432  0.84489550
   0.78307876  0.75780568  0.65510450
   0.78307876  0.25780569  0.15510452
