   0.25020884  0.24146482  0.10742838
   0.21637234  0.26982147  0.21952860
   0.25020884  0.74146482  0.60742839
   0.21637234  0.76982150  0.71952856
   0.75020881  0.75853518  0.89257161
   0.71637230  0.73017850  0.78047144
   0.75020881  0.25853518  0.39257164
   0.71637230  0.23017851  0.28047138
   0.75482845  0.76459677  0.10798033
   0.74309934  0.72242210  0.21982067
   0.75482845  0.26459680  0.60798035
   0.74309934  0.22242209  0.71982070
   0.25482847  0.23540320  0.89201965
   0.24309936  0.27757793  0.78017930
   0.25482847  0.73540323  0.39201968
   0.24309936  0.77757790  0.28017933
   0.26312381  0.24227518 -0.00005014
   0.26312381  0.74227518  0.49994986
   0.76312380  0.75772482  1.00005014
   0.76312380  0.25772482  0.50005008
   0.78348168  0.75490516  0.34644331
   0.78348168  0.25490516  0.84644331
   0.80745963  0.75439636  0.45061633
   0.80745963  0.25439636  0.95061630
   0.30745963  0.24560366  0.54938370
   0.28348171  0.24509484  0.65355669
   0.28348171  0.74509484  0.15355669
   0.30745963  0.74560364  0.04938369
   0.30673831  0.24460394  0.45089922
   0.30673831  0.74460394  0.95089922
   0.80673831  0.75539606  0.54910078
   0.80673831  0.25539606  0.04910077
   0.62504863  0.56186489  0.05275091
   0.31946323  0.31517824  0.40645961
   0.52416214  0.48571386  0.13887736
   0.30694741  0.19002293  0.30209608
   0.49852523  0.49780940  0.25059740
   0.03063235  0.96258143  0.03763057
   0.05960409  0.02356577  0.14566102
   0.62504863  0.06186490  0.55275089
   0.31946323  0.81517824  0.90645961
   0.52416214  0.98571389  0.63887734
   0.30694741  0.69002290  0.80209608
   0.49852523  0.99780943  0.75059743
   0.03063235  0.46258146  0.53763057
   0.05960409  0.52356583  0.64566105
   0.12504866  0.43813508  0.94724911
   0.81946323  0.68482176  0.59354039
   0.02416211  0.51428611  0.86112266
   0.80694747  0.80997710  0.69790392
  -0.00147476  0.50219057  0.74940257
   0.53063236  0.03741855  0.96236943
   0.55960411  0.97643417  0.85433895
   0.12504866  0.93813511  0.44724908
   0.81946323  0.18482176  0.09354040
   0.02416211  0.01428613  0.36112266
   0.80694747  0.30997710  0.19790392
  -0.00147476  0.00219060  0.24940259
   0.53063236  0.53741857  0.46236940
   0.55960411  0.47643423  0.35433898
   0.12491982  0.44016064  0.05275232
   0.81654706  0.68788693  0.40556325
   0.02450769  0.51322632  0.13801456
   0.77308096  0.79933622  0.30377391
   0.00032191  0.50837581  0.25148555
   0.52922414  0.03835679  0.03786992
   0.56386560  0.97669819  0.14663720
   0.12491982  0.94016061  0.55275236
   0.81654706  0.18788694  0.90556328
   0.02450769  0.01322629  0.63801453
   0.77308096  0.29933625  0.80377388
   0.00032191  0.00837581  0.75148555
   0.52922414  0.53835680  0.53786989
   0.56386560  0.47669819  0.64663723
   0.62491980  0.55983939  0.94724764
   0.31654703  0.31211307  0.59443672
   0.52450763  0.48677371  0.86198547
   0.27308099  0.20066378  0.69622612
   0.50032195  0.49162419  0.74851445
   0.02922414  0.96164320  0.96213011
   0.06386561  0.02330179  0.85336277
   0.62491980  0.05983934  0.44724770
   0.31654703  0.81211307  0.09443674
   0.52450763  0.98677368  0.36198544
   0.27308099  0.70066378  0.19622608
   0.50032195  0.99162419  0.24851442
   0.02922414  0.46164323  0.46213011
   0.06386561  0.52330181  0.35336283
   0.33557373  0.16782547  0.50013342
   0.33557373  0.66782553  1.00013345
   0.83557373  0.83217447  0.49986655
   0.83557373  0.33217453 -0.00013345
   0.28226343  0.24173764  0.34486145
   0.28226343  0.74173764  0.84486148
   0.78226340  0.75826236  0.65513852
   0.78226340  0.25826237  0.15513854
