   0.24977177  0.24732451  0.10698760
   0.22072964  0.26963245  0.21954548
   0.24977177  0.74732451  0.60698762
   0.22072964  0.76963248  0.71954543
   0.74977174  0.75267549  0.89301238
   0.72072959  0.73036752  0.78045457
   0.74977174  0.25267549  0.39301241
   0.72072959  0.23036753  0.28045451
   0.75441496  0.75601139  0.10730801
   0.74489838  0.72214565  0.21966856
   0.75441496  0.25601142  0.60730803
   0.74489838  0.22214564  0.71966859
   0.25441498  0.24398858  0.89269197
   0.24489840  0.27785438  0.78033141
   0.25441498  0.74398861  0.39269200
   0.24489840  0.77785435  0.28033144
   0.25398500  0.24487156 -0.00001270
   0.25398500  0.74487156  0.49998730
   0.75398498  0.75512844  1.00001270
   0.75398498  0.25512844  0.50001264
   0.79040136  0.75231824  0.34656032
   0.79040136  0.25231824  0.84656032
   0.79935674  0.75274028  0.45043951
   0.79935674  0.25274028  0.95043948
   0.29935674  0.24725974  0.54956052
   0.29040139  0.24768176  0.65343968
   0.29040139  0.74768176  0.15343968
   0.29935674  0.74725972  0.04956051
   0.29879011  0.24684173  0.45063261
   0.29879011  0.74684173  0.95063261
   0.79879011  0.75315827  0.54936739
   0.79879011  0.25315827  0.04936738
   0.61257004  0.55712258  0.05263859
   0.31811716  0.31698426  0.40598626
   0.52412176  0.47773299  0.13821615
   0.30769633  0.18800693  0.30224094
   0.50140679  0.49756761  0.25064534
   0.02198136  0.96294864  0.03778650
   0.08320476  0.03952367  0.14719383
   0.61257004  0.05712259  0.55263856
   0.31811716  0.81698426  0.90598626
   0.52412176  0.97773302  0.63821614
   0.30769633  0.68800690  0.80224094
   0.50140679  0.99756764  0.75064537
   0.02198136  0.46294867  0.53778650
   0.08320476  0.53952373  0.64719386
   0.11257007  0.44287739  0.94736144
   0.81811716  0.68301574  0.59401374
   0.02412173  0.52226698  0.86178386
   0.80769639  0.81199310  0.69775906
   0.00140681  0.50243236  0.74935463
   0.52198136  0.03705134  0.96221350
   0.58320477  0.96047627  0.85280614
   0.11257007  0.94287742  0.44736141
   0.81811716  0.18301574  0.09401376
   0.02412173  0.02226700  0.36178386
   0.80769639  0.31199310  0.19775906
   0.00140681  0.00243239  0.24935465
   0.52198136  0.53705136  0.46221347
   0.58320477  0.46047633  0.35280617
   0.11234636  0.44458490  0.05255425
   0.81523753  0.68648153  0.40517092
   0.02469831  0.52118721  0.13767925
   0.78005425  0.80233856  0.30394534
   0.00303479  0.50814530  0.25148109
   0.52063419  0.03772415  0.03804900
   0.58674012  0.95977639  0.14780996
   0.11234636  0.94458487  0.55255429
   0.81523753  0.18648155  0.90517095
   0.02469831  0.02118718  0.63767922
   0.78005425  0.30233859  0.80394531
   0.00303479  0.00814531  0.75148109
   0.52063419  0.53772416  0.53804897
   0.58674012  0.45977639  0.64780999
   0.61234634  0.55541513  0.94744571
   0.31523750  0.31351847  0.59482905
   0.52469826  0.47881282  0.86232078
   0.28005428  0.19766144  0.69605469
   0.50303482  0.49185470  0.74851891
   0.02063419  0.96227584  0.96195103
   0.08674013  0.04022359  0.85219001
   0.61234634  0.05541509  0.44744577
   0.31523750  0.81351847  0.09482906
   0.52469826  0.97881279  0.36232075
   0.28005428  0.69766144  0.19605464
   0.50303482  0.99185470  0.24851888
   0.02063419  0.46227587  0.46195103
   0.08674013  0.54022361  0.35219007
   0.32737193  0.16956190  0.50012573
   0.32737193  0.66956196  1.00012576
   0.82737193  0.83043804  0.49987424
   0.82737193  0.33043810 -0.00012576
   0.28843619  0.24492579  0.34495355
   0.28843619  0.74492579  0.84495358
   0.78843616  0.75507421  0.65504642
   0.78843616  0.25507422  0.15504643
