   0.24958998  0.24674209  0.10701872
   0.21990017  0.26974666  0.21954466
   0.24958998  0.74674209  0.60701874
   0.21990017  0.76974669  0.71954462
   0.74958995  0.75325791  0.89298126
   0.71990012  0.73025331  0.78045538
   0.74958995  0.25325791  0.39298129
   0.71990012  0.23025333  0.28045532
   0.75418666  0.75716756  0.10737537
   0.74486185  0.72215073  0.21971905
   0.75418666  0.25716759  0.60737539
   0.74486185  0.22215071  0.71971908
   0.25418668  0.24283241  0.89262461
   0.24486187  0.27784930  0.78028092
   0.25418668  0.74283244  0.39262464
   0.24486187  0.77784927  0.28028095
   0.25510486  0.24451923 -0.00002205
   0.25510486  0.74451923  0.49997795
   0.75510484  0.75548077  1.00002205
   0.75510484  0.25548077  0.50002199
   0.78949674  0.75254349  0.34654530
   0.78949674  0.25254349  0.84654530
   0.80033698  0.75288202  0.45047275
   0.80033698  0.25288202  0.95047272
   0.30033698  0.24711800  0.54952728
   0.28949677  0.24745651  0.65345470
   0.28949677  0.74745651  0.15345470
   0.30033698  0.74711798  0.04952727
   0.29973884  0.24660251  0.45067136
   0.29973884  0.74660251  0.95067136
   0.79973884  0.75339749  0.54932864
   0.79973884  0.25339749  0.04932864
   0.61424163  0.55770344  0.05262460
   0.31829245  0.31673520  0.40607736
   0.52386942  0.47856572  0.13827729
   0.30809373  0.18813070  0.30226644
   0.50109969  0.49759521  0.25062699
   0.02322503  0.96294148  0.03775698
   0.08030397  0.03768654  0.14695183
   0.61424163  0.05770345  0.55262458
   0.31829245  0.81673520  0.90607736
   0.52386942  0.97856575  0.63827727
   0.30809373  0.68813067  0.80226644
   0.50109969  0.99759524  0.75062702
   0.02322503  0.46294151  0.53775697
   0.08030397  0.53768659  0.64695186
   0.11424166  0.44229653  0.94737542
   0.81829245  0.68326480  0.59392264
   0.02386939  0.52143425  0.86172273
   0.80809379  0.81186933  0.69773356
   0.00109971  0.50240476  0.74937298
   0.52322503  0.03705849  0.96224303
   0.58030399  0.96231341  0.85304814
   0.11424166  0.94229656  0.44737539
   0.81829245  0.18326480  0.09392266
   0.02386939  0.02143427  0.36172273
   0.80809379  0.31186933  0.19773356
   0.00109971  0.00240479  0.24937299
   0.52322503  0.53705852  0.46224300
   0.58030399  0.46231347  0.35304817
   0.11398043  0.44410950  0.05255867
   0.81569823  0.68663392  0.40525523
   0.02452573  0.52036662  0.13767112
   0.77868910  0.80195301  0.30395608
   0.00275777  0.50824244  0.25147198
   0.52188633  0.03779167  0.03800500
   0.58406240  0.96167823  0.14767024
   0.11398043  0.94410947  0.55255871
   0.81569823  0.18663394  0.90525526
   0.02452573  0.02036659  0.63767109
   0.77868910  0.30195304  0.80395605
   0.00275777  0.00824244  0.75147198
   0.52188633  0.53779167  0.53800498
   0.58406240  0.46167823  0.64767027
   0.61398041  0.55589053  0.94744129
   0.31569820  0.31336608  0.59474474
   0.52452567  0.47963341  0.86232891
   0.27868913  0.19804699  0.69604395
   0.50275780  0.49175756  0.74852802
   0.02188633  0.96220833  0.96199502
   0.08406240  0.03832175  0.85232973
   0.61398041  0.05589049  0.44744135
   0.31569820  0.81336608  0.09474476
   0.52452567  0.97963338  0.36232888
   0.27868913  0.69804699  0.19604391
   0.50275780  0.99175756  0.24852799
   0.02188633  0.46220836  0.46199502
   0.08406240  0.53832177  0.35232979
   0.32864101  0.16930019  0.50012598
   0.32864101  0.66930025  1.00012601
   0.82864101  0.83069975  0.49987399
   0.82864101  0.33069981 -0.00012601
   0.28741685  0.24438687  0.34497464
   0.28741685  0.74438687  0.84497467
   0.78741682  0.75561313  0.65502533
   0.78741682  0.25561315  0.15502535
