   0.24972568  0.24430377  0.10718948
   0.21780875  0.26982382  0.21951547
   0.24972568  0.74430377  0.60718949
   0.21780875  0.76982385  0.71951543
   0.74972565  0.75569623  0.89281051
   0.71780870  0.73017615  0.78048457
   0.74972565  0.25569623  0.39281054
   0.71780870  0.23017616  0.28048451
   0.75428251  0.76113961  0.10767731
   0.74405058  0.72238845  0.21977622
   0.75428251  0.26113964  0.60767733
   0.74405058  0.22238843  0.71977625
   0.25428253  0.23886036  0.89232267
   0.24405059  0.27761158  0.78022375
   0.25428253  0.73886039  0.39232270
   0.24405059  0.77761155  0.28022378
   0.25947714  0.24335417 -0.00004834
   0.25947714  0.74335417  0.49995166
   0.75947713  0.75664583  1.00004834
   0.75947713  0.25664583  0.50004828
   0.78621294  0.75378647  0.34649722
   0.78621294  0.25378647  0.84649722
   0.80422242  0.75359159  0.45056153
   0.80422242  0.25359159  0.95056150
   0.30422242  0.24640843  0.54943850
   0.28621297  0.24621353  0.65350278
   0.28621297  0.74621353  0.15350278
   0.30422242  0.74640841  0.04943849
   0.30350636  0.24552073  0.45080737
   0.30350636  0.74552073  0.95080737
   0.80350636  0.75447927  0.54919263
   0.80350636  0.25447927  0.04919263
   0.62010922  0.56002576  0.05266664
   0.31877099  0.31581388  0.40628635
   0.52358211  0.48177737  0.13857465
   0.30774181  0.18897674  0.30220098
   0.49964505  0.49771037  0.25059968
   0.02722866  0.96281458  0.03769587
   0.06965214  0.03056685  0.14622619
   0.62010922  0.06002577  0.55266662
   0.31877099  0.81581388  0.90628635
   0.52358211  0.98177740  0.63857463
   0.30774181  0.68897672  0.80220098
   0.49964505  0.99771039  0.75059971
   0.02722866  0.46281461  0.53769586
   0.06965214  0.53056691  0.64622622
   0.12010925  0.43997421  0.94733338
   0.81877099  0.68418612  0.59371365
   0.02358208  0.51822260  0.86142537
   0.80774187  0.81102328  0.69779902
  -0.00035493  0.50228961  0.74940029
   0.52722867  0.03718540  0.96230414
   0.56965215  0.96943309  0.85377378
   0.12010925  0.93997424  0.44733335
   0.81877099  0.18418612  0.09371366
   0.02358208  0.01822262  0.36142537
   0.80774187  0.31102328  0.19779902
  -0.00035493  0.00228964  0.24940030
   0.52722867  0.53718542  0.46230411
   0.56965215  0.46943315  0.35377381
   0.11983527  0.44207597  0.05265135
   0.81661340  0.68731009  0.40542242
   0.02416319  0.51687686  0.13779840
   0.77498734  0.80066140  0.30387597
   0.00140493  0.50833668  0.25148105
   0.52585328  0.03809607  0.03791487
   0.57401255  0.96898702  0.14719938
   0.11983527  0.94207594  0.55265139
   0.81661340  0.18731010  0.90542245
   0.02416319  0.01687683  0.63779837
   0.77498734  0.30066143  0.80387594
   0.00140493  0.00833669  0.75148105
   0.52585328  0.53809607  0.53791484
   0.57401255  0.46898702  0.64719940
   0.61983526  0.55792406  0.94734861
   0.31661337  0.31268991  0.59457755
   0.52416314  0.48312317  0.86220163
   0.27498737  0.19933860  0.69612406
   0.50140497  0.49166332  0.74851895
   0.02585329  0.96190393  0.96208516
   0.07401256  0.03101296  0.85280060
   0.61983526  0.05792401  0.44734867
   0.31661337  0.81268991  0.09457756
   0.52416314  0.98312314  0.36220160
   0.27498737  0.69933860  0.19612401
   0.50140497  0.99166332  0.24851892
   0.02585329  0.46190396  0.46208516
   0.07401256  0.53101298  0.35280065
   0.33246249  0.16854610  0.50013144
   0.33246249  0.66854616  1.00013147
   0.83246249  0.83145384  0.49986853
   0.83246249  0.33145390 -0.00013147
   0.28465102  0.24298191  0.34493718
   0.28465102  0.74298191  0.84493720
   0.78465099  0.75701809  0.65506280
   0.78465099  0.25701811  0.15506281
