   0.25022554  0.24144891  0.10742892
   0.21636976  0.26981683  0.21952670
   0.25022554  0.74144891  0.60742893
   0.21636976  0.76981686  0.71952665
   0.75022551  0.75855109  0.89257107
   0.71636971  0.73018314  0.78047335
   0.75022551  0.25855109  0.39257110
   0.71636971  0.23018315  0.28047329
   0.75483913  0.76461107  0.10798097
   0.74309461  0.72242684  0.21981867
   0.75483913  0.26461110  0.60798100
   0.74309461  0.22242682  0.71981870
   0.25483915  0.23538890  0.89201900
   0.24309463  0.27757319  0.78018130
   0.25483915  0.73538893  0.39201903
   0.24309463  0.77757316  0.28018133
   0.26315226  0.24226948 -0.00005010
   0.26315226  0.74226948  0.49994990
   0.76315225  0.75773052  1.00005010
   0.76315225  0.25773052  0.50005004
   0.78347790  0.75490973  0.34644460
   0.78347790  0.25490973  0.84644460
   0.80747289  0.75439179  0.45061704
   0.80747289  0.25439179  0.95061701
   0.30747289  0.24560822  0.54938299
   0.28347793  0.24509027  0.65355540
   0.28347793  0.74509027  0.15355540
   0.30747289  0.74560821  0.04938298
   0.30675175  0.24460671  0.45090035
   0.30675175  0.74460671  0.95090035
   0.80675175  0.75539329  0.54909965
   0.80675175  0.25539329  0.04909965
   0.62507953  0.56189822  0.05275236
   0.31947037  0.31517547  0.40645668
   0.52418484  0.48573734  0.13887969
   0.30694023  0.19003698  0.30209525
   0.49851453  0.49781136  0.25059746
   0.03064494  0.96259150  0.03762958
   0.05952930  0.02351341  0.14565939
   0.62507953  0.06189823  0.55275234
   0.31947037  0.81517547  0.90645668
   0.52418484  0.98573737  0.63887967
   0.30694023  0.69003695  0.80209525
   0.49851453  0.99781139  0.75059749
   0.03064494  0.46259153  0.53762957
   0.05952930  0.52351347  0.64565942
   0.12507956  0.43810175  0.94724766
   0.81947037  0.68482453  0.59354332
   0.02418481  0.51426263  0.86112033
   0.80694029  0.80996305  0.69790475
  -0.00148545  0.50218861  0.74940251
   0.53064495  0.03740847  0.96237043
   0.55952931  0.97648653  0.85434058
   0.12507956  0.93810178  0.44724763
   0.81947037  0.18482453  0.09354334
   0.02418481  0.01426265  0.36112033
   0.80694029  0.30996305  0.19790475
  -0.00148545  0.00218864  0.24940252
   0.53064495  0.53740850  0.46237040
   0.55952931  0.47648659  0.35434061
   0.12495494  0.44012897  0.05275364
   0.81654330  0.68788982  0.40556107
   0.02451390  0.51319297  0.13801664
   0.77306745  0.79932730  0.30376823
   0.00031191  0.50837658  0.25148549
   0.52923317  0.03834354  0.03786936
   0.56379827  0.97676589  0.14663479
   0.12495494  0.94012894  0.55275368
   0.81654330  0.18788983  0.90556110
   0.02451390  0.01319294  0.63801661
   0.77306745  0.29932733  0.80376820
   0.00031191  0.00837659  0.75148549
   0.52923317  0.53834355  0.53786933
   0.56379827  0.47676589  0.64663482
   0.62495493  0.55987106  0.94724632
   0.31654327  0.31211018  0.59443890
   0.52451384  0.48680706  0.86198339
   0.27306748  0.20067270  0.69623180
   0.50031194  0.49162342  0.74851451
   0.02923317  0.96165645  0.96213067
   0.06379828  0.02323408  0.85336518
   0.62495493  0.05987102  0.44724638
   0.31654327  0.81211018  0.09443892
   0.52451384  0.98680703  0.36198336
   0.27306748  0.70067270  0.19623176
   0.50031194  0.99162342  0.24851448
   0.02923317  0.46165648  0.46213067
   0.06379828  0.52323411  0.35336524
   0.33559628  0.16782199  0.50013374
   0.33559628  0.66782205  1.00013377
   0.83559628  0.83217795  0.49986623
   0.83559628  0.33217801 -0.00013377
   0.28223304  0.24172248  0.34486173
   0.28223304  0.74172248  0.84486176
   0.78223301  0.75827752  0.65513824
   0.78223301  0.25827753  0.15513826
