   0.24993018  0.24295125  0.10730262
   0.21703943  0.26982828  0.21952141
   0.24993018  0.74295125  0.60730263
   0.21703943  0.76982831  0.71952136
   0.74993015  0.75704875  0.89269737
   0.71703939  0.73017169  0.78047864
   0.74993015  0.25704875  0.39269740
   0.71703939  0.23017170  0.28047858
   0.75453610  0.76285800  0.10783233
   0.74356503  0.72242284  0.21980052
   0.75453610  0.26285803  0.60783235
   0.74356503  0.22242283  0.71980055
   0.25453612  0.23714197  0.89216765
   0.24356505  0.27757719  0.78019945
   0.25453612  0.73714200  0.39216768
   0.24356505  0.77757716  0.28019948
   0.26130653  0.24283272 -0.00005288
   0.26130653  0.74283272  0.49994712
   0.76130652  0.75716728  1.00005288
   0.76130652  0.25716728  0.50005282
   0.78485989  0.75436081  0.34647510
   0.78485989  0.25436081  0.84647510
   0.80583580  0.75397738  0.45058676
   0.80583580  0.25397738  0.95058673
   0.30583580  0.24602264  0.54941327
   0.28485992  0.24563919  0.65352490
   0.28485992  0.74563919  0.15352490
   0.30583580  0.74602262  0.04941325
   0.30509864  0.24506977  0.45085217
   0.30509864  0.74506977  0.95085217
   0.80509864  0.75493023  0.54914783
   0.80509864  0.25493023  0.04914783
   0.62261655  0.56096709  0.05270605
   0.31907815  0.31547849  0.40637204
   0.52377450  0.48359736  0.13871992
   0.30737667  0.18946252  0.30215308
   0.49904984  0.49776046  0.25059655
   0.02895226  0.96270361  0.03766716
   0.06469518  0.02707985  0.14593281
   0.62261655  0.06096709  0.55270603
   0.31907815  0.81547849  0.90637204
   0.52377450  0.98359739  0.63871990
   0.30737667  0.68946249  0.80215308
   0.49904984  0.99776049  0.75059658
   0.02895226  0.46270364  0.53766715
   0.06469518  0.52707990  0.64593284
   0.12261658  0.43903288  0.94729397
   0.81907815  0.68452151  0.59362796
   0.02377447  0.51640261  0.86128010
   0.80737673  0.81053751  0.69784692
  -0.00095014  0.50223951  0.74940342
   0.52895226  0.03729637  0.96233285
   0.56469520  0.97292010  0.85406716
   0.12261658  0.93903291  0.44729394
   0.81907815  0.18452151  0.09362798
   0.02377447  0.01640263  0.36128010
   0.80737673  0.31053751  0.19784692
  -0.00095014  0.00223954  0.24940343
   0.52895226  0.53729639  0.46233282
   0.56469520  0.47292016  0.35406719
   0.12239756  0.44113282  0.05270470
   0.81670004  0.68761100  0.40549252
   0.02428538  0.51508793  0.13789689
   0.77390918  0.80004658  0.30382024
   0.00082581  0.50835954  0.25148126
   0.52755953  0.03822820  0.03788972
   0.56907684  0.97266135  0.14693901
   0.12239756  0.94113279  0.55270475
   0.81670004  0.18761101  0.90549255
   0.02428538  0.01508790  0.63789686
   0.77390918  0.30004660  0.80382021
   0.00082581  0.00835955  0.75148126
   0.52755953  0.53822821  0.53788969
   0.56907684  0.47266135  0.64693904
   0.62239755  0.55886721  0.94729525
   0.31670001  0.31238900  0.59450745
   0.52428533  0.48491210  0.86210314
   0.27390921  0.19995342  0.69617979
   0.50082584  0.49164046  0.74851874
   0.02755954  0.96177179  0.96211031
   0.06907685  0.02733862  0.85306096
   0.62239755  0.05886717  0.44729531
   0.31670001  0.81238900  0.09450747
   0.52428533  0.98491207  0.36210311
   0.27390921  0.69995342  0.19617974
   0.50082584  0.99164046  0.24851871
   0.02755954  0.46177182  0.46211031
   0.06907685  0.52733865  0.35306102
   0.33404690  0.16818972  0.50013276
   0.33404690  0.66818978  1.00013279
   0.83404690  0.83181022  0.49986721
   0.83404690  0.33181028 -0.00013279
   0.28348382  0.24238908  0.34490026
   0.28348382  0.74238908  0.84490029
   0.78348379  0.75761092  0.65509971
   0.78348379  0.25761093  0.15509973
