   0.25015904  0.24858691  0.10698174
   0.22337167  0.26959056  0.21968882
   0.25015904  0.74858691  0.60698175
   0.22337167  0.76959059  0.71968877
   0.75015901  0.75141309  0.89301825
   0.72337162  0.73040941  0.78031123
   0.75015901  0.25141309  0.39301828
   0.72337162  0.23040943  0.28031117
   0.75542547  0.75299794  0.10720549
   0.74456587  0.72132972  0.21956917
   0.75542547  0.25299797  0.60720551
   0.74456587  0.22132971  0.71956920
   0.25542548  0.24700203  0.89279449
   0.24456588  0.27867031  0.78043080
   0.25542548  0.74700206  0.39279452
   0.24456588  0.77867028  0.28043083
   0.25045128  0.24575151  0.00004769
   0.25045128  0.74575151  0.50004769
   0.75045126  0.75424849  0.99995231
   0.75045126  0.25424849  0.49995225
   0.79342785  0.75151295  0.34649371
   0.79342785  0.25151295  0.84649371
   0.79637851  0.75214574  0.45029328
   0.79637851  0.25214574  0.95029325
   0.29637851  0.24785427  0.54970675
   0.29342788  0.24848705  0.65350629
   0.29342788  0.74848705  0.15350629
   0.29637851  0.74785426  0.04970674
   0.29582543  0.24771476  0.45044950
   0.29582543  0.74771476  0.95044950
   0.79582543  0.75228524  0.54955050
   0.79582543  0.25228524  0.04955049
   0.60834646  0.55558626  0.05271637
   0.31773918  0.31760976  0.40571444
   0.52515269  0.47583279  0.13803533
   0.30551421  0.18709598  0.30221264
   0.50203449  0.49752640  0.25072563
   0.01872785  0.96282988  0.03789329
   0.09092631  0.04420737  0.14788873
   0.60834646  0.05558627  0.55271635
   0.31773918  0.81760976  0.90571444
   0.52515269  0.97583282  0.63803531
   0.30551421  0.68709595  0.80221264
   0.50203449  0.99752643  0.75072566
   0.01872785  0.46282991  0.53789328
   0.09092631  0.54420742  0.64788876
   0.10834649  0.44441371  0.94728365
   0.81773918  0.68239024  0.59428556
   0.02515266  0.52416718  0.86196469
   0.80551427  0.81290405  0.69778736
   0.00203451  0.50247357  0.74927434
   0.51872785  0.03717010  0.96210672
   0.59092632  0.95579258  0.85211124
   0.10834649  0.94441374  0.44728362
   0.81773918  0.18239024  0.09428558
   0.02515266  0.02416720  0.36196469
   0.80551427  0.31290405  0.19778736
   0.00203451  0.00247360  0.24927435
   0.51872785  0.53717012  0.46210669
   0.59092632  0.45579264  0.35211127
   0.10824589  0.44578598  0.05257823
   0.81416984  0.68587661  0.40493436
   0.02567983  0.52310916  0.13775829
   0.78402645  0.80370822  0.30392719
   0.00341242  0.50777923  0.25149373
   0.51731947  0.03780811  0.03820230
   0.59413118  0.95462742  0.14823647
   0.10824589  0.94578595  0.55257827
   0.81416984  0.18587663  0.90493439
   0.02567983  0.02310913  0.63775826
   0.78402645  0.30370824  0.80392716
   0.00341242  0.00777924  0.75149373
   0.51731947  0.53780812  0.53820227
   0.59413118  0.45462742  0.64823650
   0.60824588  0.55421405  0.94742173
   0.31416981  0.31412339  0.59506561
   0.52567977  0.47689087  0.86224174
   0.28402648  0.19629178  0.69607284
   0.50341245  0.49222077  0.74850627
   0.01731948  0.96219188  0.96179773
   0.09413119  0.04537256  0.85176350
   0.60824588  0.05421401  0.44742179
   0.31416981  0.81412339  0.09506563
   0.52567977  0.97689084  0.36224171
   0.28402648  0.69629178  0.19607279
   0.50341245  0.99222077  0.24850624
   0.01731948  0.46219191  0.46179773
   0.09413119  0.54537258  0.35176356
   0.32449997  0.16991785  0.50012297
   0.32449997  0.66991791  1.00012300
   0.82449997  0.83008209  0.49987700
   0.82449997  0.33008215 -0.00012300
   0.29046849  0.24608391  0.34487602
   0.29046849  0.74608391  0.84487605
   0.79046846  0.75391609  0.65512395
   0.79046846  0.25391611  0.15512396
