   0.24973950  0.24395567  0.10722046
   0.21756689  0.26982976  0.21952266
   0.24973950  0.74395567  0.60722048
   0.21756689  0.76982979  0.71952261
   0.74973947  0.75604433  0.89277952
   0.71756684  0.73017021  0.78047739
   0.74973947  0.25604433  0.39277955
   0.71756684  0.23017022  0.28047733
   0.75431889  0.76160954  0.10772175
   0.74391985  0.72238580  0.21978872
   0.75431889  0.26160957  0.60772177
   0.74391985  0.22238579  0.71978875
   0.25431890  0.23839043  0.89227823
   0.24391987  0.27761423  0.78021125
   0.25431890  0.73839046  0.39227826
   0.24391987  0.77761420  0.28021128
   0.25996034  0.24321657 -0.00005026
   0.25996034  0.74321657  0.49994974
   0.75996033  0.75678343  1.00005026
   0.75996033  0.25678343  0.50005020
   0.78583006  0.75393429  0.34650491
   0.78583006  0.25393429  0.84650491
   0.80465934  0.75371893  0.45057195
   0.80465934  0.25371893  0.95057192
   0.30465934  0.24628109  0.54942808
   0.28583009  0.24606571  0.65349509
   0.28583009  0.74606571  0.15349509
   0.30465934  0.74628107  0.04942807
   0.30393249  0.24538033  0.45082407
   0.30393249  0.74538033  0.95082407
   0.80393249  0.75461967  0.54917593
   0.80393249  0.25461967  0.04917592
   0.62082288  0.56026958  0.05267536
   0.31886309  0.31572552  0.40631708
   0.52361388  0.48228967  0.13861337
   0.30766457  0.18909467  0.30219019
   0.49947753  0.49772576  0.25059769
   0.02773549  0.96276923  0.03768872
   0.06827518  0.02957593  0.14613745
   0.62082288  0.06026959  0.55267534
   0.31886309  0.81572552  0.90631708
   0.52361388  0.98228970  0.63861336
   0.30766457  0.68909464  0.80219019
   0.49947753  0.99772579  0.75059772
   0.02773549  0.46276926  0.53768871
   0.06827518  0.52957599  0.64613748
   0.12082291  0.43973039  0.94732466
   0.81886309  0.68427448  0.59368292
   0.02361385  0.51771030  0.86138664
   0.80766463  0.81090536  0.69780981
  -0.00052245  0.50227421  0.74940228
   0.52773550  0.03723075  0.96231129
   0.56827520  0.97042401  0.85386252
   0.12082291  0.93973042  0.44732463
   0.81886309  0.18427448  0.09368294
   0.02361385  0.01771032  0.36138664
   0.80766463  0.31090536  0.19780981
  -0.00052245  0.00227424  0.24940229
   0.52773550  0.53723077  0.46231126
   0.56827520  0.47042407  0.35386255
   0.12056461  0.44184271  0.05266522
   0.81667267  0.68738567  0.40544735
   0.02419665  0.51638549  0.13782246
   0.77465382  0.80051437  0.30385530
   0.00123611  0.50834370  0.25147981
   0.52635507  0.03814980  0.03790741
   0.57263215  0.96998132  0.14712613
   0.12056461  0.94184268  0.55266526
   0.81667267  0.18738568  0.90544737
   0.02419665  0.01638546  0.63782243
   0.77465382  0.30051440  0.80385527
   0.00123611  0.00834371  0.75147981
   0.52635507  0.53814981  0.53790738
   0.57263215  0.46998132  0.64712616
   0.62056459  0.55815732  0.94733474
   0.31667264  0.31261433  0.59455263
   0.52419660  0.48361454  0.86217757
   0.27465385  0.19948563  0.69614473
   0.50123615  0.49165630  0.74852019
   0.02635508  0.96185019  0.96209262
   0.07263216  0.03001866  0.85287384
   0.62056459  0.05815728  0.44733480
   0.31667264  0.81261433  0.09455264
   0.52419660  0.98361451  0.36217754
   0.27465385  0.69948563  0.19614469
   0.50123615  0.99165630  0.24852016
   0.02635508  0.46185022  0.46209262
   0.07263216  0.53001868  0.35287390
   0.33292136  0.16844453  0.50013185
   0.33292136  0.66844459  1.00013188
   0.83292136  0.83155541  0.49986812
   0.83292136  0.33155547 -0.00013188
   0.28438740  0.24285424  0.34493246
   0.28438740  0.74285424  0.84493249
   0.78438737  0.75714576  0.65506751
   0.78438737  0.25714578  0.15506753
