   0.25007475  0.24214673  0.10737270
   0.21667466  0.26982928  0.21952553
   0.25007475  0.74214673  0.60737271
   0.21667466  0.76982931  0.71952549
   0.75007472  0.75785327  0.89262729
   0.71667462  0.73017069  0.78047451
   0.75007472  0.25785327  0.39262732
   0.71667462  0.23017070  0.28047445
   0.75470406  0.76382019  0.10791835
   0.74331269  0.72243550  0.21981179
   0.75470406  0.26382022  0.60791837
   0.74331269  0.22243548  0.71981182
   0.25470408  0.23617978  0.89208163
   0.24331270  0.27756453  0.78018818
   0.25470408  0.73617981  0.39208166
   0.24331270  0.77756450  0.28018821
   0.26230633  0.24252469 -0.00005250
   0.26230633  0.74252469  0.49994750
   0.76230631  0.75747531  1.00005250
   0.76230631  0.25747531  0.50005244
   0.78410597  0.75467537  0.34644932
   0.78410597  0.25467537  0.84644932
   0.80672956  0.75420829  0.45060198
   0.80672956  0.25420829  0.95060195
   0.30672956  0.24579173  0.54939805
   0.28410600  0.24532463  0.65355068
   0.28410600  0.74532463  0.15355068
   0.30672956  0.74579171  0.04939804
   0.30599355  0.24481030  0.45087864
   0.30599355  0.74481030  0.95087864
   0.80599355  0.75518970  0.54912136
   0.80599355  0.25518970  0.04912136
   0.62396255  0.56147491  0.05273158
   0.31929514  0.31530894  0.40641864
   0.52397373  0.48475075  0.13880775
   0.30714083  0.18977263  0.30211868
   0.49875238  0.49778792  0.25059693
   0.02988703  0.96264653  0.03764870
   0.06188051  0.02510415  0.14578185
   0.62396255  0.06147491  0.55273156
   0.31929514  0.81530894  0.90641864
   0.52397373  0.98475078  0.63880774
   0.30714083  0.68977260  0.80211868
   0.49875238  0.99778795  0.75059696
   0.02988703  0.46264656  0.53764870
   0.06188051  0.52510420  0.64578188
   0.12396258  0.43852506  0.94726844
   0.81929514  0.68469106  0.59358136
   0.02397370  0.51524922  0.86119226
   0.80714089  0.81022740  0.69788132
  -0.00124761  0.50221205  0.74940304
   0.52988703  0.03735345  0.96235130
   0.56188053  0.97489580  0.85421812
   0.12396258  0.93852509  0.44726841
   0.81929514  0.18469106  0.09358137
   0.02397370  0.01524925  0.36119226
   0.80714089  0.31022740  0.19788132
  -0.00124761  0.00221208  0.24940305
   0.52988703  0.53735347  0.46235127
   0.56188053  0.47489586  0.35421815
   0.12379230  0.44059474  0.05273322
   0.81664523  0.68777112  0.40552801
   0.02441874  0.51406386  0.13796270
   0.77342260  0.79965709  0.30379438
   0.00054259  0.50836678  0.25148459
   0.52848132  0.03828596  0.03787938
   0.56620273  0.97486415  0.14677896
   0.12379230  0.94059471  0.55273326
   0.81664523  0.18777114  0.90552803
   0.02441874  0.01406383  0.63796267
   0.77342260  0.29965711  0.80379435
   0.00054259  0.00836679  0.75148459
   0.52848132  0.53828597  0.53787936
   0.56620273  0.47486415  0.64677899
   0.62379229  0.55940529  0.94726674
   0.31664520  0.31222888  0.59447197
   0.52441869  0.48593617  0.86203733
   0.27342263  0.20034291  0.69620565
   0.50054262  0.49163322  0.74851541
   0.02848133  0.96171403  0.96212064
   0.06620274  0.02513582  0.85322101
   0.62379229  0.05940525  0.44726680
   0.31664520  0.81222888  0.09447198
   0.52441869  0.98593614  0.36203730
   0.27342263  0.70034291  0.19620561
   0.50054262  0.99163322  0.24851538
   0.02848133  0.46171406  0.46212064
   0.06620274  0.52513585  0.35322107
   0.33490295  0.16798846  0.50013382
   0.33490295  0.66798852  1.00013385
   0.83490295  0.83201148  0.49986615
   0.83490295  0.33201154 -0.00013385
   0.28279762  0.24202318  0.34487444
   0.28279762  0.74202318  0.84487447
   0.78279759  0.75797682  0.65512553
   0.78279759  0.25797683  0.15512555
