   0.24994741  0.24285249  0.10730968
   0.21698794  0.26983077  0.21952015
   0.24994741  0.74285249  0.60730970
   0.21698794  0.76983080  0.71952011
   0.74994738  0.75714751  0.89269030
   0.71698789  0.73016920  0.78047989
   0.74994738  0.25714751  0.39269033
   0.71698789  0.23016922  0.28047983
   0.75455592  0.76297608  0.10784174
   0.74353335  0.72241923  0.21980007
   0.75455592  0.26297611  0.60784176
   0.74353335  0.22241921  0.71980010
   0.25455593  0.23702389  0.89215824
   0.24353336  0.27758080  0.78019990
   0.25455593  0.73702392  0.39215827
   0.24353336  0.77758077  0.28019993
   0.26143159  0.24278884 -0.00005291
   0.26143159  0.74278884  0.49994709
   0.76143157  0.75721116  1.00005291
   0.76143157  0.25721116  0.50005285
   0.78476944  0.75439863  0.34647677
   0.78476944  0.25439863  0.84647677
   0.80594544  0.75400647  0.45058913
   0.80594544  0.25400647  0.95058910
   0.30594544  0.24599355  0.54941090
   0.28476947  0.24560137  0.65352323
   0.28476947  0.74560137  0.15352323
   0.30594544  0.74599353  0.04941089
   0.30520704  0.24503725  0.45085549
   0.30520704  0.74503725  0.95085549
   0.80520704  0.75496275  0.54914451
   0.80520704  0.25496275  0.04914450
   0.62279171  0.56103659  0.05270962
   0.31910432  0.31545933  0.40637511
   0.52380597  0.48372982  0.13873179
   0.30735205  0.18949941  0.30214580
   0.49901021  0.49776536  0.25059676
   0.02906548  0.96269516  0.03766448
   0.06433388  0.02683157  0.14591418
   0.62279171  0.06103660  0.55270959
   0.31910432  0.81545933  0.90637511
   0.52380597  0.98372985  0.63873177
   0.30735205  0.68949938  0.80214580
   0.49901021  0.99776539  0.75059679
   0.02906548  0.46269519  0.53766447
   0.06433388  0.52683163  0.64591421
   0.12279174  0.43896338  0.94729041
   0.81910432  0.68454067  0.59362489
   0.02380594  0.51627015  0.86126823
   0.80735211  0.81050062  0.69785420
  -0.00098977  0.50223461  0.74940321
   0.52906548  0.03730482  0.96233553
   0.56433389  0.97316837  0.85408579
   0.12279174  0.93896341  0.44729038
   0.81910432  0.18454067  0.09362490
   0.02380594  0.01627017  0.36126823
   0.80735211  0.31050062  0.19785420
  -0.00098977  0.00223464  0.24940322
   0.52906548  0.53730484  0.46233550
   0.56433389  0.47316843  0.35408582
   0.12257582  0.44105739  0.05270893
   0.81669953  0.68762907  0.40549352
   0.02429520  0.51495386  0.13790558
   0.77384189  0.79999905  0.30381346
   0.00078970  0.50836284  0.25148237
   0.52767296  0.03823793  0.03788772
   0.56872261  0.97294543  0.14692033
   0.12257582  0.94105736  0.55270897
   0.81669953  0.18762909  0.90549355
   0.02429520  0.01495383  0.63790555
   0.77384189  0.29999908  0.80381343
   0.00078970  0.00836284  0.75148237
   0.52767296  0.53823793  0.53788769
   0.56872261  0.47294543  0.64692036
   0.62257581  0.55894264  0.94729103
   0.31669950  0.31237093  0.59450645
   0.52429515  0.48504617  0.86209445
   0.27384192  0.20000095  0.69618657
   0.50078974  0.49163716  0.74851763
   0.02767297  0.96176207  0.96211231
   0.06872262  0.02705455  0.85307964
   0.62257581  0.05894260  0.44729109
   0.31669950  0.81237093  0.09450646
   0.52429515  0.98504614  0.36209442
   0.27384192  0.70000095  0.19618653
   0.50078974  0.99163716  0.24851760
   0.02767297  0.46176210  0.46211231
   0.06872262  0.52705457  0.35307970
   0.33415730  0.16816072  0.50013280
   0.33415730  0.66816078  1.00013282
   0.83415730  0.83183922  0.49986718
   0.83415730  0.33183928 -0.00013282
   0.28340309  0.24235224  0.34490123
   0.28340309  0.74235224  0.84490126
   0.78340306  0.75764776  0.65509874
   0.78340306  0.25764778  0.15509876
