   0.25020856  0.24153405  0.10742558
   0.21640789  0.26981564  0.21952987
   0.25020856  0.74153405  0.60742560
   0.21640789  0.76981567  0.71952982
   0.75020853  0.75846595  0.89257440
   0.71640785  0.73018433  0.78047018
   0.75020853  0.25846595  0.39257443
   0.71640785  0.23018435  0.28047012
   0.75483765  0.76451651  0.10797674
   0.74312760  0.72242951  0.21982127
   0.75483765  0.26451653  0.60797677
   0.74312760  0.22242949  0.71982130
   0.25483767  0.23548347  0.89202323
   0.24312762  0.27757052  0.78017870
   0.25483767  0.73548349  0.39202326
   0.24312762  0.77757049  0.28017873
   0.26304099  0.24231126 -0.00005047
   0.26304099  0.74231126  0.49994953
   0.76304098  0.75768874  1.00005047
   0.76304098  0.25768874  0.50005041
   0.78354734  0.75486881  0.34644791
   0.78354734  0.25486881  0.84644791
   0.80737368  0.75438427  0.45061631
   0.80737368  0.25438427  0.95061628
   0.30737368  0.24561574  0.54938372
   0.28354737  0.24513119  0.65355209
   0.28354737  0.74513119  0.15355209
   0.30737368  0.74561573  0.04938371
   0.30664720  0.24461580  0.45090023
   0.30664720  0.74461580  0.95090023
   0.80664720  0.75538420  0.54909977
   0.80664720  0.25538420  0.04909977
   0.62493456  0.56183874  0.05274994
   0.31944154  0.31519129  0.40645140
   0.52415254  0.48561698  0.13886935
   0.30696252  0.19000517  0.30209866
   0.49855497  0.49780918  0.25059713
   0.03054369  0.96259686  0.03763361
   0.05983756  0.02371819  0.14567423
   0.62493456  0.06183875  0.55274992
   0.31944154  0.81519129  0.90645140
   0.52415254  0.98561701  0.63886933
   0.30696252  0.69000514  0.80209866
   0.49855497  0.99780921  0.75059716
   0.03054369  0.46259689  0.53763360
   0.05983756  0.52371824  0.64567426
   0.12493459  0.43816123  0.94725008
   0.81944154  0.68480871  0.59354860
   0.02415251  0.51438299  0.86113067
   0.80696258  0.80999486  0.69790134
  -0.00144501  0.50219079  0.74940284
   0.53054369  0.03740312  0.96236640
   0.55983757  0.97628176  0.85432574
   0.12493459  0.93816126  0.44725005
   0.81944154  0.18480871  0.09354862
   0.02415251  0.01438301  0.36113067
   0.80696258  0.30999486  0.19790134
  -0.00144501  0.00219082  0.24940285
   0.53054369  0.53740314  0.46236637
   0.55983757  0.47628182  0.35432577
   0.12480152  0.44019272  0.05275131
   0.81655376  0.68787918  0.40555732
   0.02451462  0.51331016  0.13800930
   0.77311367  0.79936538  0.30377089
   0.00034908  0.50837249  0.25148452
   0.52913424  0.03833864  0.03787208
   0.56411557  0.97650652  0.14665269
   0.12480152  0.94019269  0.55275135
   0.81655376  0.18787920  0.90555735
   0.02451462  0.01331013  0.63800927
   0.77311367  0.29936541  0.80377086
   0.00034908  0.00837250  0.75148452
   0.52913424  0.53833865  0.53787206
   0.56411557  0.47650652  0.64665272
   0.62480151  0.55980731  0.94724865
   0.31655373  0.31212082  0.59444265
   0.52451457  0.48668987  0.86199073
   0.27311370  0.20063462  0.69622914
   0.50034911  0.49162751  0.74851548
   0.02913425  0.96166135  0.96212794
   0.06411557  0.02349345  0.85334728
   0.62480151  0.05980727  0.44724871
   0.31655373  0.81212082  0.09444267
   0.52451457  0.98668984  0.36199070
   0.27311370  0.70063462  0.19622909
   0.50034911  0.99162751  0.24851545
   0.02913425  0.46166138  0.46212794
   0.06411557  0.52349348  0.35334734
   0.33550193  0.16784466  0.50013368
   0.33550193  0.66784472  1.00013370
   0.83550193  0.83215528  0.49986630
   0.83550193  0.33215534 -0.00013370
   0.28229715  0.24176187  0.34486329
   0.28229715  0.74176187  0.84486332
   0.78229712  0.75823813  0.65513668
   0.78229712  0.25823814  0.15513670
