   0.24965814  0.24497614  0.10714267
   0.21825429  0.26980480  0.21952374
   0.24965814  0.74497614  0.60714268
   0.21825429  0.76980483  0.71952369
   0.74965811  0.75502386  0.89285732
   0.71825424  0.73019517  0.78047631
   0.74965811  0.25502386  0.39285735
   0.71825424  0.23019519  0.28047625
   0.75418128  0.76018718  0.10760217
   0.74429101  0.72235835  0.21977105
   0.75418128  0.26018721  0.60760219
   0.74429101  0.22235833  0.71977108
   0.25418129  0.23981279  0.89239781
   0.24429103  0.27764168  0.78022892
   0.25418129  0.73981282  0.39239784
   0.24429103  0.77764165  0.28022895
   0.25842920  0.24365411 -0.00004367
   0.25842920  0.74365411  0.49995633
   0.75842918  0.75634589  1.00004367
   0.75842918  0.25634589  0.50004361
   0.78698350  0.75345827  0.34651743
   0.78698350  0.25345827  0.84651743
   0.80328099  0.75340722  0.45054171
   0.80328099  0.25340722  0.95054168
   0.30328099  0.24659279  0.54945832
   0.28698353  0.24654173  0.65348257
   0.28698353  0.74654173  0.15348257
   0.30328099  0.74659278  0.04945831
   0.30258389  0.24577784  0.45077664
   0.30258389  0.74577784  0.95077664
   0.80258389  0.75422216  0.54922336
   0.80258389  0.25422216  0.04922336
   0.61874990  0.55947477  0.05265117
   0.31861563  0.31599756  0.40624848
   0.52355282  0.48097785  0.13849838
   0.30792301  0.18874395  0.30222302
   0.49999410  0.49768022  0.25060161
   0.02631238  0.96284456  0.03771091
   0.07226570  0.03230541  0.14638425
   0.61874990  0.05947478  0.55265114
   0.31861563  0.81599756  0.90624848
   0.52355282  0.98097788  0.63849836
   0.30792301  0.68874392  0.80222302
   0.49999410  0.99768025  0.75060164
   0.02631238  0.46284459  0.53771090
   0.07226570  0.53230546  0.64638428
   0.11874993  0.44052520  0.94734886
   0.81861563  0.68400244  0.59375152
   0.02355279  0.51902212  0.86150164
   0.80792307  0.81125608  0.69777698
  -0.00000588  0.50231975  0.74939836
   0.52631238  0.03715542  0.96228910
   0.57226572  0.96769454  0.85361572
   0.11874993  0.94052523  0.44734883
   0.81861563  0.18400244  0.09375154
   0.02355279  0.01902214  0.36150164
   0.80792307  0.31125608  0.19777698
  -0.00000588  0.00231978  0.24939837
   0.52631238  0.53715544  0.46228907
   0.57226572  0.46769460  0.35361575
   0.11847197  0.44259729  0.05262506
   0.81646066  0.68715662  0.40539318
   0.02421729  0.51778599  0.13775281
   0.77569677  0.80097245  0.30389794
   0.00172967  0.50832232  0.25147432
   0.52494782  0.03803977  0.03793265
   0.57645973  0.96713252  0.14731632
   0.11847197  0.94259726  0.55262510
   0.81646066  0.18715663  0.90539321
   0.02421729  0.01778596  0.63775278
   0.77569677  0.30097248  0.80389791
   0.00172967  0.00832233  0.75147432
   0.52494782  0.53803977  0.53793263
   0.57645973  0.46713252  0.64731635
   0.61847195  0.55740274  0.94737490
   0.31646063  0.31284338  0.59460679
   0.52421724  0.48221404  0.86224722
   0.27569680  0.19902755  0.69610209
   0.50172971  0.49167768  0.74852568
   0.02494783  0.96196023  0.96206737
   0.07645974  0.03286746  0.85268365
   0.61847195  0.05740269  0.44737496
   0.31646063  0.81284338  0.09460680
   0.52421724  0.98221401  0.36224719
   0.27569680  0.69902755  0.19610204
   0.50172971  0.99167768  0.24852565
   0.02494783  0.46196026  0.46206737
   0.07645974  0.53286748  0.35268371
   0.33156182  0.16873963  0.50013069
   0.33156182  0.66873969  1.00013072
   0.83156182  0.83126031  0.49986928
   0.83156182  0.33126037 -0.00013072
   0.28537827  0.24333026  0.34494941
   0.28537827  0.74333026  0.84494944
   0.78537824  0.75666974  0.65505056
   0.78537824  0.25666975  0.15505058
