   0.24961291  0.24551445  0.10709927
   0.21866769  0.26980623  0.21952319
   0.24961291  0.74551445  0.60709928
   0.21866769  0.76980626  0.71952314
   0.74961288  0.75448555  0.89290072
   0.71866764  0.73019374  0.78047686
   0.74961288  0.25448555  0.39290075
   0.71866764  0.23019375  0.28047680
   0.75411459  0.75935828  0.10753252
   0.74449190  0.72230186  0.21975657
   0.75411459  0.25935831  0.60753254
   0.74449190  0.22230185  0.71975660
   0.25411461  0.24064169  0.89246746
   0.24449191  0.27769817  0.78024340
   0.25411461  0.74064172  0.39246749
   0.24449191  0.77769814  0.28024343
   0.25750949  0.24388916 -0.00003854
   0.25750949  0.74388916  0.49996146
   0.75750948  0.75611084  1.00003854
   0.75750948  0.25611084  0.50003848
   0.78765223  0.75320616  0.34652978
   0.78765223  0.25320616  0.84652978
   0.80248314  0.75325096  0.45052692
   0.80248314  0.25325096  0.95052689
   0.30248314  0.24674905  0.54947311
   0.28765226  0.24679384  0.65347022
   0.28765226  0.74679384  0.15347022
   0.30248314  0.74674904  0.04947310
   0.30181173  0.24599987  0.45075178
   0.30181173  0.74599987  0.95075178
   0.80181173  0.75400013  0.54924822
   0.80181173  0.25400013  0.04924821
   0.61750243  0.55897966  0.05264057
   0.31852183  0.31619681  0.40620067
   0.52360815  0.48025953  0.13843411
   0.30806206  0.18855438  0.30224629
   0.50031119  0.49765582  0.25060705
   0.02547708  0.96288366  0.03772202
   0.07448786  0.03384654  0.14653122
   0.61750243  0.05897967  0.55264054
   0.31852183  0.81619681  0.90620067
   0.52360815  0.98025956  0.63843409
   0.30806206  0.68855435  0.80224629
   0.50031119  0.99765585  0.75060708
   0.02547708  0.46288369  0.53772202
   0.07448786  0.53384659  0.64653125
   0.11750246  0.44102031  0.94735946
   0.81852183  0.68380319  0.59379933
   0.02360812  0.51974044  0.86156591
   0.80806212  0.81144565  0.69775371
   0.00031121  0.50234415  0.74939292
   0.52547708  0.03711631  0.96227798
   0.57448788  0.96615341  0.85346875
   0.11750246  0.94102034  0.44735943
   0.81852183  0.18380319  0.09379934
   0.02360812  0.01974046  0.36156591
   0.80806212  0.31144565  0.19775371
   0.00031121  0.00234418  0.24939293
   0.52547708  0.53711634  0.46227795
   0.57448788  0.46615347  0.35346878
   0.11722502  0.44303780  0.05260440
   0.81630771  0.68699255  0.40535695
   0.02424302  0.51852378  0.13771962
   0.77641951  0.80124873  0.30391870
   0.00202809  0.50830902  0.25147450
   0.52412239  0.03796626  0.03794854
   0.57860848  0.96561077  0.14741627
   0.11722502  0.94303777  0.55260444
   0.81630771  0.18699257  0.90535698
   0.02424302  0.01852375  0.63771959
   0.77641951  0.30124876  0.80391867
   0.00202809  0.00830903  0.75147450
   0.52412239  0.53796627  0.53794852
   0.57860848  0.46561077  0.64741630
   0.61722501  0.55696223  0.94739556
   0.31630768  0.31300745  0.59464302
   0.52424296  0.48147625  0.86228041
   0.27641954  0.19875127  0.69608133
   0.50202813  0.49169098  0.74852550
   0.02412239  0.96203373  0.96205148
   0.07860849  0.03438921  0.85258370
   0.61722501  0.05696218  0.44739562
   0.31630768  0.81300745  0.09464304
   0.52424296  0.98147622  0.36228038
   0.27641954  0.69875127  0.19608128
   0.50202813  0.99169098  0.24852547
   0.02412239  0.46203376  0.46205148
   0.07860849  0.53438923  0.35258376
   0.33077751  0.16889292  0.50012932
   0.33077751  0.66889298  1.00012935
   0.83077751  0.83110702  0.49987065
   0.83077751  0.33110708 -0.00012935
   0.28595381  0.24362705  0.34496733
   0.28595381  0.74362705  0.84496736
   0.78595378  0.75637295  0.65503264
   0.78595378  0.25637296  0.15503265
