   0.24995348  0.24267412  0.10732605
   0.21691376  0.26983220  0.21951984
   0.24995348  0.74267412  0.60732606
   0.21691376  0.76983223  0.71951979
   0.74995345  0.75732588  0.89267394
   0.71691371  0.73016777  0.78048021
   0.74995345  0.25732588  0.39267397
   0.71691371  0.23016779  0.28048015
   0.75460081  0.76321371  0.10786191
   0.74348532  0.72243095  0.21980160
   0.75460081  0.26321373  0.60786193
   0.74348532  0.22243093  0.71980163
   0.25460082  0.23678627  0.89213807
   0.24348533  0.27756908  0.78019837
   0.25460082  0.73678629  0.39213810
   0.24348533  0.77756905  0.28019840
   0.26169154  0.24271347 -0.00005293
   0.26169154  0.74271347  0.49994707
   0.76169153  0.75728653  1.00005293
   0.76169153  0.25728653  0.50005287
   0.78458484  0.75445439  0.34647348
   0.78458484  0.25445439  0.84647348
   0.80616475  0.75405282  0.45059019
   0.80616475  0.25405282  0.95059016
   0.30616475  0.24594719  0.54940984
   0.28458487  0.24554561  0.65352652
   0.28458487  0.74554561  0.15352652
   0.30616475  0.74594718  0.04940983
   0.30542406  0.24498021  0.45086178
   0.30542406  0.74498021  0.95086178
   0.80542406  0.75501979  0.54913822
   0.80542406  0.25501979  0.04913822
   0.62310203  0.56114754  0.05271546
   0.31915851  0.31542231  0.40638403
   0.52383083  0.48397700  0.13875137
   0.30728119  0.18956418  0.30213577
   0.49895177  0.49777431  0.25059705
   0.02928458  0.96267791  0.03766024
   0.06367615  0.02644312  0.14588457
   0.62310203  0.06114755  0.55271544
   0.31915851  0.81542231  0.90638403
   0.52383083  0.98397703  0.63875136
   0.30728119  0.68956415  0.80213577
   0.49895177  0.99777434  0.75059708
   0.02928458  0.46267794  0.53766024
   0.06367615  0.52644318  0.64588460
   0.12310206  0.43885243  0.94728456
   0.81915851  0.68457769  0.59361597
   0.02383080  0.51602297  0.86124864
   0.80728125  0.81043585  0.69786423
  -0.00104821  0.50222566  0.74940292
   0.52928458  0.03732207  0.96233976
   0.56367616  0.97355682  0.85411540
   0.12310206  0.93885246  0.44728453
   0.81915851  0.18457769  0.09361598
   0.02383080  0.01602299  0.36124864
   0.80728125  0.31043585  0.19786423
  -0.00104821  0.00222569  0.24940293
   0.52928458  0.53732209  0.46233973
   0.56367616  0.47355688  0.35411543
   0.12289324  0.44094285  0.05271573
   0.81669668  0.68765725  0.40550155
   0.02427912  0.51472251  0.13792219
   0.77373295  0.79992121  0.30379999
   0.00073260  0.50836734  0.25148400
   0.52788921  0.03825397  0.03788466
   0.56811455  0.97343399  0.14688995
   0.12289324  0.94094282  0.55271577
   0.81669668  0.18765726  0.90550158
   0.02427912  0.01472248  0.63792216
   0.77373295  0.29992124  0.80379996
   0.00073260  0.00836735  0.75148400
   0.52788921  0.53825398  0.53788463
   0.56811455  0.47343399  0.64688998
   0.62289322  0.55905718  0.94728423
   0.31669665  0.31234275  0.59449842
   0.52427907  0.48527752  0.86207784
   0.27373298  0.20007879  0.69620004
   0.50073263  0.49163266  0.74851600
   0.02788921  0.96174602  0.96211537
   0.06811456  0.02656599  0.85311002
   0.62289322  0.05905713  0.44728429
   0.31669665  0.81234275  0.09449843
   0.52427907  0.98527749  0.36207781
   0.27373298  0.70007879  0.19620000
   0.50073263  0.99163266  0.24851597
   0.02788921  0.46174605  0.46211537
   0.06811456  0.52656601  0.35311008
   0.33435754  0.16811528  0.50013311
   0.33435754  0.66811534  1.00013314
   0.83435754  0.83188466  0.49986686
   0.83435754  0.33188472 -0.00013314
   0.28320033  0.24224587  0.34489247
   0.28320033  0.74224587  0.84489250
   0.78320030  0.75775413  0.65510750
   0.78320030  0.25775414  0.15510752
