   0.24849485  0.24698266  0.10423803
   0.24677171  0.27061150  0.22057017
   0.24849485  0.74698266  0.60423805
   0.24677171  0.77061153  0.72057012
   0.76485922  0.76049171  0.88941720
   0.72175510  0.72213867  0.78132196
   0.76485922  0.26049171  0.38941723
   0.72175510  0.22213869  0.28132190
   0.74851833  0.75256981  0.10423799
   0.74672187  0.72961304  0.22057229
   0.74851833  0.25256984  0.60423801
   0.74672187  0.22961303  0.72057232
   0.26502158  0.23991145  0.88939993
   0.22168516  0.27782620  0.78132849
   0.26502158  0.73991148  0.38939996
   0.22168516  0.77782617  0.28132852
   0.25375188  0.24565404 -0.00101892
   0.25375188  0.74565404  0.49898108
   0.75375895  0.75431700  0.99898091
   0.75375895  0.25431700  0.49898085
   0.78973562  0.75129804  0.65273451
   0.78973562  0.25129805  0.15273452
   0.80366275  0.75351624  0.45045805
   0.80366275  0.25351624  0.95045802
   0.29442172  0.24843071  0.54962155
   0.28975770  0.24814184  0.65271928
   0.28975770  0.74814184  0.15271928
   0.29442172  0.74843069  0.04962154
   0.30365507  0.24669388  0.45046435
   0.30365507  0.74669388  0.95046435
   0.79441696  0.75130524  0.54961944
   0.79441696  0.25130524  0.04961944
   0.59925781  0.54655717  0.05525792
   0.31106879  0.30828580  0.40698536
   0.52077119  0.47369941  0.13706332
   0.30614535  0.18749201  0.30128740
   0.50396071  0.49460372  0.25027103
   0.01888082  0.96358251  0.04015632
   0.09681799  0.05121300  0.14813625
   0.59925781  0.04655717  0.55525790
   0.31106879  0.80828580  0.90698536
   0.52077119  0.97369944  0.63706330
   0.30614535  0.68749198  0.80128740
   0.50396071  0.99460375  0.75027106
   0.01888082  0.46358254  0.54015631
   0.09681799  0.55121306  0.64813628
   0.12293580  0.43666017  0.95011182
   0.81916440  0.67996770  0.59593582
   0.03028382  0.51394010  0.86083053
   0.77936951  0.80368178  0.69491694
   0.00374154  0.50556805  0.74817847
   0.52398844  0.03728605  0.96366301
   0.56423025  0.97929768  0.85381454
   0.12293580  0.93666020  0.45011179
   0.81916440  0.17996770  0.09593583
   0.03028382  0.01394012  0.36083053
   0.77936951  0.30368178  0.19491694
   0.00374154  0.00556808  0.24817849
   0.52398844  0.53728608  0.46366298
   0.56423025  0.47929774  0.35381457
   0.09926292  0.45314298  0.05525272
   0.81096047  0.69216387  0.40697933
   0.02078975  0.52571514  0.13706509
   0.80621187  0.81265115  0.30129388
   0.00397147  0.50544646  0.25027228
   0.51887956  0.03619285  0.04016088
   0.59684876  0.94817534  0.14813027
   0.09926292  0.95314295  0.55525276
   0.81096047  0.19216389  0.90697935
   0.02078975  0.02571511  0.63706506
   0.80621187  0.31265118  0.80129385
   0.00397147  0.00544647  0.75027228
   0.51887956  0.53619286  0.54016086
   0.59684876  0.44817534  0.64813030
   0.62294541  0.56357465  0.95011200
   0.31909082  0.31957029  0.59593957
   0.53033190  0.48678666  0.86082400
   0.27947511  0.19589018  0.69491294
   0.50378799  0.49444054  0.74818549
   0.02397691  0.96286207  0.96365814
   0.06436520  0.02146649  0.85379306
   0.62294541  0.06357460  0.45011206
   0.31909082  0.81957029  0.09593958
   0.53033190  0.98678663  0.36082397
   0.27947511  0.69589018  0.19491289
   0.50378799  0.99444054  0.24818546
   0.02397691  0.46286210  0.46365814
   0.06436520  0.52146651  0.35379312
   0.32707281  0.17022071  0.50185208
   0.32707281  0.67022077  1.00185211
   0.82706414  0.82973485  0.50185016
   0.82706414  0.32973491  0.00185016
   0.28864520  0.24286531  0.34421065
   0.28864520  0.74286531  0.84421068
   0.78871450  0.75776309  0.34423342
   0.78871450  0.25776309  0.84423342
