   0.24879954  0.24698580  0.10434937
   0.24654454  0.27008508  0.22103891
   0.24879954  0.74698580  0.60434938
   0.24654454  0.77008511  0.72103887
   0.76053315  0.75474759  0.88990745
   0.72196086  0.72231266  0.78180462
   0.76053315  0.25474759  0.38990748
   0.72196086  0.22231268  0.28180456
   0.74889372  0.75237934  0.10435898
   0.74644333  0.73014369  0.22103821
   0.74889372  0.25237936  0.60435900
   0.74644333  0.23014367  0.72103824
   0.26087250  0.24582221  0.88987041
   0.22181348  0.27770147  0.78182196
   0.26087250  0.74582224  0.38987044
   0.22181348  0.77770144  0.28182199
   0.25134000  0.24633113 -0.00109898
   0.25134000  0.74633113  0.49890102
   0.75136850  0.75362044  0.99888342
   0.75136850  0.25362044  0.49888336
   0.79100093  0.75129411  0.65292539
   0.79100093  0.25129412  0.15292541
   0.80045124  0.75265094  0.45023110
   0.80045124  0.25265094  0.95023107
   0.29368221  0.24853735  0.54952400
   0.29103471  0.24798218  0.65291535
   0.29103471  0.74798218  0.15291535
   0.29368221  0.74853733  0.04952398
   0.30043349  0.24751809  0.45024002
   0.30043349  0.74751809  0.95024002
   0.79365974  0.75119896  0.54952054
   0.79365974  0.25119896  0.04952054
   0.59969222  0.54761814  0.05498263
   0.31156289  0.30925979  0.40660508
   0.52186177  0.47357941  0.13713471
   0.30588903  0.18620727  0.30147348
   0.50403012  0.49476740  0.25061523
   0.01739128  0.96294034  0.03990911
   0.09795788  0.05118929  0.14814860
   0.59969222  0.04761815  0.55498261
   0.31156289  0.80925979  0.90660508
   0.52186177  0.97357944  0.63713469
   0.30588903  0.68620724  0.80147348
   0.50403012  0.99476743  0.75061526
   0.01739128  0.46294037  0.53990910
   0.09795788  0.55118934  0.64814863
   0.11738693  0.43918884  0.94989916
   0.81950311  0.68000221  0.59581269
   0.02893671  0.51962029  0.86113713
   0.78086927  0.80291337  0.69508132
   0.00390159  0.50540035  0.74848558
   0.52123180  0.03690441  0.96336692
   0.57911733  0.96755744  0.85268451
   0.11738693  0.93918887  0.44989913
   0.81950311  0.18000221  0.09581271
   0.02893671  0.01962031  0.36113713
   0.78086927  0.30291337  0.19508132
   0.00390159  0.00540038  0.24848560
   0.52123180  0.53690443  0.46336689
   0.57911733  0.46755750  0.35268454
   0.09968949  0.45209428  0.05496333
   0.81123777  0.69124811  0.40659419
   0.02180474  0.52561807  0.13714634
   0.80610108  0.81401338  0.30148576
   0.00402573  0.50527850  0.25061660
   0.51731411  0.03692554  0.03993230
   0.59807251  0.94811351  0.14814233
   0.09968949  0.95209425  0.55496337
   0.81123777  0.19124812  0.90659421
   0.02180474  0.02561804  0.63714631
   0.80610108  0.31401341  0.80148573
   0.00402573  0.00527851  0.75061660
   0.51731411  0.53692555  0.53993228
   0.59807251  0.44811351  0.64814236
   0.61740846  0.56101616  0.94990491
   0.31930164  0.31943891  0.59581938
   0.52897865  0.48131250  0.86111496
   0.28111352  0.19649902  0.69509389
   0.50396792  0.49461124  0.74849450
   0.02118490  0.96316030  0.96334370
   0.07935106  0.03349046  0.85264274
   0.61740846  0.06101612  0.44990497
   0.31930164  0.81943891  0.09581940
   0.52897865  0.98131247  0.36111493
   0.28111352  0.69649902  0.19509384
   0.50396792  0.99461124  0.24849447
   0.02118490  0.46316033  0.46334370
   0.07935106  0.53349048  0.35264280
   0.32533207  0.17050737  0.50164774
   0.32533207  0.67050743  1.00164777
   0.82527375  0.82940938  0.50164342
   0.82527375  0.32940944  0.00164342
   0.29077384  0.24577721  0.34435678
   0.29077384  0.74577721  0.84435681
   0.79090456  0.75502630  0.34439016
   0.79090456  0.25502630  0.84439016
