   0.24902296  0.24714063  0.10415423
   0.24597599  0.27131522  0.21978864
   0.24902296  0.74714063  0.60415424
   0.24597599  0.77131525  0.71978860
   0.77492808  0.76832033  0.88872676
   0.72237670  0.72224361  0.78048209
   0.77492808  0.26832033  0.38872678
   0.72237670  0.22224362  0.28048203
   0.74902291  0.75258017  0.10415338
   0.74596192  0.72885849  0.21979150
   0.74902291  0.25258020  0.60415340
   0.74596192  0.22885847  0.71979153
   0.27492583  0.23192415  0.88872965
   0.22234859  0.27764702  0.78048452
   0.27492583  0.73192417  0.38872968
   0.22234859  0.77764699  0.28048455
   0.25671782  0.24473412 -0.00089276
   0.25671782  0.74473412  0.49910724
   0.75673015  0.75528457  0.99910489
   0.75673015  0.25528457  0.49910483
   0.78960060  0.75108641  0.65251072
   0.78960060  0.25108643  0.15251073
   0.80683638  0.75464879  0.45071618
   0.80683638  0.25464879  0.95071615
   0.29565659  0.24836892  0.54983895
   0.28960879  0.24851817  0.65249715
   0.28960879  0.74851817  0.15249715
   0.29565659  0.74836891  0.04983894
   0.30683951  0.24556818  0.45072152
   0.30683951  0.74556818  0.95072152
   0.79564977  0.75146008  0.54983773
   0.79564977  0.25146008  0.04983772
   0.59852867  0.54482616  0.05581163
   0.30303919  0.30740586  0.40748002
   0.52054316  0.47349791  0.13705961
   0.30578865  0.19116098  0.30088445
   0.50377563  0.49453556  0.24974200
   0.02087478  0.96457874  0.04063108
   0.09783416  0.05229693  0.14838117
   0.59852867  0.04482617  0.55581161
   0.30303919  0.80740586  0.90748002
   0.52054316  0.97349794  0.63705960
   0.30578865  0.69116095  0.80088445
   0.50377563  0.99453559  0.74974203
   0.02087478  0.46457877  0.54063108
   0.09783416  0.55229698  0.64838120
   0.12946856  0.43286317  0.95042870
   0.81954478  0.67974827  0.59627854
   0.03590733  0.50175537  0.86022621
   0.77887199  0.80523145  0.69473514
   0.00314146  0.50560511  0.74761993
   0.52671454  0.03763718  0.96410432
   0.54039931  0.99805789  0.85523232
   0.12946856  0.93286320  0.45042867
   0.81954478  0.17974827  0.09627856
   0.03590733  0.00175539  0.36022621
   0.77887199  0.30523145  0.19473514
   0.00314146  0.00560514  0.24761995
   0.52671454  0.53763720  0.46410429
   0.54039931  0.49805795  0.35523235
   0.09854272  0.45495236  0.05580538
   0.80303700  0.69295414  0.40747647
   0.02056221  0.52608551  0.13705633
   0.80581897  0.80888138  0.30088944
   0.00379059  0.50547381  0.24974411
   0.52088627  0.03526830  0.04063224
   0.59786067  0.94726380  0.14837829
   0.09854272  0.95495233  0.55580542
   0.80303700  0.19295416  0.90747650
   0.02056221  0.02608549  0.63705630
   0.80581897  0.30888141  0.80088941
   0.00379059  0.00547382  0.74974411
   0.52088627  0.53526831  0.54063221
   0.59786067  0.44726380  0.64837832
   0.62947974  0.56738481  0.95042780
   0.31949684  0.31994014  0.59628017
   0.53594547  0.49870815  0.86022753
   0.27885862  0.19447567  0.69473168
   0.50317208  0.49436163  0.74762542
   0.02671990  0.96254743  0.96410382
   0.04044990  0.00238845  0.85523437
   0.62947974  0.06738477  0.45042786
   0.31949684  0.81994014  0.09628019
   0.53594547  0.99870812  0.36022750
   0.27885862  0.69447567  0.19473163
   0.50317208  0.99436163  0.24762539
   0.02671990  0.46254746  0.46410382
   0.04044990  0.50238847  0.35523443
   0.32882093  0.16987590  0.50220856
   0.32882093  0.66987596  1.00220859
   0.82881924  0.83013419  0.50220683
   0.82881924  0.33013425  0.00220683
   0.28555149  0.23872680  0.34384763
   0.28555149  0.73872680  0.84384766
   0.78555222  0.76167794  0.34386361
   0.78555222  0.26167794  0.84386361
