   0.25008227  0.24699874  0.10468888
   0.24529712  0.26980161  0.22168919
   0.25008227  0.74699874  0.60468889
   0.24529712  0.76980164  0.72168914
   0.75838177  0.74882161  0.89033063
   0.72315934  0.72221467  0.78239548
   0.75838177  0.24882161  0.39033065
   0.72315934  0.22221469  0.28239542
   0.75042123  0.75207892  0.10479057
   0.74482453  0.73042772  0.22165744
   0.75042123  0.25207895  0.60479059
   0.74482453  0.23042770  0.72165747
   0.25917275  0.25183372  0.89022439
   0.22235609  0.27793266  0.78249787
   0.25917275  0.75183375  0.39022442
   0.22235609  0.77793263  0.28249790
   0.24703633  0.24707065 -0.00120616
   0.24703633  0.74707065  0.49879384
   0.74729161  0.75298684  0.99837627
   0.74729161  0.25298684  0.49837621
   0.79411137  0.75121111  0.65345859
   0.79411137  0.25121113  0.15345861
   0.79527061  0.75136204  0.44957614
   0.79527061  0.25136204  0.94957611
   0.29271284  0.24875656  0.54947511
   0.29419742  0.24780343  0.65336054
   0.29419742  0.74780343  0.15336054
   0.29271284  0.74875654  0.04947510
   0.29495801  0.24844044  0.44959405
   0.29495801  0.74844044  0.94959405
   0.79233544  0.75139557  0.54946444
   0.79233544  0.25139557  0.04946444
   0.60104115  0.55002022  0.05482937
   0.31077694  0.31181983  0.40578450
   0.52450449  0.47320634  0.13738959
   0.30383878  0.18363745  0.30179792
   0.50347673  0.49504845  0.25118845
   0.01419479  0.96126979  0.03954467
   0.10191926  0.05195065  0.14864034
   0.60104115  0.05002023  0.55482935
   0.31077694  0.81181983  0.90578450
   0.52450449  0.97320637  0.63738958
   0.30383878  0.68363742  0.80179792
   0.50347673  0.99504848  0.75118848
   0.01419479  0.46126982  0.53954466
   0.10191926  0.55195070  0.64864037
   0.10822381  0.44286937  0.94917976
   0.82039358  0.67998915  0.59580632
   0.02936500  0.52503533  0.86157379
   0.78421225  0.80434521  0.69549348
   0.00327895  0.50509132  0.74884881
   0.51626233  0.03623414  0.96278359
   0.59650211  0.95422041  0.85118911
   0.10822381  0.94286940  0.44917973
   0.82039358  0.17998915  0.09580633
   0.02936500  0.02503535  0.36157379
   0.78421225  0.30434521  0.19549348
   0.00327895  0.00509135  0.24884883
   0.51626233  0.53623417  0.46278356
   0.59650211  0.45422047  0.35118914
   0.10146405  0.44951485  0.05458660
   0.80961498  0.68887029  0.40574497
   0.02447663  0.52553506  0.13743098
   0.80496772  0.81665861  0.30185185
   0.00334613  0.50498546  0.25117836
   0.51333664  0.03966129  0.03971107
   0.60225966  0.94674764  0.14872289
   0.10146405  0.94951482  0.55458664
   0.80961498  0.18887030  0.90574500
   0.02447663  0.02553503  0.63743095
   0.80496772  0.31665864  0.80185182
   0.00334613  0.00498547  0.75117836
   0.51333664  0.53966130  0.53971104
   0.60225966  0.44674764  0.64872292
   0.60856495  0.55736872  0.94927090
   0.31973497  0.31945863  0.59585676
   0.52936735  0.47635167  0.86150370
   0.28493737  0.19486063  0.69549466
   0.50339573  0.49490609  0.74887245
   0.01582335  0.96309933  0.96256521
   0.09713961  0.04748397  0.85103646
   0.60856495  0.05736868  0.44927096
   0.31973497  0.81945863  0.09585677
   0.52936735  0.97635164  0.36150367
   0.28493737  0.69486063  0.19549462
   0.50339573  0.99490609  0.24887242
   0.01582335  0.46309936  0.46256521
   0.09713961  0.54748399  0.35103651
   0.32232757  0.17002170  0.50131376
   0.32232757  0.67002176  1.00131379
   0.82204226  0.82959333  0.50127948
   0.82204226  0.32959339  0.00127948
   0.29367289  0.24898619  0.34453305
   0.29367289  0.74898619  0.84453308
   0.79392895  0.75202240  0.34462361
   0.79392895  0.25202240  0.84462361
