   0.24878605  0.24698508  0.10434853
   0.24655910  0.27008812  0.22102859
   0.24878605  0.74698508  0.60434855
   0.24655910  0.77008815  0.72102854
   0.76062849  0.75488169  0.88989158
   0.72195181  0.72229996  0.78179043
   0.76062849  0.25488169  0.38989161
   0.72195181  0.22229997  0.28179037
   0.74887070  0.75238756  0.10435778
   0.74645904  0.73013806  0.22102806
   0.74887070  0.25238759  0.60435780
   0.74645904  0.23013805  0.72102809
   0.26096222  0.24568208  0.88985520
   0.22180803  0.27770900  0.78180727
   0.26096222  0.74568211  0.38985523
   0.22180803  0.77770897  0.28180730
   0.25140632  0.24630983 -0.00109627
   0.25140632  0.74630983  0.49890373
   0.75143399  0.75364147  0.99888699
   0.75143399  0.25364147  0.49888693
   0.79095202  0.75129836  0.65292964
   0.79095202  0.25129837  0.15292966
   0.80055551  0.75267045  0.45023350
   0.80055551  0.25267045  0.95023347
   0.29370078  0.24853431  0.54953133
   0.29099108  0.24798598  0.65291215
   0.29099108  0.74798598  0.15291215
   0.29370078  0.74853430  0.04953132
   0.30053829  0.24750077  0.45024219
   0.30053829  0.74750077  0.95024219
   0.79367815  0.75120246  0.54952701
   0.79367815  0.25120246  0.04952701
   0.59967615  0.54757301  0.05498790
   0.31157164  0.30922190  0.40661814
   0.52179698  0.47361209  0.13712997
   0.30590215  0.18623616  0.30146969
   0.50403041  0.49476085  0.25060433
   0.01744457  0.96295713  0.03991600
   0.09794019  0.05116137  0.14814338
   0.59967615  0.04757302  0.55498788
   0.31157164  0.80922190  0.90661814
   0.52179698  0.97361212  0.63712996
   0.30590215  0.68623613  0.80146969
   0.50403041  0.99476087  0.75060436
   0.01744457  0.46295716  0.53991599
   0.09794019  0.55116142  0.64814341
   0.11755139  0.43910366  0.94991011
   0.81948721  0.68000502  0.59580884
   0.02895967  0.51948492  0.86113170
   0.78081984  0.80292601  0.69507384
   0.00389940  0.50540601  0.74847702
   0.52131037  0.03691300  0.96337999
   0.57874225  0.96785601  0.85271585
   0.11755139  0.93910369  0.44991008
   0.81948721  0.18000502  0.09580885
   0.02895967  0.01948494  0.36113170
   0.78081984  0.30292601  0.19507384
   0.00389940  0.00540604  0.24847704
   0.52131037  0.53691303  0.46337996
   0.57874225  0.46785607  0.35271588
   0.09967472  0.45213962  0.05496934
   0.81125512  0.69128433  0.40660746
   0.02179270  0.52564364  0.13714142
   0.80610825  0.81398156  0.30148180
   0.00402359  0.50528202  0.25060565
   0.51736918  0.03690192  0.03993832
   0.59799903  0.94809073  0.14813693
   0.09967472  0.95213959  0.55496938
   0.81125512  0.19128435  0.90660749
   0.02179270  0.02564361  0.63714139
   0.80610825  0.31398159  0.80148177
   0.00402359  0.00528203  0.75060565
   0.51736918  0.53690193  0.53993830
   0.59799903  0.44809073  0.64813696
   0.61757183  0.56110235  0.94991560
   0.31929046  0.31943409  0.59581686
   0.52900177  0.48144188  0.86111013
   0.28106079  0.19650449  0.69507492
   0.50396551  0.49460726  0.74848594
   0.02126483  0.96315564  0.96335765
   0.07897325  0.03318412  0.85267463
   0.61757183  0.06110231  0.44991566
   0.31929046  0.81943409  0.09581688
   0.52900177  0.98144185  0.36111010
   0.28106079  0.69650449  0.19507488
   0.50396551  0.99460726  0.24848591
   0.02126483  0.46315567  0.46335765
   0.07897325  0.53318414  0.35267469
   0.32538993  0.17049518  0.50165730
   0.32538993  0.67049524  1.00165733
   0.82533423  0.82942308  0.50165311
   0.82533423  0.32942314  0.00165311
   0.29069151  0.24567178  0.34434968
   0.29069151  0.74567178  0.84434971
   0.79081920  0.75512381  0.34438242
   0.79081920  0.25512381  0.84438242
