   0.24948940  0.24727734  0.10415342
   0.24564446  0.27131751  0.21966698
   0.24948940  0.74727734  0.60415344
   0.24564446  0.77131754  0.71966693
   0.77536715  0.76824771  0.88868322
   0.72239775  0.72233041  0.78035271
   0.77536715  0.26824771  0.38868325
   0.72239775  0.22233043  0.28035265
   0.74948655  0.75248340  0.10415180
   0.74563018  0.72882909  0.21966920
   0.74948655  0.25248343  0.60415183
   0.74563018  0.22882907  0.71966923
   0.27536654  0.23195544  0.88868381
   0.22237570  0.27752629  0.78035297
   0.27536654  0.73195547  0.38868384
   0.22237570  0.77752626  0.28035300
   0.25668496  0.24471452 -0.00083790
   0.25668496  0.74471452  0.49916210
   0.75669600  0.75530773  0.99916342
   0.75669600  0.25530773  0.49916336
   0.79004133  0.75099136  0.65247420
   0.79004133  0.25099138  0.15247422
   0.80660396  0.75464385  0.45076692
   0.80660396  0.25464385  0.95076689
   0.29577540  0.24842820  0.54990987
   0.29004818  0.24864560  0.65246219
   0.29004818  0.74864560  0.15246219
   0.29577540  0.74842819  0.04990986
   0.30660855  0.24557030  0.45077280
   0.30660855  0.74557030  0.95077280
   0.79577098  0.75142388  0.54990876
   0.79577098  0.25142388  0.04990875
   0.59818970  0.54437205  0.05592511
   0.30140629  0.30740306  0.40754996
   0.52090233  0.47341488  0.13704819
   0.30559302  0.19150964  0.30078315
   0.50368922  0.49452393  0.24964522
   0.02122949  0.96488863  0.04072854
   0.09861554  0.05265481  0.14843395
   0.59818970  0.04437206  0.55592509
   0.30140629  0.80740306  0.90754996
   0.52090233  0.97341491  0.63704818
   0.30559302  0.69150961  0.80078315
   0.50368922  0.99452396  0.74964525
   0.02122949  0.46488866  0.54072853
   0.09861554  0.55265487  0.64843398
   0.12952582  0.43258219  0.95050717
   0.81982620  0.67969626  0.59636601
   0.03606217  0.50136645  0.86016427
   0.77926090  0.80542368  0.69469521
   0.00294996  0.50557609  0.74751345
   0.52662897  0.03756139  0.96420342
   0.53978073  0.99834280  0.85522678
   0.12952582  0.93258222  0.45050714
   0.81982620  0.17969626  0.09636602
   0.03606217  0.00136647  0.36016427
   0.77926090  0.30542368  0.19469521
   0.00294996  0.00557612  0.24751346
   0.52662897  0.53756141  0.46420339
   0.53978073  0.49834286  0.35522681
   0.09819953  0.45543548  0.05591958
   0.80141972  0.69292913  0.40754646
   0.02092148  0.52620675  0.13704459
   0.80561186  0.80851359  0.30078789
   0.00370432  0.50546915  0.24964698
   0.52124576  0.03497718  0.04072955
   0.59863772  0.94694001  0.14843079
   0.09819953  0.95543545  0.55591962
   0.80141972  0.19292915  0.90754649
   0.02092148  0.02620672  0.63704456
   0.80561186  0.30851362  0.80078786
   0.00370432  0.00546915  0.74964698
   0.52124576  0.53497719  0.54072953
   0.59863772  0.44694001  0.64843082
   0.62953804  0.56766535  0.95050559
   0.31977952  0.32002569  0.59636711
   0.53610651  0.49906496  0.86016555
   0.27924266  0.19430533  0.69469199
   0.50297969  0.49437587  0.74751871
   0.02663578  0.96262676  0.96420450
   0.03983023  0.00206684  0.85522654
   0.62953804  0.06766530  0.45050565
   0.31977952  0.82002569  0.09636713
   0.53610651  0.99906493  0.36016552
   0.27924266  0.69430533  0.19469194
   0.50297969  0.99437587  0.24751868
   0.02663578  0.46262679  0.46420450
   0.03983023  0.50206686  0.35522660
   0.32882572  0.16986390  0.50229260
   0.32882572  0.66986396  1.00229263
   0.82882091  0.83016049  0.50229094
   0.82882091  0.33016055  0.00229094
   0.28542484  0.23877336  0.34374519
   0.28542484  0.73877336  0.84374522
   0.78542799  0.76159149  0.34376055
   0.78542799  0.26159149  0.84376055
