   0.24849932  0.24698358  0.10421749
   0.24675257  0.27073986  0.22046245
   0.24849932  0.74698358  0.60421750
   0.24675257  0.77073989  0.72046240
   0.76625688  0.76194873  0.88929176
   0.72178647  0.72211762  0.78121046
   0.76625688  0.26194873  0.38929179
   0.72178647  0.22211764  0.28121040
   0.74851879  0.75259680  0.10421709
   0.74670853  0.72948169  0.22046479
   0.74851879  0.25259683  0.60421711
   0.74670853  0.22948168  0.72046482
   0.26638993  0.23843108  0.88927815
   0.22172591  0.27783662  0.78121576
   0.26638993  0.73843111  0.38927818
   0.22172591  0.77783659  0.28121579
   0.25421676  0.24552523 -0.00100676
   0.25421676  0.74552523  0.49899324
   0.75422433  0.75445185  0.99899340
   0.75422433  0.25445185  0.49899334
   0.78959845  0.75127526  0.65268697
   0.78959845  0.25127528  0.15268699
   0.80425898  0.75371250  0.45050182
   0.80425898  0.25371250  0.95050179
   0.29459585  0.24840882  0.54964842
   0.28961782  0.24818940  0.65267274
   0.28961782  0.74818940  0.15267274
   0.29459585  0.74840880  0.04964841
   0.30425391  0.24650039  0.45050782
   0.30425391  0.74650039  0.95050782
   0.79459106  0.75133697  0.54964663
   0.79459106  0.25133697  0.04964663
   0.59918330  0.54634016  0.05532524
   0.31052077  0.30813082  0.40705893
   0.52065115  0.47369192  0.13705952
   0.30614521  0.18790179  0.30124364
   0.50393884  0.49458461  0.25020295
   0.01916885  0.96370879  0.04021431
   0.09677338  0.05129489  0.14815872
   0.59918330  0.04634017  0.55532522
   0.31052077  0.80813082  0.90705893
   0.52065115  0.97369195  0.63705951
   0.30614521  0.68790176  0.80124364
   0.50393884  0.99458464  0.75020298
   0.01916885  0.46370882  0.54021430
   0.09677338  0.55129494  0.64815875
   0.12404931  0.43611139  0.95014853
   0.81916545  0.67994800  0.59597149
   0.03086975  0.51231168  0.86074519
   0.77916927  0.80389618  0.69489664
   0.00368981  0.50558198  0.74810887
   0.52450616  0.03735959  0.96371980
   0.56042615  0.98232811  0.85408165
   0.12404931  0.93611142  0.45014850
   0.81916545  0.17994800  0.09597150
   0.03086975  0.01231170  0.36074519
   0.77916927  0.30389618  0.19489664
   0.00368981  0.00558201  0.24810889
   0.52450616  0.53735961  0.46371977
   0.56042615  0.48232817  0.35408168
   0.09919049  0.45336754  0.05532024
   0.81042981  0.69230726  0.40705343
   0.02067093  0.52574848  0.13706022
   0.80619997  0.81222786  0.30124971
   0.00395116  0.50546356  0.25020420
   0.51917197  0.03606982  0.04021768
   0.59680383  0.94811897  0.14815330
   0.09919049  0.95336751  0.55532028
   0.81042981  0.19230727  0.90705346
   0.02067093  0.02574846  0.63706019
   0.80619997  0.31222789  0.80124968
   0.00395116  0.00546357  0.75020420
   0.51917197  0.53606983  0.54021765
   0.59680383  0.44811897  0.64815333
   0.62405944  0.56412678  0.95014816
   0.31910043  0.31961202  0.59597488
   0.53091725  0.48837370  0.86074058
   0.27925420  0.19570141  0.69489111
   0.50373363  0.49442304  0.74811566
   0.02449784  0.96279552  0.96371599
   0.06054119  0.01837915  0.85406529
   0.62405944  0.06412674  0.45014822
   0.31910043  0.81961202  0.09597489
   0.53091725  0.98837367  0.36074055
   0.27925420  0.69570141  0.19489107
   0.50373363  0.99442304  0.24811563
   0.02449784  0.46279555  0.46371599
   0.06054119  0.51837917  0.35406535
   0.32739741  0.17016457  0.50189478
   0.32739741  0.67016463  1.00189481
   0.82739031  0.82979812  0.50189298
   0.82739031  0.32979818  0.00189298
   0.28818874  0.24214816  0.34416786
   0.28818874  0.74214816  0.84416789
   0.78824814  0.75844753  0.34418939
   0.78824814  0.25844753  0.84418939
