   0.24859321  0.24701537  0.10417920
   0.24663201  0.27097314  0.22025093
   0.24859321  0.74701537  0.60417922
   0.24663201  0.77097317  0.72025089
   0.76926329  0.76469652  0.88904783
   0.72193045  0.72212039  0.78098319
   0.76926329  0.26469652  0.38904786
   0.72193045  0.22212041  0.28098313
   0.74860411  0.75261498  0.10417828
   0.74659903  0.72923667  0.22025336
   0.74860411  0.25261501  0.60417830
   0.74659903  0.22923665  0.72025339
   0.26934240  0.23564500  0.88904083
   0.22188392  0.27781428  0.78098665
   0.26934240  0.73564502  0.38904086
   0.22188392  0.77781425  0.28098668
   0.25511449  0.24525365 -0.00098805
   0.25511449  0.74525365  0.49901195
   0.75512335  0.75473348  0.99901269
   0.75512335  0.25473348  0.49901263
   0.78943737  0.75124572  0.65263346
   0.78943737  0.25124573  0.15263347
   0.80533419  0.75407190  0.45056647
   0.80533419  0.25407190  0.95056644
   0.29493482  0.24839453  0.54969188
   0.28945302  0.24826704  0.65261854
   0.28945302  0.74826704  0.15261854
   0.29493482  0.74839452  0.04969187
   0.30533471  0.24614416  0.45057197
   0.30533471  0.74614416  0.95057197
   0.79492973  0.75137461  0.54969023
   0.79492973  0.25137461  0.04969023
   0.59901637  0.54590072  0.05547422
   0.30881509  0.30784214  0.40720451
   0.52048860  0.47364758  0.13705079
   0.30609303  0.18885529  0.30113595
   0.50388760  0.49456433  0.25006207
   0.01971868  0.96395615  0.04034322
   0.09688261  0.05154593  0.14821189
   0.59901637  0.04590072  0.55547420
   0.30881509  0.80784214  0.90720451
   0.52048860  0.97364761  0.63705078
   0.30609303  0.68885526  0.80113595
   0.50388760  0.99456436  0.75006210
   0.01971868  0.46395618  0.54034322
   0.09688261  0.55154598  0.64821192
   0.12611019  0.43498324  0.95023133
   0.81922136  0.67989402  0.59606446
   0.03230375  0.50885730  0.86056886
   0.77890381  0.80432709  0.69484029
   0.00355865  0.50561230  0.74796249
   0.52538527  0.03748954  0.96384062
   0.55301664  0.98822606  0.85456953
   0.12611019  0.93498327  0.45023130
   0.81922136  0.17989402  0.09606448
   0.03230375  0.00885733  0.36056886
   0.77890381  0.30432709  0.19484029
   0.00355865  0.00561233  0.24796251
   0.52538527  0.53748957  0.46384059
   0.55301664  0.48822612  0.35456956
   0.09902488  0.45382556  0.05546923
   0.80874965  0.69257278  0.40719987
   0.02050862  0.52583929  0.13704981
   0.80613383  0.81124813  0.30114166
   0.00390207  0.50547673  0.25006346
   0.51972846  0.03583693  0.04034513
   0.59691254  0.94791610  0.14820737
   0.09902488  0.95382553  0.55546927
   0.80874965  0.19257280  0.90719990
   0.02050862  0.02583926  0.63704978
   0.80613383  0.31124816  0.80114163
   0.00390207  0.00547674  0.75006346
   0.51972846  0.53583693  0.54034510
   0.59691254  0.44791610  0.64820740
   0.62612135  0.56525936  0.95023059
   0.31916721  0.31970823  0.59606688
   0.53234808  0.49175351  0.86056695
   0.27895286  0.19531012  0.69483657
   0.50359763  0.49438283  0.74796891
   0.02538236  0.96267654  0.96383835
   0.05309747  0.01237986  0.85456234
   0.62612135  0.06525932  0.45023065
   0.31916721  0.81970823  0.09606689
   0.53234808  0.99175348  0.36056692
   0.27895286  0.69531012  0.19483653
   0.50359763  0.99438283  0.24796888
   0.02538236  0.46267657  0.46383835
   0.05309747  0.51237988  0.35456240
   0.32795083  0.17006127  0.50199211
   0.32795083  0.67006133  1.00199214
   0.82794512  0.82991512  0.50199042
   0.82794512  0.32991518  0.00199042
   0.28726282  0.24077860  0.34408650
   0.28726282  0.74077860  0.84408653
   0.78730221  0.75975574  0.34410603
   0.78730221  0.25975574  0.84410603
