   0.24856789  0.24700956  0.10418540
   0.24666705  0.27093676  0.22029364
   0.24856789  0.74700956  0.60418541
   0.24666705  0.77093679  0.72029360
   0.76848832  0.76405545  0.88911279
   0.72188799  0.72212144  0.78104226
   0.76848832  0.26405545  0.38911282
   0.72188799  0.22212145  0.28104220
   0.74858008  0.75260914  0.10418466
   0.74663303  0.72927536  0.22029619
   0.74858008  0.25260917  0.60418468
   0.74663303  0.22927534  0.72029622
   0.26858000  0.23629545  0.88910441
   0.22183811  0.27781688  0.78104601
   0.26858000  0.73629548  0.38910444
   0.22183811  0.77781685  0.28104604
   0.25490645  0.24532116 -0.00098859
   0.25490645  0.74532116  0.49901141
   0.75491505  0.75466341  0.99901191
   0.75491505  0.25466341  0.49901185
   0.78945407  0.75127157  0.65264742
   0.78945407  0.25127158  0.15264743
   0.80509548  0.75398088  0.45055550
   0.80509548  0.25398088  0.95055547
   0.29486567  0.24839863  0.54968260
   0.28947205  0.24823302  0.65263048
   0.28947205  0.74823302  0.15263048
   0.29486567  0.74839861  0.04968259
   0.30509487  0.24623489  0.45056115
   0.30509487  0.74623489  0.95056115
   0.79486053  0.75136440  0.54968097
   0.79486053  0.25136440  0.04968096
   0.59906513  0.54603689  0.05543611
   0.30933129  0.30789932  0.40716892
   0.52050946  0.47366166  0.13705449
   0.30610451  0.18860726  0.30116612
   0.50390085  0.49456891  0.25009996
   0.01956268  0.96389520  0.04030701
   0.09682741  0.05147654  0.14819890
   0.59906513  0.04603690  0.55543609
   0.30933129  0.80789932  0.90716892
   0.52050946  0.97366169  0.63705448
   0.30610451  0.68860723  0.80116612
   0.50390085  0.99456894  0.75009999
   0.01956268  0.46389523  0.54030700
   0.09682741  0.55147659  0.64819893
   0.12562626  0.43526429  0.95020700
   0.81919448  0.67990505  0.59604539
   0.03191241  0.50974942  0.86060871
   0.77895064  0.80419456  0.69484427
   0.00359357  0.50560415  0.74800301
   0.52518376  0.03746131  0.96380782
   0.55482202  0.98679940  0.85445259
   0.12562626  0.93526432  0.45020697
   0.81919448  0.17990505  0.09604540
   0.03191241  0.00974944  0.36060871
   0.77895064  0.30419456  0.19484427
   0.00359357  0.00560418  0.24800302
   0.52518376  0.53746133  0.46380779
   0.55482202  0.48679946  0.35445262
   0.09907265  0.45368358  0.05543114
   0.80925993  0.69252137  0.40716413
   0.02053046  0.52581548  0.13705389
   0.80614786  0.81150275  0.30117187
   0.00391452  0.50547494  0.25010128
   0.51957173  0.03589394  0.04030918
   0.59685611  0.94797245  0.14819418
   0.09907265  0.95368355  0.55543118
   0.80925993  0.19252139  0.90716416
   0.02053046  0.02581546  0.63705386
   0.80614786  0.31150278  0.80117184
   0.00391452  0.00547494  0.75010128
   0.51957173  0.53589395  0.54030915
   0.59685611  0.44797245  0.64819421
   0.62563710  0.56497764  0.95020627
   0.31913811  0.31968657  0.59604816
   0.53195739  0.49087954  0.86060622
   0.27900737  0.19542929  0.69484256
   0.50363326  0.49439400  0.74800952
   0.02517972  0.96270213  0.96380522
   0.05491013  0.01383018  0.85444333
   0.62563710  0.06497760  0.45020633
   0.31913811  0.81968657  0.09604817
   0.53195739  0.99087951  0.36060619
   0.27900737  0.69542929  0.19484251
   0.50363326  0.99439400  0.24800949
   0.02517972  0.46270216  0.46380522
   0.05491013  0.51383020  0.35444339
   0.32781632  0.17008497  0.50196346
   0.32781632  0.67008503  1.00196349
   0.82781030  0.82988779  0.50196186
   0.82781030  0.32988785  0.00196186
   0.28751040  0.24114192  0.34411025
   0.28751040  0.74114192  0.84411028
   0.78755521  0.75940933  0.34413032
   0.78755521  0.25940933  0.84413032
