   0.24961736  0.24731796  0.10415409
   0.24555864  0.27131724  0.21963745
   0.24961736  0.74731796  0.60415411
   0.24555864  0.77131727  0.71963741
   0.77547579  0.76826030  0.88866918
   0.72239910  0.72234036  0.78031700
   0.77547579  0.26826030  0.38866921
   0.72239910  0.22234038  0.28031694
   0.74961390  0.75245354  0.10415234
   0.74554424  0.72882209  0.21963969
   0.74961390  0.25245357  0.60415236
   0.74554424  0.22882208  0.71963972
   0.27547329  0.23193198  0.88866984
   0.22237923  0.27750485  0.78031674
   0.27547329  0.73193201  0.38866987
   0.22237923  0.77750482  0.28031677
   0.25664865  0.24471719 -0.00082503
   0.25664865  0.74471719  0.49917497
   0.75665949  0.75530652  0.99917649
   0.75665949  0.25530652  0.49917643
   0.79018258  0.75095219  0.65245660
   0.79018258  0.25095220  0.15245661
   0.80654342  0.75464734  0.45078397
   0.80654342  0.25464734  0.95078394
   0.29578332  0.24844166  0.54992867
   0.29018894  0.24869342  0.65244474
   0.29018894  0.74869342  0.15244474
   0.29578332  0.74844165  0.04992866
   0.30654808  0.24556584  0.45078997
   0.30654808  0.74556584  0.95078997
   0.79577885  0.75141713  0.54992754
   0.79577885  0.25141713  0.04992754
   0.59807471  0.54424401  0.05595424
   0.30107899  0.30742359  0.40756089
   0.52101824  0.47339022  0.13704682
   0.30553559  0.19159728  0.30076463
   0.50366218  0.49451778  0.24962036
   0.02129421  0.96496213  0.04075310
   0.09885748  0.05276544  0.14844887
   0.59807471  0.04424402  0.55595422
   0.30107899  0.80742359  0.90756089
   0.52101824  0.97339025  0.63704681
   0.30553559  0.69159725  0.80076463
   0.50366218  0.99451781  0.74962039
   0.02129421  0.46496216  0.54075310
   0.09885748  0.55276550  0.64844890
   0.12950661  0.43254008  0.95052671
   0.81990489  0.67967622  0.59638572
   0.03605253  0.50130999  0.86014780
   0.77938717  0.80548071  0.69469095
   0.00290322  0.50556848  0.74748571
   0.52658645  0.03754955  0.96422531
   0.53964202  0.99839911  0.85522664
   0.12950661  0.93254011  0.45052668
   0.81990489  0.17967622  0.09638574
   0.03605253  0.00131001  0.36014780
   0.77938717  0.30548071  0.19469095
   0.00290322  0.00556851  0.24748572
   0.52658645  0.53754958  0.46422528
   0.53964202  0.49839917  0.35522667
   0.09808392  0.45557139  0.05594886
   0.80109687  0.69290221  0.40755746
   0.02103641  0.52624135  0.13704316
   0.80555059  0.80841949  0.30076922
   0.00367743  0.50546926  0.24962204
   0.52131074  0.03490986  0.04075409
   0.59887964  0.94684016  0.14844568
   0.09808392  0.95557136  0.55594890
   0.80109687  0.19290222  0.90755749
   0.02103641  0.02624132  0.63704313
   0.80555059  0.30841952  0.80076919
   0.00367743  0.00546926  0.74962204
   0.52131074  0.53490987  0.54075406
   0.59887964  0.44684016  0.64844571
   0.62951908  0.56770745  0.95052500
   0.31985870  0.32005531  0.59638662
   0.53609660  0.49911176  0.86014920
   0.27936797  0.19425267  0.69468824
   0.50293246  0.49437809  0.74749093
   0.02659394  0.96263987  0.96422668
   0.03969050  0.00200044  0.85522621
   0.62951908  0.06770741  0.45052506
   0.31985870  0.82005531  0.09638663
   0.53609660  0.99911173  0.36014917
   0.27936797  0.69425267  0.19468820
   0.50293246  0.99437809  0.24749090
   0.02659394  0.46263990  0.46422668
   0.03969050  0.50200046  0.35522627
   0.32880164  0.16986267  0.50231371
   0.32880164  0.66986273  1.00231374
   0.82879661  0.83016546  0.50231208
   0.82879661  0.33016552  0.00231208
   0.28540240  0.23875119  0.34372421
   0.28540240  0.73875119  0.84372424
   0.78540501  0.76160699  0.34373948
   0.78540501  0.26160699  0.84373948
