   0.24894997  0.24696784  0.10440820
   0.24641644  0.26983832  0.22120450
   0.24894997  0.74696784  0.60440821
   0.24641644  0.76983835  0.72120446
   0.75975642  0.75321922  0.89003555
   0.72210209  0.72233969  0.78196454
   0.75975642  0.25321922  0.39003558
   0.72210209  0.22233970  0.28196448
   0.74909247  0.75229229  0.10442497
   0.74628911  0.73034705  0.22120098
   0.74909247  0.25229232  0.60442499
   0.74628911  0.23034704  0.72120101
   0.26017375  0.24743542  0.88998977
   0.22192399  0.27769551  0.78199038
   0.26017375  0.74743545  0.38998980
   0.22192399  0.77769548  0.28199041
   0.25054496  0.24652923 -0.00110930
   0.25054496  0.74652923  0.49889070
   0.75059352  0.75342502  0.99885673
   0.75059352  0.25342502  0.49885667
   0.79157092  0.75125085  0.65301291
   0.79157092  0.25125087  0.15301293
   0.79938339  0.75235294  0.45014255
   0.79938339  0.25235294  0.95014252
   0.29344384  0.24858832  0.54950538
   0.29160612  0.24795627  0.65300860
   0.29160612  0.74795627  0.15300860
   0.29344384  0.74858831  0.04950537
   0.29936191  0.24778386  0.45015232
   0.29936191  0.74778386  0.95015232
   0.79341102  0.75116322  0.54950321
   0.79341102  0.25116322  0.04950320
   0.59992155  0.54812446  0.05488312
   0.31136967  0.30970230  0.40641102
   0.52241287  0.47351538  0.13717803
   0.30562105  0.18577454  0.30154729
   0.50396426  0.49485312  0.25077464
   0.01668794  0.96261926  0.03981551
   0.09879187  0.05126817  0.14819099
   0.59992155  0.04812446  0.55488310
   0.31136967  0.80970230  0.90641102
   0.52241287  0.97351541  0.63717801
   0.30562105  0.68577452  0.80154729
   0.50396426  0.99485314  0.75077467
   0.01668794  0.46261929  0.53981550
   0.09879187  0.55126822  0.64819102
   0.11489172  0.44010389  0.94980245
   0.81976837  0.68002752  0.59577278
   0.02878605  0.52136449  0.86124521
   0.78168661  0.80284269  0.69519910
   0.00388106  0.50530954  0.74860382
   0.51983595  0.03667965  0.96324889
   0.58422656  0.96352612  0.85226265
   0.11489172  0.94010392  0.44980242
   0.81976837  0.18002752  0.09577280
   0.02878605  0.02136451  0.36124521
   0.78168661  0.30284269  0.19519910
   0.00388106  0.00530957  0.24860384
   0.51983595  0.53667968  0.46324886
   0.58422656  0.46352618  0.35226268
   0.09993354  0.45161344  0.05484479
   0.81088981  0.69082689  0.40639578
   0.02239065  0.52562539  0.13719656
   0.80595299  0.81448201  0.30156378
   0.00397851  0.50521617  0.25077649
   0.51653445  0.03735897  0.03985682
   0.59888127  0.94788307  0.14818844
   0.09993354  0.95161341  0.55484483
   0.81088981  0.19082690  0.90639581
   0.02239065  0.02562537  0.63719653
   0.80595299  0.31448204  0.80156375
   0.00397851  0.00521618  0.75077649
   0.51653445  0.53735898  0.53985679
   0.59888127  0.44788307  0.64818846
   0.61493308  0.56007110  0.94981157
   0.31947036  0.31938818  0.59578476
   0.52881788  0.47966093  0.86121265
   0.28201317  0.19664068  0.69513945
   0.50392974  0.49468276  0.74861464
   0.01974756  0.96329747  0.96320552
   0.08451267  0.03763877  0.85221052
   0.61493308  0.06007106  0.44981163
   0.31947036  0.81938818  0.09578477
   0.52881788  0.97966090  0.36121262
   0.28201317  0.69664068  0.19513940
   0.50392974  0.99468276  0.24861461
   0.01974756  0.46329750  0.46320552
   0.08451267  0.53763879  0.35221057
   0.32449586  0.17058957  0.50157265
   0.32449586  0.67058963  1.00157268
   0.82438200  0.82929501  0.50156420
   0.82438200  0.32929507  0.00156420
   0.29126031  0.24640742  0.34439911
   0.29126031  0.74640742  0.84439914
   0.79141037  0.75442580  0.34443541
   0.79141037  0.25442580  0.84443541
