   0.24891089  0.24698937  0.10438200
   0.24645078  0.26996780  0.22114278
   0.24891089  0.74698937  0.60438202
   0.24645078  0.76996783  0.72114273
   0.75995551  0.75369431  0.88999568
   0.72204820  0.72236427  0.78190774
   0.75995551  0.25369431  0.38999571
   0.72204820  0.22236429  0.28190768
   0.74902929  0.75231827  0.10439670
   0.74633514  0.73024695  0.22114059
   0.74902929  0.25231830  0.60439672
   0.74633514  0.23024694  0.72114062
   0.26034545  0.24692252  0.88995276
   0.22187379  0.27766734  0.78193043
   0.26034545  0.74692255  0.38995279
   0.22187379  0.77766731  0.28193046
   0.25079741  0.24647123 -0.00111637
   0.25079741  0.74647123  0.49888363
   0.75084146  0.75347870  0.99885536
   0.75084146  0.25347870  0.49885530
   0.79136224  0.75129247  0.65299375
   0.79136224  0.25129249  0.15299377
   0.79968579  0.75244159  0.45015774
   0.79968579  0.25244159  0.95015771
   0.29352063  0.24856908  0.54951312
   0.29140945  0.24795169  0.65296817
   0.29140945  0.74795169  0.15296817
   0.29352063  0.74856907  0.04951311
   0.29966510  0.24770817  0.45016748
   0.29966510  0.74770817  0.95016748
   0.79348340  0.75118204  0.54950940
   0.79348340  0.25118204  0.04950940
   0.59981235  0.54787490  0.05492439
   0.31146150  0.30948663  0.40651362
   0.52214765  0.47356273  0.13715817
   0.30576359  0.18595383  0.30151131
   0.50400737  0.49482065  0.25070305
   0.01701755  0.96276534  0.03985459
   0.09840020  0.05121816  0.14817202
   0.59981235  0.04787490  0.55492437
   0.31146150  0.80948663  0.90651362
   0.52214765  0.97356276  0.63715816
   0.30576359  0.68595380  0.80151131
   0.50400737  0.99482068  0.75070308
   0.01701755  0.46276537  0.53985458
   0.09840020  0.55121821  0.64817205
   0.11603137  0.43976886  0.94984491
   0.81963601  0.68000883  0.59578654
   0.02882525  0.52065405  0.86119920
   0.78128811  0.80281747  0.69512714
   0.00389317  0.50536740  0.74855305
   0.52052741  0.03681342  0.96329628
   0.58213526  0.96519507  0.85243618
   0.11603137  0.93976889  0.44984488
   0.81963601  0.18000883  0.09578656
   0.02882525  0.02065407  0.36119920
   0.78128811  0.30281747  0.19512714
   0.00389317  0.00536743  0.24855307
   0.52052741  0.53681345  0.46329625
   0.58213526  0.46519513  0.35243621
   0.09981270  0.45184995  0.05489623
   0.81105344  0.69103538  0.40650089
   0.02212549  0.52563282  0.13717341
   0.80603660  0.81428910  0.30152589
   0.00400005  0.50522471  0.25070463
   0.51690253  0.03715185  0.03988643
   0.59847926  0.94799394  0.14816752
   0.09981270  0.95184992  0.55489627
   0.81105344  0.19103540  0.90650092
   0.02212549  0.02563279  0.63717338
   0.80603660  0.31428913  0.80152586
   0.00400005  0.00522471  0.75070463
   0.51690253  0.53715186  0.53988641
   0.59847926  0.44799394  0.64816755
   0.61605979  0.56042348  0.94985251
   0.31938130  0.31940607  0.59579861
   0.52886491  0.48032856  0.86117141
   0.28157752  0.19656849  0.69513238
   0.50396185  0.49464786  0.74856288
   0.02046278  0.96320860  0.96326365
   0.08239798  0.03592401  0.85238888
   0.61605979  0.06042344  0.44985257
   0.31938130  0.81940607  0.09579862
   0.52886491  0.98032853  0.36117138
   0.28157752  0.69656849  0.19513233
   0.50396185  0.99464786  0.24856285
   0.02046278  0.46320863  0.46326365
   0.08239798  0.53592403  0.35238894
   0.32488886  0.17055698  0.50160222
   0.32488886  0.67055704  1.00160225
   0.82480379  0.82934493  0.50159693
   0.82480379  0.32934499  0.00159693
   0.29119165  0.24628609  0.34438066
   0.29119165  0.74628609  0.84438069
   0.79133787  0.75455386  0.34441701
   0.79133787  0.25455386  0.84441701
