   0.24921459  0.24698332  0.10446243
   0.24612085  0.26981272  0.22135937
   0.24921459  0.74698332  0.60446244
   0.24612085  0.76981275  0.72135933
   0.75902299  0.75159544  0.89014329
   0.72224420  0.72241257  0.78211179
   0.75902299  0.25159544  0.39014332
   0.72224420  0.22241259  0.28211173
   0.74938117  0.75218317  0.10449546
   0.74593996  0.73040617  0.22135234
   0.74938117  0.25218320  0.60449548
   0.74593996  0.23040615  0.72135237
   0.25955922  0.24910854  0.89008440
   0.22194010  0.27769013  0.78215093
   0.25955922  0.74910857  0.39008443
   0.22194010  0.77769010  0.28215096
   0.24947828  0.24679383 -0.00117551
   0.24947828  0.74679383  0.49882449
   0.74957237  0.75316974  0.99874323
   0.74957237  0.25316974  0.49874317
   0.79223174  0.75124347  0.65312083
   0.79223174  0.25124349  0.15312085
   0.79808528  0.75203303  0.44998755
   0.79808528  0.25203303  0.94998752
   0.29319454  0.24866430  0.54947947
   0.29228793  0.24788458  0.65309691
   0.29228793  0.74788458  0.15309691
   0.29319454  0.74866428  0.04947946
   0.29803623  0.24804297  0.44999933
   0.29803623  0.74804297  0.94999933
   0.79310628  0.75116364  0.54947156
   0.79310628  0.25116364  0.04947156
   0.60011145  0.54848755  0.05483567
   0.31112655  0.31006099  0.40627932
   0.52286907  0.47346014  0.13723230
   0.30546302  0.18542659  0.30160013
   0.50390971  0.49489016  0.25088288
   0.01616323  0.96237020  0.03974010
   0.09949807  0.05135053  0.14828189
   0.60011145  0.04848756  0.55483565
   0.31112655  0.81006099  0.90627932
   0.52286907  0.97346017  0.63723228
   0.30546302  0.68542657  0.80160013
   0.50390971  0.99489019  0.75088291
   0.01616323  0.46237023  0.53974009
   0.09949807  0.55135059  0.64828192
   0.11327589  0.44090540  0.94968321
   0.81993938  0.67997747  0.59577119
   0.02885362  0.52251472  0.86130441
   0.78213947  0.80287368  0.69524372
   0.00380570  0.50526315  0.74868736
   0.51909060  0.03657341  0.96311896
   0.58779652  0.96087051  0.85197218
   0.11327589  0.94090543  0.44968318
   0.81993938  0.17997747  0.09577121
   0.02885362  0.02251474  0.36130441
   0.78213947  0.30287368  0.19524372
   0.00380570  0.00526318  0.24868737
   0.51909060  0.53657343  0.46311893
   0.58779652  0.46087057  0.35197221
   0.10014977  0.45125287  0.05477360
   0.81048747  0.69049909  0.40626054
   0.02288642  0.52565328  0.13725762
   0.80593124  0.81484418  0.30162346
   0.00386436  0.50512819  0.25088389
   0.51592222  0.03773856  0.03979826
   0.59955145  0.94766086  0.14828651
   0.10014977  0.95125284  0.55477364
   0.81048747  0.19049911  0.90626057
   0.02288642  0.02565325  0.63725759
   0.80593124  0.31484420  0.80162343
   0.00386436  0.00512820  0.75088389
   0.51592222  0.53773856  0.53979823
   0.59955145  0.44766086  0.64828654
   0.61335087  0.55926482  0.94969762
   0.31954023  0.31942031  0.59578641
   0.52887993  0.47860264  0.86126261
   0.28254977  0.19644244  0.69524269
   0.50389978  0.49474826  0.74869985
   0.01896651  0.96331735  0.96305411
   0.08814204  0.04042917  0.85190672
   0.61335087  0.05926478  0.44969768
   0.31954023  0.81942031  0.09578642
   0.52887993  0.97860261  0.36126258
   0.28254977  0.69644244  0.19524265
   0.50389978  0.99474826  0.24869982
   0.01896651  0.46331738  0.46305411
   0.08814204  0.54042920  0.35190678
   0.32402709  0.17059535  0.50149651
   0.32402709  0.67059541  1.00149654
   0.82386197  0.82925597  0.50148690
   0.82386197  0.32925603  0.00148690
   0.29216947  0.24744932  0.34445890
   0.29216947  0.74744932  0.84445893
   0.79236107  0.75348502  0.34450702
   0.79236107  0.25348502  0.84450702
