   0.24945673  0.24699000  0.10453664
   0.24584884  0.26977959  0.22149312
   0.24945673  0.74699000  0.60453666
   0.24584884  0.76977962  0.72149307
   0.75867725  0.75039967  0.89021950
   0.72245730  0.72236982  0.78223552
   0.75867725  0.25039967  0.39021953
   0.72245730  0.22236983  0.28223546
   0.74971142  0.75211326  0.10458813
   0.74558851  0.73046733  0.22148221
   0.74971142  0.25211329  0.60458815
   0.74558851  0.23046732  0.72148224
   0.25931760  0.25033195  0.89014691
   0.22203282  0.27775932  0.78229072
   0.25931760  0.75033198  0.39014694
   0.22203282  0.77775929  0.28229075
   0.24857304  0.24697668 -0.00121578
   0.24857304  0.74697668  0.49878422
   0.74872246  0.75300822  0.99863251
   0.74872246  0.25300822  0.49863245
   0.79289195  0.75125449  0.65324344
   0.79289195  0.25125451  0.15324345
   0.79700319  0.75176840  0.44983988
   0.79700319  0.25176840  0.94983985
   0.29297666  0.24870786  0.54946409
   0.29294926  0.24777803  0.65322445
   0.29294926  0.74777803  0.15322445
   0.29297666  0.74870784  0.04946408
   0.29691153  0.24823454  0.44985338
   0.29691153  0.74823454  0.94985338
   0.79282615  0.75120157  0.54945773
   0.79282615  0.25120157  0.04945772
   0.60036472  0.54893044  0.05479510
   0.31087226  0.31054814  0.40611589
   0.52350835  0.47335368  0.13729266
   0.30509802  0.18492031  0.30164498
   0.50379877  0.49495091  0.25100168
   0.01555167  0.96202460  0.03967372
   0.10026417  0.05155378  0.14838778
   0.60036472  0.04893044  0.55479507
   0.31087226  0.81054814  0.90611589
   0.52350835  0.97335371  0.63729264
   0.30509802  0.68492028  0.80164498
   0.50379877  0.99495094  0.75100171
   0.01555167  0.46202463  0.53967371
   0.10026417  0.55155383  0.64838781
   0.11138082  0.44167357  0.94955342
   0.82016382  0.67998158  0.59576320
   0.02897889  0.52357013  0.86138416
   0.78284922  0.80306303  0.69528245
   0.00366173  0.50520185  0.74875787
   0.51806343  0.03642610  0.96300822
   0.59124862  0.95826379  0.85166926
   0.11138082  0.94167360  0.44955339
   0.82016382  0.17998158  0.09576321
   0.02897889  0.02357015  0.36138416
   0.78284922  0.30306303  0.19528245
   0.00366173  0.00520188  0.24875788
   0.51806343  0.53642612  0.46300819
   0.59124862  0.45826385  0.35166929
   0.10047601  0.45081928  0.05469151
   0.81004044  0.69004934  0.40609072
   0.02342435  0.52557669  0.13732379
   0.80574230  0.81537739  0.30167744
   0.00371568  0.50505309  0.25100093
   0.51516019  0.03829172  0.03976003
   0.60048179  0.94747585  0.14840850
   0.10047601  0.95081925  0.55469155
   0.81004044  0.19004936  0.90609075
   0.02342435  0.02557666  0.63732376
   0.80574230  0.31537742  0.80167741
   0.00371568  0.00505310  0.75100093
   0.51516019  0.53829173  0.53976001
   0.60048179  0.44747585  0.64840852
   0.61150817  0.55849225  0.94957929
   0.31964361  0.31941361  0.59578532
   0.52899652  0.47764359  0.86133170
   0.28336008  0.19611029  0.69531986
   0.50378507  0.49481417  0.74877244
   0.01786637  0.96331317  0.96290618
   0.09166921  0.04317553  0.85158452
   0.61150817  0.05849221  0.44957935
   0.31964361  0.81941361  0.09578534
   0.52899652  0.97764356  0.36133167
   0.28336008  0.69611029  0.19531981
   0.50378507  0.99481417  0.24877241
   0.01786637  0.46331320  0.46290618
   0.09166921  0.54317555  0.35158458
   0.32341209  0.17054795  0.50144697
   0.32341209  0.67054801  1.00144700
   0.82317908  0.82924882  0.50143265
   0.82317908  0.32924888  0.00143265
   0.29278552  0.24811044  0.34450352
   0.29278552  0.74811044  0.84450355
   0.79300400  0.75288401  0.34456173
   0.79300400  0.25288401  0.84456173
