   0.24890295  0.24708253  0.10414904
   0.24616562  0.27128719  0.21987762
   0.24890295  0.74708253  0.60414905
   0.24616562  0.77128722  0.71987757
   0.77415891  0.76805462  0.88875327
   0.72229472  0.72220204  0.78058000
   0.77415891  0.26805462  0.38875330
   0.72229472  0.22220205  0.28057994
   0.74890460  0.75261644  0.10414888
   0.74614789  0.72889912  0.21988166
   0.74890460  0.25261647  0.60414890
   0.74614789  0.22889910  0.71988169
   0.27416105  0.23221525  0.88875905
   0.22226381  0.27769511  0.78058339
   0.27416105  0.73221528  0.38875908
   0.22226381  0.77769508  0.28058342
   0.25649181  0.24480467 -0.00092601
   0.25649181  0.74480467  0.49907399
   0.75650492  0.75520874  0.99906850
   0.75650492  0.25520874  0.49906844
   0.78948075  0.75111171  0.65253053
   0.78948075  0.25111173  0.15253055
   0.80670910  0.75458954  0.45067390
   0.80670910  0.25458954  0.95067387
   0.29550645  0.24837899  0.54980213
   0.28949045  0.24847697  0.65251411
   0.28949045  0.74847697  0.15251411
   0.29550645  0.74837897  0.04980211
   0.30671138  0.24562644  0.45067900
   0.30671138  0.74562644  0.95067900
   0.79549659  0.75143815  0.54980099
   0.79549659  0.25143815  0.04980098
   0.59864443  0.54508038  0.05573910
   0.30439106  0.30746712  0.40743036
   0.52044693  0.47352063  0.13705929
   0.30586983  0.19076157  0.30094797
   0.50379510  0.49453826  0.24980874
   0.02060789  0.96441818  0.04056693
   0.09754663  0.05214200  0.14835106
   0.59864443  0.04508038  0.55573908
   0.30439106  0.80746712  0.90743036
   0.52044693  0.97352066  0.63705928
   0.30586983  0.69076154  0.80094797
   0.50379510  0.99453829  0.74980877
   0.02060789  0.46441821  0.54056692
   0.09754663  0.55214206  0.64835109
   0.12903373  0.43319407  0.95037687
   0.81942394  0.67979356  0.59622948
   0.03525318  0.50293254  0.86027498
   0.77878147  0.80510549  0.69478150
   0.00325608  0.50562560  0.74769333
   0.52655929  0.03763446  0.96404147
   0.54203169  0.99688077  0.85518511
   0.12903373  0.93319410  0.45037684
   0.81942394  0.17979356  0.09622949
   0.03525318  0.00293256  0.36027498
   0.77878147  0.30510549  0.19478150
   0.00325608  0.00562563  0.24769335
   0.52655929  0.53763449  0.46404144
   0.54203169  0.49688083  0.35518514
   0.09865900  0.45468332  0.05573306
   0.80437451  0.69290780  0.40742669
   0.02046370  0.52603819  0.13705622
   0.80590333  0.80929272  0.30095310
   0.00381395  0.50547770  0.24981071
   0.52061809  0.03541780  0.04056798
   0.59757523  0.94740186  0.14834806
   0.09865900  0.95468329  0.55573310
   0.80437451  0.19290782  0.90742672
   0.02046370  0.02603816  0.63705619
   0.80590333  0.30929275  0.80095307
   0.00381395  0.00547771  0.74981071
   0.52061809  0.53541781  0.54056795
   0.59757523  0.44740186  0.64834809
   0.62904483  0.56705224  0.95037622
   0.31937684  0.31987731  0.59623106
   0.53528478  0.49755386  0.86027597
   0.27877708  0.19458564  0.69478015
   0.50328356  0.49434777  0.74769902
   0.02656637  0.96254799  0.96404049
   0.04208406  0.00359499  0.85518821
   0.62904483  0.06705219  0.45037628
   0.31937684  0.81987731  0.09623108
   0.53528478  0.99755383  0.36027594
   0.27877708  0.69458564  0.19478011
   0.50328356  0.99434777  0.24769899
   0.02656637  0.46254802  0.46404049
   0.04208406  0.50359501  0.35518827
   0.32867630  0.16990490  0.50215538
   0.32867630  0.66990496  1.00215541
   0.82867639  0.83009621  0.50215371
   0.82867639  0.33009627  0.00215371
   0.28589168  0.23892107  0.34391241
   0.28589168  0.73892107  0.84391244
   0.78589772  0.76151635  0.34392925
   0.78589772  0.26151635  0.84392925
