   0.24954971  0.24729429  0.10415436
   0.24560280  0.27131315  0.21965254
   0.24954971  0.74729429  0.60415437
   0.24560280  0.77131318  0.71965250
   0.77542197  0.76825103  0.88867583
   0.72239616  0.72233313  0.78033317
   0.77542197  0.26825103  0.38867586
   0.72239616  0.22233315  0.28033311
   0.74954635  0.75247173  0.10415266
   0.74558859  0.72882947  0.21965478
   0.74954635  0.25247176  0.60415268
   0.74558859  0.22882946  0.71965481
   0.27542040  0.23194654  0.88867645
   0.22237539  0.27751791  0.78033318
   0.27542040  0.73194657  0.38867648
   0.22237539  0.77751788  0.28033321
   0.25666629  0.24471720 -0.00082932
   0.25666629  0.74471720  0.49917068
   0.75667720  0.75530583  0.99917211
   0.75667720  0.25530583  0.49917205
   0.79011681  0.75096466  0.65246059
   0.79011681  0.25096467  0.15246060
   0.80657205  0.75464692  0.45077993
   0.80657205  0.25464692  0.95077990
   0.29578088  0.24843232  0.54992174
   0.29012355  0.24867772  0.65244804
   0.29012355  0.74867772  0.15244804
   0.29578088  0.74843230  0.04992173
   0.30657667  0.24556670  0.45078587
   0.30657667  0.74556670  0.95078587
   0.79577627  0.75142326  0.54992058
   0.79577627  0.25142326  0.04992058
   0.59813727  0.54430796  0.05593858
   0.30124426  0.30741607  0.40755259
   0.52095715  0.47340359  0.13704815
   0.30556334  0.19155608  0.30077949
   0.50367782  0.49451997  0.24963366
   0.02126319  0.96492340  0.04074002
   0.09873045  0.05271048  0.14844156
   0.59813727  0.04430797  0.55593855
   0.30124426  0.80741607  0.90755259
   0.52095715  0.97340362  0.63704813
   0.30556334  0.69155605  0.80077949
   0.50367782  0.99452000  0.74963369
   0.02126319  0.46492343  0.54074001
   0.09873045  0.55271053  0.64844159
   0.12951867  0.43256193  0.95051596
   0.81986330  0.67968597  0.59637431
   0.03605629  0.50133864  0.86015731
   0.77931719  0.80545791  0.69469904
   0.00292938  0.50557059  0.74750046
   0.52661070  0.03755560  0.96421328
   0.53971086  0.99836984  0.85522772
   0.12951867  0.93256196  0.45051593
   0.81986330  0.17968597  0.09637433
   0.03605629  0.00133866  0.36015731
   0.77931719  0.30545791  0.19469904
   0.00292938  0.00557062  0.24750047
   0.52661070  0.53755562  0.46421325
   0.53971086  0.49836990  0.35522775
   0.09814663  0.45550326  0.05593313
   0.80125986  0.69291298  0.40754912
   0.02097521  0.52622216  0.13704452
   0.80558030  0.80846427  0.30078411
   0.00369338  0.50547104  0.24963541
   0.52127977  0.03494546  0.04074102
   0.59875332  0.94689022  0.14843839
   0.09814663  0.95550323  0.55593317
   0.80125986  0.19291299  0.90754915
   0.02097521  0.02622213  0.63704449
   0.80558030  0.30846429  0.80078408
   0.00369338  0.00547105  0.74963541
   0.52127977  0.53494547  0.54074099
   0.59875332  0.44689022  0.64843841
   0.62953092  0.56768573  0.95051431
   0.31981694  0.32004077  0.59637522
   0.53610038  0.49908824  0.86015865
   0.27929821  0.19427255  0.69469690
   0.50295861  0.49437881  0.74750572
   0.02661785  0.96263319  0.96421451
   0.03975981  0.00203478  0.85522739
   0.62953092  0.06768568  0.45051437
   0.31981694  0.82004077  0.09637524
   0.53610038  0.99908821  0.36015862
   0.27929821  0.69427255  0.19469686
   0.50295861  0.99437881  0.24750569
   0.02661785  0.46263322  0.46421451
   0.03975981  0.50203480  0.35522745
   0.32881535  0.16986237  0.50230191
   0.32881535  0.66986243  1.00230194
   0.82881040  0.83016388  0.50230028
   0.82881040  0.33016394  0.00230028
   0.28541437  0.23875216  0.34372469
   0.28541437  0.73875216  0.84372472
   0.78541740  0.76160810  0.34374001
   0.78541740  0.26160810  0.84374001
