   0.24980045  0.24738741  0.10415352
   0.24542878  0.27132876  0.21959591
   0.24980045  0.74738741  0.60415354
   0.24542878  0.77132879  0.71959586
   0.77562049  0.76828444  0.88865170
   0.72238730  0.72235357  0.78026901
   0.77562049  0.26828444  0.38865173
   0.72238730  0.22235358  0.28026895
   0.74979576  0.75239828  0.10415164
   0.74541501  0.72879934  0.21959804
   0.74979576  0.25239831  0.60415167
   0.74541501  0.22879932  0.71959807
   0.27561520  0.23189408  0.88865248
   0.22236989  0.27747663  0.78026812
   0.27561520  0.73189411  0.38865251
   0.22236989  0.77747660  0.28026815
   0.25658426  0.24472076 -0.00080605
   0.25658426  0.74472076  0.49919395
   0.75659487  0.75530543  0.99919564
   0.75659487  0.25530543  0.49919558
   0.79038298  0.75090963  0.65244240
   0.79038298  0.25090964  0.15244241
   0.80645492  0.75464253  0.45079954
   0.80645492  0.25464253  0.95079951
   0.29578163  0.24846308  0.54995444
   0.29038895  0.24874762  0.65243089
   0.29038895  0.74874762  0.15243089
   0.29578163  0.74846307  0.04995443
   0.30645950  0.24556949  0.45080563
   0.30645950  0.74556949  0.95080563
   0.79577731  0.75140523  0.54995332
   0.79577731  0.25140523  0.04995332
   0.59790006  0.54406617  0.05599334
   0.30067365  0.30744686  0.40758298
   0.52118960  0.47334790  0.13704188
   0.30547934  0.19169479  0.30073803
   0.50362027  0.49450766  0.24958652
   0.02136682  0.96506398  0.04078404
   0.09922174  0.05292908  0.14846907
   0.59790006  0.04406618  0.55599331
   0.30067365  0.80744686  0.90758298
   0.52118960  0.97334793  0.63704186
   0.30547934  0.69169476  0.80073803
   0.50362027  0.99450769  0.74958655
   0.02136682  0.46506401  0.54078404
   0.09922174  0.55292913  0.64846910
   0.12945544  0.43249874  0.95055416
   0.82002174  0.67963784  0.59641509
   0.03603920  0.50123738  0.86012842
   0.77957676  0.80555478  0.69467722
   0.00283064  0.50556358  0.74744795
   0.52651950  0.03753163  0.96425510
   0.53946065  0.99847233  0.85522863
   0.12945544  0.93249877  0.45055413
   0.82002174  0.17963784  0.09641510
   0.03603920  0.00123740  0.36012842
   0.77957676  0.30555478  0.19467722
   0.00283064  0.00556361  0.24744797
   0.52651950  0.53753165  0.46425507
   0.53946065  0.49847239  0.35522866
   0.09790845  0.45575981  0.05598808
   0.80069787  0.69287076  0.40757962
   0.02120790  0.52629899  0.13703814
   0.80548918  0.80831325  0.30074247
   0.00363607  0.50547024  0.24958811
   0.52138393  0.03481733  0.04078500
   0.59924221  0.94669022  0.14846581
   0.09790845  0.95575978  0.55598812
   0.80069787  0.19287077  0.90757965
   0.02120790  0.02629897  0.63703811
   0.80548918  0.30831328  0.80074244
   0.00363607  0.00547024  0.74958811
   0.52138393  0.53481734  0.54078497
   0.59924221  0.44669022  0.64846584
   0.62946820  0.56774892  0.95055229
   0.31997632  0.32010732  0.59641582
   0.53608359  0.49917169  0.86013004
   0.27955663  0.19418547  0.69467461
   0.50285860  0.49437413  0.74745312
   0.02652790  0.96265953  0.96425682
   0.03950832  0.00191428  0.85522794
   0.62946820  0.06774888  0.45055235
   0.31997632  0.82010732  0.09641584
   0.53608359  0.99917166  0.36013001
   0.27955663  0.69418547  0.19467457
   0.50285860  0.99437413  0.24745309
   0.02652790  0.46265956  0.46425682
   0.03950832  0.50191430  0.35522799
   0.32876801  0.16985760  0.50234317
   0.32876801  0.66985766  1.00234320
   0.82876278  0.83017572  0.50234155
   0.82876278  0.33017578  0.00234155
   0.28535492  0.23871525  0.34369177
   0.28535492  0.73871525  0.84369180
   0.78535608  0.76163034  0.34370688
   0.78535608  0.26163034  0.84370688
