   0.24887000  0.24698976  0.10437114
   0.24648137  0.27000239  0.22110893
   0.24887000  0.74698976  0.60437116
   0.24648137  0.77000242  0.72110889
   0.76012634  0.75401690  0.88996545
   0.72201291  0.72234236  0.78187333
   0.76012634  0.25401690  0.38996548
   0.72201291  0.22234238  0.28187327
   0.74897585  0.75233809  0.10438427
   0.74637108  0.73021771  0.22110736
   0.74897585  0.25233812  0.60438430
   0.74637108  0.23021769  0.72110739
   0.26050023  0.24658347  0.88992468
   0.22184601  0.27768381  0.78189410
   0.26050023  0.74658350  0.38992471
   0.22184601  0.77768378  0.28189413
   0.25097095  0.24642936 -0.00111433
   0.25097095  0.74642936  0.49888567
   0.75101151  0.75352055  0.99886118
   0.75101151  0.25352055  0.49886112
   0.79122706  0.75130007  0.65297204
   0.79122706  0.25130009  0.15297206
   0.79995517  0.75252727  0.45019021
   0.79995517  0.25252727  0.95019018
   0.29357845  0.24854979  0.54951654
   0.29126919  0.24795480  0.65295493
   0.29126919  0.74795480  0.15295493
   0.29357845  0.74854978  0.04951653
   0.29993538  0.24763042  0.45019941
   0.29993538  0.74763042  0.95019941
   0.79354688  0.75119668  0.54951164
   0.79354688  0.25119668  0.04951163
   0.59976994  0.54778885  0.05494422
   0.31149897  0.30942436  0.40653683
   0.52204785  0.47357032  0.13714958
   0.30580023  0.18604360  0.30150378
   0.50401516  0.49479733  0.25067561
   0.01713746  0.96282549  0.03987291
   0.09825178  0.05120458  0.14816284
   0.59976994  0.04778886  0.55494420
   0.31149897  0.80942436  0.90653683
   0.52204785  0.97357035  0.63714957
   0.30580023  0.68604358  0.80150378
   0.50401516  0.99479736  0.75067564
   0.01713746  0.46282552  0.53987290
   0.09825178  0.55120464  0.64816287
   0.11649054  0.43957204  0.94986341
   0.81958932  0.68000596  0.59579507
   0.02885095  0.52032843  0.86117906
   0.78114103  0.80283969  0.69510713
   0.00389858  0.50536900  0.74853242
   0.52076378  0.03684467  0.96332067
   0.58115936  0.96595828  0.85251817
   0.11649054  0.93957207  0.44986338
   0.81958932  0.18000596  0.09579508
   0.02885095  0.02032845  0.36117906
   0.78114103  0.30283969  0.19510713
   0.00389858  0.00536903  0.24853244
   0.52076378  0.53684469  0.46332064
   0.58115936  0.46595834  0.35251820
   0.09976890  0.45193222  0.05491922
   0.81111915  0.69109258  0.40652486
   0.02201822  0.52562959  0.13716352
   0.80605329  0.81419042  0.30151772
   0.00400873  0.50524895  0.25067714
   0.51703550  0.03707191  0.03990163
   0.59833649  0.94802974  0.14815739
   0.09976890  0.95193219  0.55491926
   0.81111915  0.19109259  0.90652489
   0.02201822  0.02562956  0.63716349
   0.80605329  0.31419045  0.80151769
   0.00400873  0.00524895  0.75067714
   0.51703550  0.53707192  0.53990161
   0.59833649  0.44802974  0.64815742
   0.61651701  0.56062536  0.94987043
   0.31935201  0.31941781  0.59580426
   0.52889250  0.48063840  0.86115323
   0.28141866  0.19655514  0.69511615
   0.50396769  0.49464312  0.74854182
   0.02070564  0.96319373  0.96329150
   0.08141242  0.03513791  0.85247288
   0.61651701  0.06062532  0.44987049
   0.31935201  0.81941781  0.09580428
   0.52889250  0.98063837  0.36115320
   0.28141866  0.69655514  0.19511610
   0.50396769  0.99464312  0.24854179
   0.02070564  0.46319376  0.46329150
   0.08141242  0.53513793  0.35247294
   0.32503461  0.17054240  0.50161946
   0.32503461  0.67054246  1.00161949
   0.82496043  0.82936516  0.50161426
   0.82496043  0.32936522  0.00161426
   0.29108183  0.24614032  0.34436829
   0.29108183  0.74614032  0.84436832
   0.79122328  0.75468901  0.34440356
   0.79122328  0.25468901  0.84440356
