   0.24886818  0.24698565  0.10437250
   0.24648330  0.26999979  0.22111400
   0.24886818  0.74698565  0.60437251
   0.24648330  0.76999982  0.72111395
   0.76011368  0.75399466  0.88996681
   0.72201891  0.72234050  0.78187693
   0.76011368  0.25399466  0.38996684
   0.72201891  0.22234051  0.28187687
   0.74898251  0.75234356  0.10438563
   0.74636662  0.73022731  0.22111255
   0.74898251  0.25234359  0.60438565
   0.74636662  0.23022730  0.72111258
   0.26048759  0.24660602  0.88992589
   0.22185251  0.27768548  0.78189772
   0.26048759  0.74660605  0.38992592
   0.22185251  0.77768545  0.28189775
   0.25095745  0.24643363 -0.00111444
   0.25095745  0.74643363  0.49888556
   0.75099805  0.75351542  0.99886097
   0.75099805  0.25351542  0.49886091
   0.79125124  0.75127381  0.65295673
   0.79125124  0.25127382  0.15295674
   0.79993379  0.75252100  0.45018819
   0.79993379  0.25252100  0.95018816
   0.29356932  0.24855911  0.54951368
   0.29128800  0.24797013  0.65295457
   0.29128800  0.74797013  0.15295457
   0.29356932  0.74855909  0.04951367
   0.29991445  0.24763579  0.45019747
   0.29991445  0.74763579  0.95019747
   0.79353762  0.75118506  0.54951032
   0.79353762  0.25118506  0.04951031
   0.59977171  0.54779229  0.05494264
   0.31149949  0.30943104  0.40653413
   0.52203197  0.47359302  0.13715034
   0.30580507  0.18602421  0.30149596
   0.50401744  0.49480065  0.25067374
   0.01714005  0.96281795  0.03987269
   0.09828395  0.05117636  0.14816338
   0.59977171  0.04779230  0.55494262
   0.31149949  0.80943104  0.90653413
   0.52203197  0.97359305  0.63715033
   0.30580507  0.68602418  0.80149596
   0.50401744  0.99480067  0.75067377
   0.01714005  0.46281798  0.53987269
   0.09828395  0.55117641  0.64816341
   0.11645405  0.43957690  0.94986342
   0.81959333  0.68000444  0.59579243
   0.02884993  0.52034875  0.86118197
   0.78114832  0.80286198  0.69512894
   0.00389592  0.50537657  0.74853083
   0.52074345  0.03683892  0.96332055
   0.58122979  0.96590625  0.85251278
   0.11645405  0.93957693  0.44986339
   0.81959333  0.18000444  0.09579245
   0.02884993  0.02034877  0.36118197
   0.78114832  0.30286198  0.19512894
   0.00389592  0.00537660  0.24853085
   0.52074345  0.53683894  0.46332052
   0.58122979  0.46590631  0.35251281
   0.09977466  0.45193307  0.05491757
   0.81111840  0.69108617  0.40652215
   0.02204312  0.52564923  0.13716452
   0.80605797  0.81421043  0.30150974
   0.00400693  0.50523752  0.25067524
   0.51703345  0.03707644  0.03990158
   0.59831512  0.94800345  0.14815781
   0.09977466  0.95193304  0.55491761
   0.81111840  0.19108619  0.90652218
   0.02204312  0.02564920  0.63716449
   0.80605797  0.31421046  0.80150971
   0.00400693  0.00523752  0.75067524
   0.51703345  0.53707645  0.53990155
   0.59831512  0.44800345  0.64815784
   0.61648009  0.56061952  0.94987045
   0.31935412  0.31941460  0.59580513
   0.52889098  0.48061860  0.86115605
   0.28142996  0.19656035  0.69511287
   0.50397166  0.49463783  0.74854018
   0.02068474  0.96319840  0.96329125
   0.08148328  0.03519126  0.85246738
   0.61648009  0.06061948  0.44987051
   0.31935412  0.81941460  0.09580515
   0.52889098  0.98061857  0.36115602
   0.28142996  0.69656035  0.19511282
   0.50397166  0.99463783  0.24854015
   0.02068474  0.46319843  0.46329125
   0.08148328  0.53519128  0.35246744
   0.32503097  0.17054266  0.50162114
   0.32503097  0.67054272  1.00162117
   0.82495640  0.82936474  0.50161569
   0.82495640  0.32936480  0.00161569
   0.29106937  0.24614325  0.34437618
   0.29106937  0.74614325  0.84437621
   0.79121078  0.75468607  0.34441166
   0.79121078  0.25468607  0.84441166
