   0.24939735  0.24724961  0.10415410
   0.24569865  0.27131741  0.21968671
   0.24939735  0.74724961  0.60415412
   0.24569865  0.77131744  0.71968667
   0.77529025  0.76824169  0.88868899
   0.72238341  0.72231063  0.78037232
   0.77529025  0.26824169  0.38868902
   0.72238341  0.22231065  0.28037226
   0.74939509  0.75250413  0.10415256
   0.74568376  0.72883348  0.21968903
   0.74939509  0.25250415  0.60415258
   0.74568376  0.22883346  0.71968906
   0.27529052  0.23196785  0.88868959
   0.22236045  0.27755245  0.78037296
   0.27529052  0.73196788  0.38868962
   0.22236045  0.77755242  0.28037299
   0.25669412  0.24471812 -0.00084645
   0.25669412  0.74471812  0.49915355
   0.75670528  0.75530301  0.99915465
   0.75670528  0.25530301  0.49915459
   0.78996607  0.75099769  0.65247273
   0.78996607  0.25099771  0.15247275
   0.80663986  0.75465158  0.45076481
   0.80663986  0.25465158  0.95076478
   0.29576253  0.24841719  0.54989921
   0.28997263  0.24863363  0.65246050
   0.28997263  0.74863363  0.15246050
   0.29576253  0.74841718  0.04989920
   0.30664435  0.24556278  0.45077066
   0.30664435  0.74556278  0.95077066
   0.79575774  0.75143049  0.54989808
   0.79575774  0.25143049  0.04989808
   0.59825242  0.54444248  0.05590643
   0.30160842  0.30740562  0.40753540
   0.52083426  0.47343072  0.13704951
   0.30562383  0.19146829  0.30080764
   0.50370741  0.49452591  0.24965921
   0.02118949  0.96484099  0.04071284
   0.09847110  0.05259261  0.14842481
   0.59825242  0.04444249  0.55590641
   0.30160842  0.80740562  0.90753540
   0.52083426  0.97343075  0.63704949
   0.30562383  0.69146826  0.80080764
   0.50370741  0.99452594  0.74965924
   0.02118949  0.46484102  0.54071284
   0.09847110  0.55259266  0.64842484
   0.12953501  0.43261788  0.95049368
   0.81978455  0.67970291  0.59635058
   0.03606957  0.50141046  0.86017574
   0.77918918  0.80540476  0.69470605
   0.00298081  0.50557881  0.74752947
   0.52665861  0.03757156  0.96418772
   0.53987141  0.99831494  0.85522799
   0.12953501  0.93261791  0.45049365
   0.81978455  0.17970291  0.09635059
   0.03606957  0.00141048  0.36017574
   0.77918918  0.30540476  0.19470605
   0.00298081  0.00557884  0.24752949
   0.52665861  0.53757159  0.46418769
   0.53987141  0.49831500  0.35522802
   0.09826255  0.45536008  0.05590079
   0.80161954  0.69293013  0.40753189
   0.02085261  0.52618324  0.13704595
   0.80564472  0.80855850  0.30081239
   0.00372231  0.50547062  0.24966108
   0.52120502  0.03502083  0.04071388
   0.59849456  0.94699666  0.14842167
   0.09826255  0.95536005  0.55590083
   0.80161954  0.19293015  0.90753192
   0.02085261  0.02618322  0.63704592
   0.80564472  0.30855853  0.80081236
   0.00372231  0.00547062  0.74966108
   0.52120502  0.53502084  0.54071386
   0.59849456  0.44699666  0.64842170
   0.62954717  0.56762948  0.95049219
   0.31973747  0.32001302  0.59635173
   0.53611215  0.49902800  0.86017700
   0.27917139  0.19432026  0.69470280
   0.50301128  0.49437620  0.74753478
   0.02666493  0.96261571  0.96418861
   0.03991995  0.00210143  0.85522793
   0.62954717  0.06762944  0.45049225
   0.31973747  0.82001302  0.09635174
   0.53611215  0.99902797  0.36017697
   0.27917139  0.69432026  0.19470275
   0.50301128  0.99437620  0.24753475
   0.02666493  0.46261574  0.46418861
   0.03991995  0.50210145  0.35522799
   0.32884240  0.16986193  0.50227956
   0.32884240  0.66986199  1.00227959
   0.82883781  0.83016009  0.50227789
   0.82883781  0.33016015  0.00227789
   0.28546592  0.23878284  0.34375836
   0.28546592  0.73878284  0.84375839
   0.78546978  0.76159108  0.34377386
   0.78546978  0.26159108  0.84377386
