   0.24879091  0.24706975  0.10414784
   0.24638145  0.27124054  0.22000166
   0.24879091  0.74706975  0.60414786
   0.24638145  0.77124057  0.72000161
   0.77230166  0.76707332  0.88885208
   0.72213718  0.72218807  0.78074882
   0.77230166  0.26707332  0.38885210
   0.72213718  0.22218809  0.28074876
   0.74879307  0.75260615  0.10414889
   0.74635728  0.72896101  0.22000781
   0.74879307  0.25260618  0.60414892
   0.74635728  0.22896099  0.72000784
   0.27233529  0.23322786  0.88885886
   0.22209656  0.27771954  0.78075324
   0.27233529  0.73322789  0.38885889
   0.22209656  0.77771951  0.28075327
   0.25599132  0.24497659 -0.00094978
   0.25599132  0.74497659  0.49905022
   0.75600562  0.75502496  0.99904320
   0.75600562  0.25502496  0.49904314
   0.78939994  0.75119891  0.65257019
   0.78939994  0.25119893  0.15257020
   0.80622552  0.75444281  0.45062953
   0.80622552  0.25444281  0.95062950
   0.29530193  0.24837256  0.54974747
   0.28940918  0.24834824  0.65255797
   0.28940918  0.74834824  0.15255797
   0.29530193  0.74837255  0.04974746
   0.30622885  0.24577242  0.45063480
   0.30622885  0.74577242  0.95063480
   0.79529482  0.75142763  0.54974623
   0.79529482  0.25142763  0.04974622
   0.59880310  0.54550044  0.05562481
   0.30644117  0.30764298  0.40732471
   0.52041623  0.47358117  0.13705220
   0.30596741  0.18994838  0.30103612
   0.50384417  0.49454682  0.24992713
   0.02017582  0.96424310  0.04046401
   0.09720842  0.05187929  0.14829256
   0.59880310  0.04550045  0.55562479
   0.30644117  0.80764298  0.90732471
   0.52041623  0.97358120  0.63705219
   0.30596741  0.68994835  0.80103612
   0.50384417  0.99454685  0.74992716
   0.02017582  0.46424313  0.54046400
   0.09720842  0.55187934  0.64829259
   0.12793529  0.43391151  0.95030396
   0.81930790  0.67984235  0.59616970
   0.03393816  0.50537764  0.86038292
   0.77878099  0.80482957  0.69483704
   0.00338951  0.50562348  0.74782084
   0.52610857  0.03758966  0.96395022
   0.54611884  0.99367120  0.85498666
   0.12793529  0.93391154  0.45030393
   0.81930790  0.17984235  0.09616972
   0.03393816  0.00537766  0.36038292
   0.77878099  0.30482957  0.19483704
   0.00338951  0.00562351  0.24782086
   0.52610857  0.53758969  0.46395019
   0.54611884  0.49367126  0.35498669
   0.09881361  0.45424777  0.05561973
   0.80640041  0.69274765  0.40732076
   0.02044438  0.52595648  0.13704988
   0.80600206  0.81012712  0.30104136
   0.00385636  0.50547693  0.24992872
   0.52018713  0.03556873  0.04046506
   0.59722940  0.94762136  0.14828875
   0.09881361  0.95424774  0.55561977
   0.80640041  0.19274766  0.90732078
   0.02044438  0.02595646  0.63704985
   0.80600206  0.31012715  0.80104133
   0.00385636  0.00547693  0.74992872
   0.52018713  0.53556874  0.54046503
   0.59722940  0.44762136  0.64828878
   0.62794746  0.56633227  0.95030338
   0.31925950  0.31979727  0.59617246
   0.53397584  0.49516065  0.86038297
   0.27880086  0.19484787  0.69482845
   0.50342833  0.49436291  0.74782686
   0.02611126  0.96258647  0.96394918
   0.04617681  0.00685153  0.85498661
   0.62794746  0.06633223  0.45030344
   0.31925950  0.81979727  0.09617247
   0.53397584  0.99516062  0.36038294
   0.27880086  0.69484787  0.19482840
   0.50342833  0.99436291  0.24782683
   0.02611126  0.46258650  0.46394918
   0.04617681  0.50685155  0.35498667
   0.32838473  0.16997265  0.50207876
   0.32838473  0.66997271  1.00207879
   0.82838149  0.83001844  0.50207702
   0.82838149  0.33001850  0.00207702
   0.28654529  0.23969240  0.34399509
   0.28654529  0.73969240  0.84399512
   0.78656861  0.76079338  0.34401322
   0.78656861  0.26079338  0.84401322
