   0.24925545  0.24699300  0.10447155
   0.24609222  0.26980085  0.22137629
   0.24925545  0.74699300  0.60447157
   0.24609222  0.76980088  0.72137625
   0.75896470  0.75139473  0.89015586
   0.72228639  0.72243104  0.78213229
   0.75896470  0.25139473  0.39015589
   0.72228639  0.22243105  0.28213223
   0.74944841  0.75216867  0.10450673
   0.74588965  0.73043252  0.22136943
   0.74944841  0.25216870  0.60450675
   0.74588965  0.23043251  0.72136946
   0.25951631  0.24931528  0.89009502
   0.22196940  0.27767354  0.78217308
   0.25951631  0.74931531  0.39009505
   0.22196940  0.77767351  0.28217311
   0.24934729  0.24681824 -0.00117819
   0.24934729  0.74681824  0.49882181
   0.74944568  0.75314834  0.99873214
   0.74944568  0.25314834  0.49873208
   0.79233712  0.75125481  0.65314352
   0.79233712  0.25125483  0.15314353
   0.79790739  0.75197262  0.44996781
   0.79790739  0.25197262  0.94996778
   0.29316031  0.24866734  0.54947852
   0.29237906  0.24783836  0.65314374
   0.29237906  0.74783836  0.15314374
   0.29316031  0.74866733  0.04947851
   0.29785436  0.24809236  0.44998071
   0.29785436  0.74809236  0.94998071
   0.79306707  0.75116481  0.54947491
   0.79306707  0.25116481  0.04947491
   0.60014405  0.54855765  0.05482727
   0.31108216  0.31012593  0.40625260
   0.52294726  0.47345311  0.13723633
   0.30540311  0.18538022  0.30161626
   0.50389268  0.49489894  0.25090371
   0.01606785  0.96232373  0.03972891
   0.09962312  0.05137518  0.14828998
   0.60014405  0.04855766  0.55482725
   0.31108216  0.81012593  0.90625260
   0.52294726  0.97345314  0.63723631
   0.30540311  0.68538019  0.80161626
   0.50389268  0.99489897  0.75090374
   0.01606785  0.46232376  0.53972890
   0.09962312  0.55137523  0.64829001
   0.11297373  0.44101822  0.94966622
   0.81997200  0.67998273  0.59576703
   0.02886030  0.52268779  0.86131928
   0.78224202  0.80288975  0.69525452
   0.00377613  0.50525782  0.74870007
   0.51893118  0.03654612  0.96310161
   0.58835633  0.96043717  0.85192708
   0.11297373  0.94101825  0.44966619
   0.81997200  0.17998273  0.09576704
   0.02886030  0.02268781  0.36131928
   0.78224202  0.30288975  0.19525452
   0.00377613  0.00525785  0.24870008
   0.51893118  0.53654614  0.46310158
   0.58835633  0.46043723  0.35192711
   0.10019289  0.45118858  0.05476021
   0.81041519  0.69043990  0.40623325
   0.02296580  0.52565135  0.13726252
   0.80589505  0.81489463  0.30164063
   0.00383592  0.50510976  0.25090449
   0.51580659  0.03781203  0.03979087
   0.59967417  0.94761701  0.14829641
   0.10019289  0.95118855  0.55476025
   0.81041519  0.19043992  0.90623328
   0.02296580  0.02565132  0.63726249
   0.80589505  0.31489466  0.80164060
   0.00383592  0.00510977  0.75090449
   0.51580659  0.53781204  0.53979084
   0.59967417  0.44761701  0.64829644
   0.61305625  0.55914980  0.94968177
   0.31955387  0.31941327  0.59578606
   0.52888444  0.47844423  0.86127586
   0.28267412  0.19642054  0.69524368
   0.50388229  0.49475550  0.74871274
   0.01879689  0.96332720  0.96303195
   0.08871214  0.04088328  0.85185913
   0.61305625  0.05914975  0.44968183
   0.31955387  0.81941327  0.09578607
   0.52888444  0.97844420  0.36127583
   0.28267412  0.69642054  0.19524364
   0.50388229  0.99475550  0.24871271
   0.01879689  0.46332723  0.46303195
   0.08871214  0.54088330  0.35185919
   0.32392998  0.17059659  0.50148609
   0.32392998  0.67059665  1.00148612
   0.82375413  0.82924820  0.50147531
   0.82375413  0.32924826  0.00147531
   0.29229034  0.24755032  0.34444723
   0.29229034  0.74755032  0.84444726
   0.79248691  0.75339677  0.34449747
   0.79248691  0.25339677  0.84449747
