   0.24828991  0.24698113  0.10420630
   0.24688213  0.27076650  0.22052539
   0.24828991  0.74698113  0.60420631
   0.24688213  0.77076653  0.72052534
   0.76464212  0.76093580  0.88939547
   0.72154282  0.72203098  0.78129027
   0.76464212  0.26093580  0.38939550
   0.72154282  0.22203100  0.28129021
   0.74830730  0.75262135  0.10420208
   0.74683884  0.72947267  0.22052940
   0.74830730  0.25262138  0.60420210
   0.74683884  0.22947265  0.72052943
   0.26476762  0.23942451  0.88938201
   0.22149789  0.27792728  0.78129360
   0.26476762  0.73942453  0.38938204
   0.22149789  0.77792725  0.28129363
   0.25411672  0.24554336 -0.00101025
   0.25411672  0.74554336  0.49898975
   0.75411444  0.75442760  0.99899829
   0.75411444  0.25442760  0.49899823
   0.78930615  0.75133715  0.65267266
   0.78930615  0.25133716  0.15267268
   0.80434388  0.75374436  0.45050669
   0.80434388  0.25374436  0.95050666
   0.29453638  0.24836908  0.54960569
   0.28931551  0.24811746  0.65267473
   0.28931551  0.74811746  0.15267473
   0.29453638  0.74836906  0.04960567
   0.30433745  0.24648283  0.45051229
   0.30433745  0.74648283  0.95051229
   0.79455077  0.75133519  0.54961029
   0.79455077  0.25133519  0.04961028
   0.59914931  0.54639912  0.05528559
   0.31156852  0.30802971  0.40705522
   0.52054953  0.47377970  0.13705971
   0.30627918  0.18745933  0.30127158
   0.50398077  0.49454428  0.25021482
   0.01909825  0.96369627  0.04018941
   0.09640660  0.05107191  0.14811397
   0.59914931  0.04639913  0.55528556
   0.31156852  0.80802971  0.90705522
   0.52054953  0.97377973  0.63705969
   0.30627918  0.68745930  0.80127158
   0.50398077  0.99454431  0.75021485
   0.01909825  0.46369630  0.54018941
   0.09640660  0.55107196  0.64811400
   0.12363918  0.43646049  0.95013497
   0.81906330  0.67995489  0.59593974
   0.03000035  0.51381425  0.86081785
   0.77904829  0.80366821  0.69487827
   0.00377310  0.50559339  0.74814937
   0.52435601  0.03734703  0.96369674
   0.56339463  0.97977938  0.85390975
   0.12363918  0.93646052  0.45013494
   0.81906330  0.17995489  0.09593975
   0.03000035  0.01381427  0.36081785
   0.77904829  0.30366821  0.19487827
   0.00377310  0.00559342  0.24814939
   0.52435601  0.53734706  0.46369671
   0.56339463  0.47977944  0.35390978
   0.09916170  0.45329372  0.05528675
   0.81152636  0.69241073  0.40705074
   0.02060190  0.52570251  0.13705823
   0.80630022  0.81267271  0.30127569
   0.00397596  0.50549485  0.25021605
   0.51911852  0.03602967  0.04018731
   0.59639946  0.94832607  0.14810772
   0.09916170  0.95329369  0.55528679
   0.81152636  0.19241075  0.90705077
   0.02060190  0.02570248  0.63705820
   0.80630022  0.31267274  0.80127566
   0.00397596  0.00549485  0.75021605
   0.51911852  0.53602968  0.54018728
   0.59639946  0.44832607  0.64810775
   0.62364617  0.56378377  0.95013373
   0.31902955  0.31958418  0.59595025
   0.53004955  0.48688491  0.86081504
   0.27913216  0.19591922  0.69487130
   0.50383379  0.49443383  0.74815537
   0.02435422  0.96282754  0.96369862
   0.06351813  0.02095070  0.85388935
   0.62364617  0.06378373  0.45013379
   0.31902955  0.81958418  0.09595026
   0.53004955  0.98688488  0.36081501
   0.27913216  0.69591922  0.19487125
   0.50383379  0.99443383  0.24815534
   0.02435422  0.46282757  0.46369862
   0.06351813  0.52095072  0.35388941
   0.32729507  0.17019351  0.50188836
   0.32729507  0.67019357  1.00188839
   0.82730725  0.82976967  0.50188746
   0.82730725  0.32976973  0.00188746
   0.28849778  0.24274670  0.34419797
   0.28849778  0.74274670  0.84419800
   0.78855495  0.75786033  0.34421811
   0.78855495  0.25786033  0.84421811
