   0.24849911  0.24698696  0.10423096
   0.24676900  0.27064592  0.22054983
   0.24849911  0.74698696  0.60423097
   0.24676900  0.77064595  0.72054978
   0.76509456  0.76075660  0.88939710
   0.72175858  0.72214136  0.78130453
   0.76509456  0.26075660  0.38939713
   0.72175858  0.22214138  0.28130447
   0.74852119  0.75257002  0.10423082
   0.74672043  0.72957850  0.22055197
   0.74852119  0.25257005  0.60423084
   0.74672043  0.22957849  0.72055200
   0.26525147  0.23964116  0.88938045
   0.22169080  0.27782171  0.78131084
   0.26525147  0.73964119  0.38938048
   0.22169080  0.77782168  0.28131087
   0.25383526  0.24563439 -0.00101860
   0.25383526  0.74563439  0.49898140
   0.75384226  0.75433848  0.99898130
   0.75384226  0.25433848  0.49898124
   0.78970485  0.75131267  0.65273486
   0.78970485  0.25131269  0.15273487
   0.80376698  0.75355448  0.45046125
   0.80376698  0.25355448  0.95046122
   0.29445198  0.24842495  0.54962201
   0.28972679  0.24813243  0.65271931
   0.28972679  0.74813243  0.15271931
   0.29445198  0.74842494  0.04962199
   0.30375973  0.24665649  0.45046749
   0.30375973  0.74665649  0.95046749
   0.79444679  0.75131254  0.54961986
   0.79444679  0.25131254  0.04961986
   0.59924199  0.54652545  0.05527093
   0.31098509  0.30825457  0.40700103
   0.52074546  0.47369885  0.13706165
   0.30614800  0.18756363  0.30127750
   0.50395784  0.49460054  0.25025985
   0.01893007  0.96361132  0.04016663
   0.09680359  0.05122677  0.14814080
   0.59924199  0.04652546  0.55527091
   0.31098509  0.80825457  0.90700103
   0.52074546  0.97369888  0.63706164
   0.30614800  0.68756360  0.80127750
   0.50395784  0.99460057  0.75025988
   0.01893007  0.46361135  0.54016662
   0.09680359  0.55122682  0.64814083
   0.12315228  0.43655698  0.95011716
   0.81916291  0.67996107  0.59594540
   0.03038483  0.51364187  0.86081292
   0.77932895  0.80371734  0.69491015
   0.00373182  0.50557142  0.74816642
   0.52408626  0.03729859  0.96367309
   0.56352538  0.97985533  0.85386283
   0.12315228  0.93655701  0.45011713
   0.81916291  0.17996107  0.09594542
   0.03038483  0.01364189  0.36081292
   0.77932895  0.30371734  0.19491015
   0.00373182  0.00557145  0.24816643
   0.52408626  0.53729861  0.46367306
   0.56352538  0.47985539  0.35386286
   0.09924734  0.45317564  0.05526578
   0.81088046  0.69219284  0.40699508
   0.02076549  0.52572157  0.13706322
   0.80621198  0.81257689  0.30128387
   0.00396913  0.50544944  0.25026109
   0.51892981  0.03616427  0.04017092
   0.59683287  0.94816460  0.14813491
   0.09924734  0.95317561  0.55526583
   0.81088046  0.19219286  0.90699511
   0.02076549  0.02572154  0.63706319
   0.80621198  0.31257692  0.80128384
   0.00396913  0.00544945  0.75026109
   0.51892981  0.53616428  0.54017090
   0.59683287  0.44816460  0.64813494
   0.62316181  0.56367868  0.95011721
   0.31909118  0.31958090  0.59594904
   0.53043322  0.48707673  0.86080678
   0.27943043  0.19585990  0.69490575
   0.50377770  0.49443650  0.74817341
   0.02407558  0.96285074  0.96366846
   0.06365673  0.02089771  0.85384231
   0.62316181  0.06367864  0.45011727
   0.31909118  0.81958090  0.09594906
   0.53043322  0.98707670  0.36080675
   0.27943043  0.69585990  0.19490571
   0.50377770  0.99443650  0.24817338
   0.02407558  0.46285077  0.46366846
   0.06365673  0.52089773  0.35384236
   0.32713668  0.17021099  0.50185889
   0.32713668  0.67021105  1.00185892
   0.82712842  0.82974582  0.50185703
   0.82712842  0.32974588  0.00185703
   0.28858925  0.24277885  0.34420660
   0.28858925  0.74277885  0.84420663
   0.78865734  0.75784535  0.34422924
   0.78865734  0.25784535  0.84422924
