   0.24893802  0.24698476  0.10439823
   0.24641135  0.26991396  0.22119227
   0.24893802  0.74698476  0.60439824
   0.24641135  0.76991399  0.72119222
   0.75977825  0.75331553  0.89002090
   0.72206459  0.72235841  0.78194657
   0.75977825  0.25331553  0.39002093
   0.72206459  0.22235843  0.28194651
   0.74907024  0.75229397  0.10441506
   0.74628662  0.73028452  0.22118904
   0.74907024  0.25229400  0.60441508
   0.74628662  0.23028450  0.72118907
   0.26019085  0.24732427  0.88997554
   0.22188267  0.27767961  0.78197217
   0.26019085  0.74732430  0.38997557
   0.22188267  0.77767958  0.28197220
   0.25058150  0.24652764 -0.00112640
   0.25058150  0.74652764  0.49887360
   0.75063078  0.75342416  0.99884000
   0.75063078  0.25342416  0.49883994
   0.79152289  0.75126842  0.65300979
   0.79152289  0.25126843  0.15300980
   0.79939531  0.75238198  0.45013576
   0.79939531  0.25238198  0.95013573
   0.29345265  0.24856715  0.54950077
   0.29156726  0.24795921  0.65298458
   0.29156726  0.74795921  0.15298458
   0.29345265  0.74856714  0.04950076
   0.29937242  0.24775656  0.45014555
   0.29937242  0.74775656  0.95014555
   0.79341299  0.75118920  0.54949788
   0.79341299  0.25118920  0.04949788
   0.59987025  0.54798760  0.05490394
   0.31141452  0.30960799  0.40645647
   0.52227293  0.47355509  0.13716913
   0.30571236  0.18584767  0.30152693
   0.50399105  0.49483805  0.25073760
   0.01685830  0.96268615  0.03983373
   0.09860515  0.05123713  0.14818414
   0.59987025  0.04798761  0.55490391
   0.31141452  0.80960799  0.90645647
   0.52227293  0.97355512  0.63716912
   0.30571236  0.68584764  0.80152693
   0.50399105  0.99483808  0.75073763
   0.01685830  0.46268618  0.53983373
   0.09860515  0.55123718  0.64818417
   0.11546730  0.43999832  0.94982144
   0.81970314  0.68000353  0.59578090
   0.02879571  0.52104555  0.86122627
   0.78147206  0.80283219  0.69516444
   0.00389074  0.50534316  0.74857897
   0.52021182  0.03677488  0.96326858
   0.58331662  0.96425148  0.85233996
   0.11546730  0.93999835  0.44982141
   0.81970314  0.18000353  0.09578092
   0.02879571  0.02104557  0.36122627
   0.78147206  0.30283219  0.19516444
   0.00389074  0.00534319  0.24857899
   0.52021182  0.53677490  0.46326855
   0.58331662  0.46425154  0.35233999
   0.09987792  0.45174413  0.05487096
   0.81096719  0.69091858  0.40644224
   0.02227047  0.52563322  0.13718628
   0.80601618  0.81440364  0.30154262
   0.00398758  0.50521243  0.25073912
   0.51672191  0.03725805  0.03987007
   0.59866607  0.94792196  0.14818061
   0.09987792  0.95174410  0.55487100
   0.81096719  0.19091859  0.90644227
   0.02227047  0.02563319  0.63718625
   0.80601618  0.31440367  0.80154259
   0.00398758  0.00521244  0.75073912
   0.51672191  0.53725806  0.53987004
   0.59866607  0.44792196  0.64818064
   0.61550103  0.56018674  0.94982982
   0.31942626  0.31940863  0.59579396
   0.52883144  0.47995868  0.86119590
   0.28178236  0.19659191  0.69514503
   0.50395547  0.49466501  0.74858920
   0.02013607  0.96322402  0.96323077
   0.08359227  0.03689487  0.85228978
   0.61550103  0.06018669  0.44982988
   0.31942626  0.81940863  0.09579398
   0.52883144  0.97995865  0.36119587
   0.28178236  0.69659191  0.19514498
   0.50395547  0.99466501  0.24858917
   0.02013607  0.46322405  0.46323077
   0.08359227  0.53689489  0.35228984
   0.32469871  0.17056822  0.50158680
   0.32469871  0.67056828  1.00158683
   0.82459888  0.82932533  0.50158030
   0.82459888  0.32932539  0.00158030
   0.29133834  0.24647726  0.34439937
   0.29133834  0.74647726  0.84439940
   0.79149123  0.75436903  0.34443688
   0.79149123  0.25436903  0.84443688
