   0.24850005  0.24698650  0.10424328
   0.24678074  0.27057464  0.22059059
   0.24850005  0.74698650  0.60424329
   0.24678074  0.77057467  0.72059055
   0.76461357  0.76020316  0.88943957
   0.72176283  0.72215746  0.78134524
   0.76461357  0.26020316  0.38943960
   0.72176283  0.22215748  0.28134518
   0.74852533  0.75256108  0.10424328
   0.74672910  0.72965117  0.22059269
   0.74852533  0.25256111  0.60424330
   0.74672910  0.22965115  0.72059272
   0.26478172  0.24020438  0.88942162
   0.22169110  0.27780952  0.78135199
   0.26478172  0.74020441  0.38942165
   0.22169110  0.77780949  0.28135202
   0.25367378  0.24567497 -0.00102622
   0.25367378  0.74567497  0.49897378
   0.75368074  0.75429509  0.99897355
   0.75368074  0.25429509  0.49897349
   0.78976044  0.75131406  0.65275371
   0.78976044  0.25131407  0.15275372
   0.80356375  0.75347974  0.45043761
   0.80356375  0.25347974  0.95043758
   0.29439581  0.24842908  0.54961708
   0.28978217  0.24811957  0.65273985
   0.28978217  0.74811957  0.15273985
   0.29439581  0.74842907  0.04961707
   0.30355573  0.24673022  0.45044394
   0.30355573  0.74673022  0.95044394
   0.79439157  0.75130483  0.54961515
   0.79439157  0.25130483  0.04961514
   0.59926845  0.54659446  0.05524562
   0.31115813  0.30830634  0.40697580
   0.52078655  0.47370088  0.13705986
   0.30614034  0.18742972  0.30129465
   0.50396096  0.49460780  0.25028364
   0.01882680  0.96356262  0.04014632
   0.09683264  0.05121511  0.14812866
   0.59926845  0.04659447  0.55524560
   0.31115813  0.80830634  0.90697580
   0.52078655  0.97370091  0.63705984
   0.30614034  0.68742970  0.80129465
   0.50396096  0.99460783  0.75028367
   0.01882680  0.46356265  0.54014631
   0.09683264  0.55121516  0.64812869
   0.12275302  0.43675026  0.95010729
   0.81916432  0.67997310  0.59592759
   0.03018958  0.51421497  0.86084530
   0.77940583  0.80364756  0.69492446
   0.00374634  0.50556765  0.74818967
   0.52389398  0.03727623  0.96365545
   0.56487396  0.97879146  0.85376910
   0.12275302  0.93675029  0.45010726
   0.81916432  0.17997310  0.09592760
   0.03018958  0.01421499  0.36084530
   0.77940583  0.30364756  0.19492446
   0.00374634  0.00556768  0.24818969
   0.52389398  0.53727626  0.46365542
   0.56487396  0.47879152  0.35376913
   0.09927345  0.45310477  0.05524038
   0.81104668  0.69214533  0.40696963
   0.02080428  0.52570864  0.13706182
   0.80620918  0.81271580  0.30130121
   0.00397064  0.50544201  0.25028488
   0.51882453  0.03621217  0.04015110
   0.59686477  0.94817038  0.14812259
   0.09927345  0.95310474  0.55524042
   0.81104668  0.19214535  0.90696966
   0.02080428  0.02570861  0.63706179
   0.80620918  0.31271583  0.80130118
   0.00397064  0.00544202  0.75028488
   0.51882453  0.53621218  0.54015107
   0.59686477  0.44817038  0.64812262
   0.62276250  0.56348417  0.95010757
   0.31908897  0.31956056  0.59593158
   0.53023773  0.48651880  0.86083845
   0.27951598  0.19592013  0.69491968
   0.50379402  0.49444197  0.74819672
   0.02388200  0.96287065  0.96365039
   0.06501213  0.02198267  0.85374678
   0.62276250  0.06348413  0.45010763
   0.31908897  0.81956056  0.09593160
   0.53023773  0.98651877  0.36083842
   0.27951598  0.69592013  0.19491964
   0.50379402  0.99444197  0.24819669
   0.02388200  0.46287068  0.46365039
   0.06501213  0.52198269  0.35374684
   0.32701054  0.17023510  0.50184623
   0.32701054  0.67023516  1.00184626
   0.82700158  0.82971929  0.50184427
   0.82700158  0.32971935  0.00184427
   0.28872034  0.24297098  0.34421367
   0.28872034  0.74297098  0.84421370
   0.78879102  0.75766274  0.34423664
   0.78879102  0.25766274  0.84423664
