   0.25065395  0.24706321  0.10486880
   0.24473402  0.27020486  0.22173843
   0.25065395  0.74706321  0.60486882
   0.24473402  0.77020489  0.72173838
   0.75823507  0.74805363  0.89044389
   0.72437490  0.72159215  0.78242751
   0.75823507  0.24805363  0.39044392
   0.72437490  0.22159216  0.28242745
   0.75086948  0.75225669  0.10502487
   0.74392515  0.73020088  0.22168133
   0.75086948  0.25225671  0.60502490
   0.74392515  0.23020086  0.72168136
   0.25900172  0.25238787  0.89030015
   0.22307262  0.27840960  0.78257259
   0.25900172  0.75238790  0.39030018
   0.22307262  0.77840957  0.28257262
   0.24585142  0.24658174 -0.00113665
   0.24585142  0.74658174  0.49886335
   0.74617157  0.75360646  0.99803324
   0.74617157  0.25360646  0.49803318
   0.79486337  0.75125601  0.65365338
   0.79486337  0.25125603  0.15365340
   0.79430134  0.75130656  0.44925766
   0.79430134  0.25130656  0.94925763
   0.29250968  0.24856173  0.54948566
   0.29489920  0.24771536  0.65355591
   0.29489920  0.74771536  0.15355591
   0.29250968  0.74856172  0.04948565
   0.29355707  0.24833794  0.44927470
   0.29355707  0.74833794  0.94927470
   0.79187667  0.75182043  0.54947096
   0.79187667  0.25182043  0.04947096
   0.60170378  0.55098009  0.05498700
   0.31140090  0.31321025  0.40557657
   0.52524045  0.47314405  0.13748738
   0.30213400  0.18207764  0.30187436
   0.50330841  0.49499616  0.25124860
   0.01315380  0.96048090  0.03944369
   0.10310833  0.05233899  0.14896405
   0.60170378  0.05098009  0.55498698
   0.31140090  0.81321025  0.90557657
   0.52524045  0.97314408  0.63748737
   0.30213400  0.68207761  0.80187436
   0.50330841  0.99499619  0.75124863
   0.01315380  0.46048093  0.53944368
   0.10310833  0.55233904  0.64896408
   0.10614064  0.44360819  0.94864721
   0.82036242  0.68004220  0.59590597
   0.02974030  0.52580813  0.86183252
   0.78551278  0.80584888  0.69557106
   0.00294788  0.50484528  0.74882167
   0.51475083  0.03643577  0.96262473
   0.59956806  0.95172525  0.85087153
   0.10614064  0.94360822  0.44864718
   0.82036242  0.18004220  0.09590599
   0.02974030  0.02580815  0.36183252
   0.78551278  0.30584888  0.19557106
   0.00294788  0.00484531  0.24882168
   0.51475083  0.53643579  0.46262470
   0.59956806  0.45172531  0.35087156
   0.10279872  0.44799525  0.05454185
   0.81029975  0.68754937  0.40549514
   0.02528865  0.52536557  0.13753678
   0.80375697  0.81821142  0.30196862
   0.00306236  0.50508211  0.25122054
   0.51159310  0.04112904  0.03973001
   0.60367084  0.94604183  0.14915413
   0.10279872  0.94799522  0.55454189
   0.81029975  0.18754939  0.90549517
   0.02528865  0.02536555  0.63753675
   0.80375697  0.31821145  0.80196859
   0.00306236  0.00508211  0.75122054
   0.51159310  0.54112905  0.53972999
   0.60367084  0.44604183  0.64915415
   0.60683529  0.55693220  0.94890622
   0.32005427  0.31951481  0.59600568
   0.52974856  0.47577700  0.86175930
   0.28655000  0.19329488  0.69552650
   0.50310779  0.49515605  0.74885634
   0.01393969  0.96244067  0.96225954
   0.10042217  0.05018838  0.85062136
   0.60683529  0.05693215  0.44890628
   0.32005427  0.81951481  0.09600570
   0.52974856  0.97577697  0.36175927
   0.28655000  0.69329488  0.19552646
   0.50310779  0.99515605  0.24885631
   0.01393969  0.46244070  0.46225954
   0.10042217  0.55018841  0.35062142
   0.32144849  0.16890330  0.50123627
   0.32144849  0.66890336  1.00123630
   0.82137548  0.83057117  0.50117109
   0.82137548  0.33057123  0.00117109
   0.29393920  0.24958010  0.34468544
   0.29393920  0.74958010  0.84468547
   0.79413856  0.75136977  0.34481631
   0.79413856  0.25136977  0.84481631
