   0.24877336  0.24698449  0.10434148
   0.24658288  0.27011077  0.22099836
   0.24877336  0.74698449  0.60434150
   0.24658288  0.77011080  0.72099832
   0.76081780  0.75518519  0.88986607
   0.72193881  0.72229739  0.78176306
   0.76081780  0.25518519  0.38986610
   0.72193881  0.22229740  0.28176300
   0.74884475  0.75239791  0.10434982
   0.74649370  0.73010890  0.22099764
   0.74884475  0.25239794  0.60434984
   0.74649370  0.23010888  0.72099767
   0.26113929  0.24536748  0.88983101
   0.22179918  0.27771004  0.78177909
   0.26113929  0.74536751  0.38983104
   0.22179918  0.77771001  0.28177912
   0.25155950  0.24626132 -0.00109141
   0.25155950  0.74626132  0.49890859
   0.75158436  0.75369075  0.99889394
   0.75158436  0.25369075  0.49889388
   0.79085318  0.75132401  0.65293419
   0.79085318  0.25132403  0.15293420
   0.80076080  0.75270631  0.45023825
   0.80076080  0.25270631  0.95023822
   0.29374810  0.24852684  0.54954189
   0.29089649  0.24798703  0.65290619
   0.29089649  0.74798703  0.15290619
   0.29374810  0.74852682  0.04954188
   0.30074427  0.24746922  0.45024664
   0.30074427  0.74746922  0.95024664
   0.79372541  0.75120997  0.54953646
   0.79372541  0.25120997  0.04953646
   0.59964658  0.54750761  0.05500151
   0.31158610  0.30914489  0.40665036
   0.52171411  0.47362372  0.13712237
   0.30592621  0.18630542  0.30145933
   0.50402835  0.49474828  0.25058447
   0.01753292  0.96300069  0.03992887
   0.09785730  0.05115039  0.14813727
   0.59964658  0.04750761  0.55500149
   0.31158610  0.80914489  0.90665036
   0.52171411  0.97362375  0.63712236
   0.30592621  0.68630539  0.80145933
   0.50402835  0.99474831  0.75058450
   0.01753292  0.46300072  0.53992887
   0.09785730  0.55115045  0.64813730
   0.11789477  0.43894807  0.94992579
   0.81945350  0.68001018  0.59581323
   0.02899990  0.51919856  0.86111545
   0.78072032  0.80294865  0.69505223
   0.00389573  0.50541440  0.74846047
   0.52148150  0.03693462  0.96339987
   0.57792374  0.96849482  0.85278180
   0.11789477  0.93894810  0.44992576
   0.81945350  0.18001018  0.09581324
   0.02899990  0.01919858  0.36111545
   0.78072032  0.30294865  0.19505223
   0.00389573  0.00541443  0.24846049
   0.52148150  0.53693465  0.46339984
   0.57792374  0.46849488  0.35278183
   0.09964283  0.45220003  0.05498456
   0.81128806  0.69135762  0.40664007
   0.02172320  0.52565402  0.13713309
   0.80611897  0.81390658  0.30147099
   0.00402618  0.50529777  0.25058577
   0.51746707  0.03684952  0.03994937
   0.59789770  0.94809360  0.14813044
   0.09964283  0.95220000  0.55498460
   0.81128806  0.19135764  0.90664010
   0.02172320  0.02565399  0.63713306
   0.80611897  0.31390661  0.80147096
   0.00402618  0.00529778  0.75058577
   0.51746707  0.53684953  0.53994935
   0.59789770  0.44809360  0.64813047
   0.61791374  0.56126067  0.94993087
   0.31926977  0.31943685  0.59581981
   0.52904297  0.48171524  0.86109515
   0.28094832  0.19648942  0.69505970
   0.50395667  0.49459688  0.74846930
   0.02143967  0.96314189  0.96337939
   0.07814787  0.03252669  0.85274187
   0.61791374  0.06126063  0.44993093
   0.31926977  0.81943685  0.09581983
   0.52904297  0.98171521  0.36109512
   0.28094832  0.69648942  0.19505966
   0.50395667  0.99459688  0.24846927
   0.02143967  0.46314192  0.46337939
   0.07814787  0.53252671  0.35274193
   0.32549690  0.17048014  0.50166803
   0.32549690  0.67048020  1.00166806
   0.82544688  0.82944101  0.50166424
   0.82544688  0.32944107  0.00166424
   0.29056339  0.24550370  0.34433982
   0.29056339  0.74550370  0.84433985
   0.79068656  0.75528027  0.34437170
   0.79068656  0.25528027  0.84437170
