   0.25282068  0.24624011  0.10543859
   0.23949789  0.27229372  0.22074315
   0.25282068  0.74624011  0.60543860
   0.23949789  0.77229375  0.72074311
   0.75448242  0.74926706  0.89172469
   0.73368404  0.72127113  0.78197378
   0.75448242  0.24926706  0.39172472
   0.73368404  0.22127114  0.28197372
   0.74961643  0.75297707  0.10584305
   0.73718890  0.72972008  0.22058798
   0.74961643  0.25297710  0.60584308
   0.73718890  0.22972006  0.72058801
   0.25324349  0.25062377  0.89145126
   0.23137312  0.27780306  0.78212480
   0.25324349  0.75062380  0.39145129
   0.23137312  0.77780303  0.28212483
   0.24392761  0.24399610  0.00049380
   0.24392761  0.74399610  0.50049380
   0.74323562  0.75827176  0.99826656
   0.74323562  0.25827176  0.49826650
   0.79581593  0.75073403  0.65407240
   0.79581593  0.25073405  0.15407241
   0.79285077  0.75275985  0.44854845
   0.79285077  0.25275985  0.94854842
   0.29044139  0.24773693  0.54963105
   0.29474476  0.24910070  0.65360231
   0.29474476  0.74910070  0.15360231
   0.29044139  0.74773691  0.04963104
   0.29011725  0.24512917  0.44874523
   0.29011725  0.74512917  0.94874523
   0.79039083  0.75441901  0.54969507
   0.79039083  0.25441901  0.04969506
   0.60465875  0.55537590  0.05567010
   0.31816496  0.31869613  0.40461238
   0.52695458  0.47237387  0.13764118
   0.29464334  0.18284971  0.30284753
   0.50266796  0.49467653  0.25095427
   0.00685375  0.95982570  0.03840449
   0.10475160  0.05444118  0.15038875
   0.60465875  0.05537591  0.55567008
   0.31816496  0.81869613  0.90461238
   0.52695458  0.97237390  0.63764116
   0.29464334  0.68284968  0.80284753
   0.50266796  0.99467656  0.75095430
   0.00685375  0.45982573  0.53840448
   0.10475160  0.55444123  0.65038878
   0.10214952  0.44500817  0.94539040
   0.81998573  0.67826603  0.59690380
   0.02853662  0.52759716  0.86270820
   0.79061311  0.81125611  0.69570792
   0.00266262  0.50392690  0.74822157
   0.51031075  0.04058670  0.96198174
   0.60484801  0.94728326  0.84991413
   0.10214952  0.94500820  0.44539037
   0.81998573  0.17826603  0.09690382
   0.02853662  0.02759718  0.36270820
   0.79061311  0.31125611  0.19570792
   0.00266262  0.00392693  0.24822158
   0.51031075  0.54058672  0.46198171
   0.60484801  0.44728332  0.34991416
   0.10770695  0.43334520  0.05399961
   0.82099641  0.68145338  0.40401351
   0.02646637  0.52447883  0.13784483
   0.79729364  0.81696320  0.30322912
   0.00224264  0.50542189  0.25089579
   0.50797622  0.04953770  0.03970686
   0.60766472  0.94454578  0.15112238
   0.10770695  0.93334517  0.55399965
   0.82099641  0.18145339  0.90401354
   0.02646637  0.02447880  0.63784480
   0.79729364  0.31696323  0.80322909
   0.00224264  0.00542189  0.75089579
   0.50797622  0.54953771  0.53970683
   0.60766472  0.44454578  0.65112241
   0.60842334  0.55892371  0.94673036
   0.32742397  0.32309916  0.59829233
   0.52790990  0.47542714  0.86255484
   0.29323823  0.18777611  0.69531303
   0.50291216  0.49588273  0.74832379
   0.00513923  0.95485917  0.96104000
   0.10724030  0.05457318  0.84928443
   0.60842334  0.05892366  0.44673042
   0.32742397  0.82309916  0.09829234
   0.52790990  0.97542711  0.36255481
   0.29323823  0.68777611  0.19531298
   0.50291216  0.99588273  0.24832376
   0.00513923  0.45485920  0.46104000
   0.10724030  0.55457320  0.34928449
   0.31826275  0.16028742  0.50003710
   0.31826275  0.66028748  1.00003713
   0.81884443  0.83900762  0.50038175
   0.81884443  0.33900768  0.00038175
   0.29504009  0.25002867  0.34624862
   0.29504009  0.75002867  0.84624865
   0.79398589  0.74988204  0.34669293
   0.79398589  0.24988204  0.84669293
