   0.24900156  0.24712762  0.10415384
   0.24599028  0.27132486  0.21979329
   0.24900156  0.74712762  0.60415385
   0.24599028  0.77132489  0.71979325
   0.77502222  0.76841996  0.88871975
   0.72238391  0.72223620  0.78048462
   0.77502222  0.26841996  0.38871978
   0.72238391  0.22223621  0.28048456
   0.74900291  0.75259264  0.10415309
   0.74597609  0.72885104  0.21979637
   0.74900291  0.25259267  0.60415311
   0.74597609  0.22885102  0.71979640
   0.27501688  0.23182654  0.88872353
   0.22235605  0.27765506  0.78048719
   0.27501688  0.73182657  0.38872356
   0.22235605  0.77765503  0.28048722
   0.25674183  0.24472207 -0.00089652
   0.25674183  0.74472207  0.49910348
   0.75675441  0.75529679  0.99910044
   0.75675441  0.25529679  0.49910038
   0.78957974  0.75106977  0.65250972
   0.78957974  0.25106978  0.15250974
   0.80689314  0.75466280  0.45072113
   0.80689314  0.25466280  0.95072110
   0.29565512  0.24837547  0.54983388
   0.28958747  0.24853294  0.65249827
   0.28958747  0.74853294  0.15249827
   0.29565512  0.74837546  0.04983387
   0.30689575  0.24555421  0.45072640
   0.30689575  0.74555421  0.95072640
   0.79564807  0.75145315  0.54983287
   0.79564807  0.25145315  0.04983286
   0.59853983  0.54484516  0.05580886
   0.30311077  0.30740485  0.40747412
   0.52051609  0.47350361  0.13706007
   0.30579973  0.19117820  0.30088990
   0.50377778  0.49454053  0.24974333
   0.02085717  0.96456542  0.04062882
   0.09780020  0.05228343  0.14837972
   0.59853983  0.04484517  0.55580883
   0.30311077  0.80740485  0.90747412
   0.52051609  0.97350364  0.63706005
   0.30579973  0.69117817  0.80088990
   0.50377778  0.99454056  0.74974336
   0.02085717  0.46456545  0.54062881
   0.09780020  0.55228348  0.64837975
   0.12950088  0.43285448  0.95042344
   0.81952897  0.67974766  0.59627568
   0.03593898  0.50169013  0.86022586
   0.77884225  0.80523393  0.69474012
   0.00315196  0.50561639  0.74762138
   0.52673326  0.03763994  0.96409865
   0.54021098  0.99822590  0.85525098
   0.12950088  0.93285451  0.45042341
   0.81952897  0.17974766  0.09627569
   0.03593898  0.00169015  0.36022586
   0.77884225  0.30523393  0.19474012
   0.00315196  0.00561642  0.24762140
   0.52673326  0.53763996  0.46409862
   0.54021098  0.49822596  0.35525101
   0.09855512  0.45493250  0.05580254
   0.80310804  0.69295714  0.40747067
   0.02053872  0.52608217  0.13705679
   0.80583077  0.80886451  0.30089495
   0.00379228  0.50546855  0.24974544
   0.52086709  0.03528056  0.04062995
   0.59782229  0.94727174  0.14837688
   0.09855512  0.95493247  0.55580258
   0.80310804  0.19295715  0.90747070
   0.02053872  0.02608214  0.63705676
   0.80583077  0.30886454  0.80089492
   0.00379228  0.00546856  0.74974544
   0.52086709  0.53528057  0.54062993
   0.59782229  0.44727174  0.64837691
   0.62951225  0.56739336  0.95042259
   0.31948096  0.31993913  0.59627770
   0.53597527  0.49877330  0.86022724
   0.27882923  0.19447537  0.69473451
   0.50318269  0.49435088  0.74762686
   0.02673860  0.96254513  0.96409804
   0.04026067  0.00222049  0.85525365
   0.62951225  0.06739331  0.45042265
   0.31948096  0.81993913  0.09627771
   0.53597527  0.99877327  0.36022721
   0.27882923  0.69447537  0.19473446
   0.50318269  0.99435088  0.24762683
   0.02673860  0.46254516  0.46409804
   0.04026067  0.50222052  0.35525371
   0.32882700  0.16987453  0.50220559
   0.32882700  0.66987459  1.00220562
   0.82882596  0.83013492  0.50220381
   0.82882596  0.33013498  0.00220381
   0.28552001  0.23864922  0.34384902
   0.28552001  0.73864922  0.84384905
   0.78551846  0.76175554  0.34386491
   0.78551846  0.26175554  0.84386491
