   0.24904757  0.24696575  0.10441337
   0.24630892  0.26983569  0.22125331
   0.24904757  0.74696575  0.60441338
   0.24630892  0.76983572  0.72125327
   0.75942362  0.75253993  0.89008267
   0.72215743  0.72239262  0.78202299
   0.75942362  0.25253993  0.39008270
   0.72215743  0.22239263  0.28202293
   0.74918979  0.75225562  0.10443533
   0.74616423  0.73036993  0.22124870
   0.74918979  0.25225565  0.60443535
   0.74616423  0.23036991  0.72124873
   0.25988302  0.24813468  0.89003245
   0.22192847  0.27767337  0.78205263
   0.25988302  0.74813471  0.39003248
   0.22192847  0.77767334  0.28205266
   0.25013166  0.24662434 -0.00113481
   0.25013166  0.74662434  0.49886519
   0.75019457  0.75333236  0.99881785
   0.75019457  0.25333236  0.49881779
   0.79178777  0.75125107  0.65304240
   0.79178777  0.25125108  0.15304241
   0.79889486  0.75222015  0.45009494
   0.79889486  0.25222015  0.95009491
   0.29335227  0.24861861  0.54950102
   0.29183620  0.24793097  0.65303214
   0.29183620  0.74793097  0.15303214
   0.29335227  0.74861859  0.04950101
   0.29886672  0.24789796  0.45010499
   0.29886672  0.74789796  0.95010499
   0.79329819  0.75116001  0.54949468
   0.79329819  0.25116001  0.04949468
   0.59996242  0.54821466  0.05486290
   0.31129905  0.30982191  0.40635730
   0.52256897  0.47348311  0.13719883
   0.30560612  0.18568490  0.30155861
   0.50394994  0.49486380  0.25081603
   0.01654076  0.96256104  0.03978639
   0.09900801  0.05125467  0.14822402
   0.59996242  0.04821467  0.55486288
   0.31129905  0.80982191  0.90635730
   0.52256897  0.97348314  0.63719882
   0.30560612  0.68568487  0.80155861
   0.50394994  0.99486383  0.75081606
   0.01654076  0.46256107  0.53978638
   0.09900801  0.55125473  0.64822405
   0.11436919  0.44033791  0.94975894
   0.81981164  0.68001081  0.59576852
   0.02880604  0.52179108  0.86126001
   0.78179107  0.80285325  0.69522769
   0.00385840  0.50530243  0.74863770
   0.51961312  0.03662048  0.96319880
   0.58548524  0.96261190  0.85216178
   0.11436919  0.94033794  0.44975891
   0.81981164  0.18001081  0.09576853
   0.02880604  0.02179110  0.36126001
   0.78179107  0.30285325  0.19522769
   0.00385840  0.00530246  0.24863771
   0.51961312  0.53662050  0.46319877
   0.58548524  0.46261196  0.35216181
   0.09997575  0.45151946  0.05481941
   0.81077307  0.69071614  0.40634101
   0.02255454  0.52564628  0.13721958
   0.80597935  0.81457226  0.30157752
   0.00394444  0.50518675  0.25081785
   0.51637007  0.03744871  0.03983124
   0.59907765  0.94784691  0.14822259
   0.09997575  0.95151943  0.55481945
   0.81077307  0.19071616  0.90634104
   0.02255454  0.02564625  0.63721955
   0.80597935  0.31457229  0.80157749
   0.00394444  0.00518676  0.75081785
   0.51637007  0.53744872  0.53983122
   0.59907765  0.44784691  0.64822262
   0.61442120  0.55983722  0.94976912
   0.31948545  0.31939703  0.59577983
   0.52883849  0.47926648  0.86122450
   0.28214474  0.19655476  0.69519798
   0.50392145  0.49469486  0.74864904
   0.01951913  0.96333892  0.96315078
   0.08579125  0.03860066  0.85210584
   0.61442120  0.05983718  0.44976918
   0.31948545  0.81939703  0.09577985
   0.52883849  0.97926645  0.36122447
   0.28214474  0.69655476  0.19519794
   0.50392145  0.99469486  0.24864901
   0.01951913  0.46333895  0.46315078
   0.08579125  0.53860069  0.35210590
   0.32437458  0.17059725  0.50153908
   0.32437458  0.67059731  1.00153911
   0.82425005  0.82927946  0.50153089
   0.82425005  0.32927952  0.00153089
   0.29163788  0.24689246  0.34443528
   0.29163788  0.74689246  0.84443531
   0.79180537  0.75398919  0.34447618
   0.79180537  0.25398919  0.84447618
