   0.24911971  0.24716510  0.10415321
   0.24588716  0.27131294  0.21975540
   0.24911971  0.74716510  0.60415323
   0.24588716  0.77131297  0.71975535
   0.77503043  0.76826507  0.88871439
   0.72238323  0.72227158  0.78044816
   0.77503043  0.26826507  0.38871442
   0.72238323  0.22227160  0.28044810
   0.74911982  0.75256496  0.10415204
   0.74587254  0.72885394  0.21975783
   0.74911982  0.25256499  0.60415206
   0.74587254  0.22885393  0.71975786
   0.27503114  0.23196760  0.88871572
   0.22235606  0.27761460  0.78045010
   0.27503114  0.73196763  0.38871575
   0.22235606  0.77761457  0.28045013
   0.25673207  0.24472713 -0.00087830
   0.25673207  0.74472713  0.49912170
   0.75674373  0.75529256  0.99912110
   0.75674373  0.25529256  0.49912104
   0.78970609  0.75105384  0.65249561
   0.78970609  0.25105385  0.15249563
   0.80677731  0.75465137  0.45073844
   0.80677731  0.25465137  0.95073841
   0.29570510  0.24838363  0.54985703
   0.28971303  0.24855770  0.65248365
   0.28971303  0.74855770  0.15248365
   0.29570510  0.74838362  0.04985702
   0.30678075  0.24556476  0.45074403
   0.30678075  0.74556476  0.95074403
   0.79569973  0.75145022  0.54985603
   0.79569973  0.25145022  0.04985602
   0.59845338  0.54470076  0.05584455
   0.30247147  0.30740003  0.40749662
   0.52062661  0.47347750  0.13705534
   0.30573337  0.19127648  0.30085764
   0.50375882  0.49453251  0.24971191
   0.02099756  0.96466385  0.04065929
   0.09802682  0.05239026  0.14839460
   0.59845338  0.04470077  0.55584453
   0.30247147  0.80740003  0.90749662
   0.52062661  0.97347753  0.63705533
   0.30573337  0.69127645  0.80085764
   0.50375882  0.99453253  0.74971194
   0.02099756  0.46466388  0.54065928
   0.09802682  0.55239031  0.64839463
   0.12953044  0.43275358  0.95045147
   0.81962644  0.67973303  0.59630361
   0.03602600  0.50155920  0.86021011
   0.77896140  0.80529626  0.69472715
   0.00308698  0.50559173  0.74758745
   0.52672169  0.03761494  0.96413412
   0.54016910  0.99818837  0.85522889
   0.12953044  0.93275361  0.45045144
   0.81962644  0.17973303  0.09630363
   0.03602600  0.00155922  0.36021011
   0.77896140  0.30529626  0.19472715
   0.00308698  0.00559176  0.24758746
   0.52672169  0.53761496  0.46413409
   0.54016910  0.49818843  0.35522892
   0.09846613  0.45508595  0.05583846
   0.80247435  0.69295078  0.40749303
   0.02064325  0.52611394  0.13705195
   0.80576094  0.80876069  0.30086256
   0.00377302  0.50547341  0.24971399
   0.52101076  0.03518746  0.04066043
   0.59805413  0.94718163  0.14839163
   0.09846613  0.95508592  0.55583850
   0.80247435  0.19295079  0.90749306
   0.02064325  0.02611391  0.63705192
   0.80576094  0.30876072  0.80086253
   0.00377302  0.00547341  0.74971399
   0.52101076  0.53518746  0.54066041
   0.59805413  0.44718163  0.64839166
   0.62954221  0.56749432  0.95045038
   0.31957831  0.31996430  0.59630511
   0.53606691  0.49889648  0.86021141
   0.27894611  0.19441709  0.69472293
   0.50311877  0.49437156  0.74759287
   0.02672673  0.96257004  0.96413411
   0.04021887  0.00224665  0.85522986
   0.62954221  0.06749428  0.45045044
   0.31957831  0.81996430  0.09630512
   0.53606691  0.99889645  0.36021138
   0.27894611  0.69441709  0.19472289
   0.50311877  0.99437156  0.24759284
   0.02672673  0.46257007  0.46413411
   0.04021887  0.50224667  0.35522992
   0.32885155  0.16987003  0.50223309
   0.32885155  0.66987009  1.00223311
   0.82884843  0.83014420  0.50223133
   0.82884843  0.33014426  0.00223133
   0.28553412  0.23878333  0.34381690
   0.28553412  0.73878333  0.84381693
   0.78553709  0.76161244  0.34383270
   0.78553709  0.26161244  0.84383270
