   0.24895641  0.24698719  0.10440041
   0.24639737  0.26989562  0.22120614
   0.24895641  0.74698719  0.60440042
   0.24639737  0.76989565  0.72120609
   0.75976219  0.75330379  0.89002283
   0.72207460  0.72235988  0.78195853
   0.75976219  0.25330379  0.39002286
   0.72207460  0.22235989  0.28195847
   0.74906709  0.75228111  0.10441765
   0.74629348  0.73027739  0.22120198
   0.74906709  0.25228114  0.60441767
   0.74629348  0.23027738  0.72120201
   0.26017378  0.24733829  0.88997718
   0.22189401  0.27767530  0.78198497
   0.26017378  0.74733832  0.38997721
   0.22189401  0.77767527  0.28198500
   0.25057352  0.24652748 -0.00113069
   0.25057352  0.74652748  0.49886931
   0.75062270  0.75342412  0.99883563
   0.75062270  0.25342412  0.49883557
   0.79153703  0.75130303  0.65304463
   0.79153703  0.25130304  0.15304464
   0.79935679  0.75236191  0.45010207
   0.79935679  0.25236191  0.95010204
   0.29344561  0.24856965  0.54949589
   0.29160038  0.24797300  0.65297230
   0.29160038  0.74797300  0.15297230
   0.29344561  0.74856964  0.04949588
   0.29933477  0.24777576  0.45011217
   0.29933477  0.74777576  0.95011217
   0.79339837  0.75119564  0.54948896
   0.79339837  0.25119564  0.04948896
   0.59988958  0.54800476  0.05490141
   0.31140194  0.30959242  0.40647563
   0.52229397  0.47355239  0.13716913
   0.30570018  0.18580778  0.30151809
   0.50397801  0.49485905  0.25073607
   0.01682671  0.96267090  0.03983265
   0.09862788  0.05125782  0.14818393
   0.59988958  0.04800476  0.55490138
   0.31140194  0.80959242  0.90647563
   0.52229397  0.97355242  0.63716912
   0.30570018  0.68580775  0.80151809
   0.50397801  0.99485908  0.75073610
   0.01682671  0.46267093  0.53983264
   0.09862788  0.55125788  0.64818396
   0.11538104  0.44006041  0.94982455
   0.81971427  0.68000479  0.59578507
   0.02878456  0.52110965  0.86122851
   0.78152294  0.80279784  0.69514065
   0.00389676  0.50534863  0.74857554
   0.52014800  0.03678467  0.96327080
   0.58351154  0.96409027  0.85232066
   0.11538104  0.94006044  0.44982452
   0.81971427  0.18000479  0.09578509
   0.02878456  0.02110967  0.36122851
   0.78152294  0.30279784  0.19514065
   0.00389676  0.00534866  0.24857555
   0.52014800  0.53678469  0.46327077
   0.58351154  0.46409033  0.35232069
   0.09988805  0.45171883  0.05486736
   0.81094814  0.69093488  0.40646142
   0.02228497  0.52562291  0.13718654
   0.80600795  0.81444656  0.30153340
   0.00398883  0.50520953  0.25073761
   0.51669433  0.03728463  0.03986983
   0.59870324  0.94790683  0.14818039
   0.09988805  0.95171880  0.55486740
   0.81094814  0.19093489  0.90646145
   0.02228497  0.02562288  0.63718651
   0.80600795  0.31444659  0.80153337
   0.00398883  0.00520954  0.75073761
   0.51669433  0.53728464  0.53986981
   0.59870324  0.44790683  0.64818041
   0.61541278  0.56012568  0.94983319
   0.31943613  0.31941108  0.59579373
   0.52882132  0.47989753  0.86119769
   0.28182159  0.19658930  0.69516030
   0.50394290  0.49465640  0.74858625
   0.02007207  0.96320816  0.96323199
   0.08379042  0.03706013  0.85227036
   0.61541278  0.06012564  0.44983325
   0.31943613  0.81941108  0.09579375
   0.52882132  0.97989750  0.36119766
   0.28182159  0.69658930  0.19516026
   0.50394290  0.99465640  0.24858622
   0.02007207  0.46320819  0.46323199
   0.08379042  0.53706015  0.35227042
   0.32464799  0.17057612  0.50158992
   0.32464799  0.67057618  1.00158995
   0.82454552  0.82931525  0.50158403
   0.82454552  0.32931531  0.00158403
   0.29133719  0.24650080  0.34441233
   0.29133719  0.74650080  0.84441236
   0.79149079  0.75434466  0.34445026
   0.79149079  0.25434466  0.84445026
