   0.24959152  0.24697208  0.10456429
   0.24570712  0.26975302  0.22154774
   0.24959152  0.74697208  0.60456431
   0.24570712  0.76975305  0.72154770
   0.75856220  0.74995918  0.89024737
   0.72260857  0.72237077  0.78226527
   0.75856220  0.24995918  0.39024740
   0.72260857  0.22237078  0.28226521
   0.74983942  0.75210486  0.10462621
   0.74543642  0.73046779  0.22153232
   0.74983942  0.25210488  0.60462623
   0.74543642  0.23046778  0.72153235
   0.25924188  0.25076562  0.89016835
   0.22212069  0.27775901  0.78233037
   0.25924188  0.75076565  0.39016838
   0.22212069  0.77775898  0.28233040
   0.24819785  0.24703136 -0.00121876
   0.24819785  0.74703136  0.49878124
   0.74837199  0.75296364  0.99858588
   0.74837199  0.25296364  0.49858582
   0.79321755  0.75128953  0.65333197
   0.79321755  0.25128954  0.15333198
   0.79648205  0.75166788  0.44979566
   0.79648205  0.25166788  0.94979563
   0.29288883  0.24873451  0.54945424
   0.29329510  0.24777341  0.65326991
   0.29329510  0.74777341  0.15326991
   0.29288883  0.74873450  0.04945423
   0.29635915  0.24828784  0.44981077
   0.29635915  0.74828784  0.94981077
   0.79268614  0.75124277  0.54944301
   0.79268614  0.25124277  0.04944300
   0.60052078  0.54921210  0.05479435
   0.31079548  0.31080767  0.40602928
   0.52373244  0.47334814  0.13731398
   0.30486395  0.18466749  0.30168582
   0.50371658  0.49498153  0.25105343
   0.01519596  0.96187013  0.03964079
   0.10074054  0.05156231  0.14844315
   0.60052078  0.04921211  0.55479433
   0.31079548  0.81080767  0.90602928
   0.52373244  0.97334817  0.63731396
   0.30486395  0.68466746  0.80168582
   0.50371658  0.99498156  0.75105346
   0.01519596  0.46187016  0.53964079
   0.10074054  0.55156236  0.64844318
   0.11050884  0.44198565  0.94946963
   0.82025833  0.67996643  0.59578023
   0.02907786  0.52399049  0.86142668
   0.78318147  0.80333515  0.69535703
   0.00358427  0.50516789  0.74878458
   0.51757988  0.03635092  0.96294612
   0.59271236  0.95716619  0.85154100
   0.11050884  0.94198568  0.44946960
   0.82025833  0.17996643  0.09578024
   0.02907786  0.02399051  0.36142668
   0.78318147  0.30333515  0.19535703
   0.00358427  0.00516792  0.24878460
   0.51757988  0.53635095  0.46294609
   0.59271236  0.45716625  0.35154103
   0.10066878  0.45049960  0.05466388
   0.80987133  0.68980811  0.40600117
   0.02374312  0.52561258  0.13734865
   0.80560522  0.81563885  0.30172284
   0.00364969  0.50504807  0.25105120
   0.51472858  0.03858403  0.03974361
   0.60086382  0.94725401  0.14847264
   0.10066878  0.95049957  0.55466392
   0.80987133  0.18980812  0.90600120
   0.02374312  0.02561255  0.63734862
   0.80560522  0.31563888  0.80172281
   0.00364969  0.00504808  0.75105120
   0.51472858  0.53858403  0.53974359
   0.60086382  0.44725401  0.64847267
   0.61067597  0.55818248  0.94950483
   0.31968722  0.31945202  0.59580619
   0.52908712  0.47727121  0.86136973
   0.28373762  0.19584347  0.69538476
   0.50368497  0.49482777  0.74880087
   0.01733650  0.96330345  0.96282049
   0.09317716  0.04434155  0.85144434
   0.61067597  0.05818243  0.44950489
   0.31968722  0.81945202  0.09580621
   0.52908712  0.97727118  0.36136970
   0.28373762  0.69584347  0.19538472
   0.50368497  0.99482777  0.24880084
   0.01733650  0.46330348  0.46282049
   0.09317716  0.54434157  0.35144440
   0.32313338  0.17046433  0.50139828
   0.32313338  0.67046439  1.00139831
   0.82287502  0.82929402  0.50138039
   0.82287502  0.32929408  0.00138039
   0.29308369  0.24838492  0.34449913
   0.29308369  0.74838492  0.84449916
   0.79331525  0.75263401  0.34456626
   0.79331525  0.25263401  0.84456626
