   0.25000313  0.24700802  0.10466123
   0.24535410  0.26983234  0.22166404
   0.25000313  0.74700802  0.60466125
   0.24535410  0.76983237  0.72166400
   0.75837624  0.74907380  0.89032460
   0.72308964  0.72219822  0.78237067
   0.75837624  0.24907380  0.39032463
   0.72308964  0.22219824  0.28237061
   0.75030078  0.75207902  0.10475783
   0.74490818  0.73040557  0.22163432
   0.75030078  0.25207905  0.60475785
   0.74490818  0.23040556  0.72163435
   0.25915147  0.25157905  0.89022228
   0.22231185  0.27794440  0.78246774
   0.25915147  0.75157907  0.39022231
   0.22231185  0.77794437  0.28246777
   0.24722719  0.24702157 -0.00120967
   0.24722719  0.74702157  0.49879033
   0.74748009  0.75302842  0.99839582
   0.74748009  0.25302842  0.49839576
   0.79393306  0.75126000  0.65343261
   0.79393306  0.25126001  0.15343263
   0.79552835  0.75139977  0.44957110
   0.79552835  0.25139977  0.94957107
   0.29274366  0.24876399  0.54946452
   0.29402093  0.24777277  0.65333495
   0.29402093  0.74777277  0.15333495
   0.29274366  0.74876398  0.04946451
   0.29523174  0.24843206  0.44958455
   0.29523174  0.74843206  0.94958455
   0.79238845  0.75136804  0.54944854
   0.79238845  0.25136804  0.04944854
   0.60097189  0.54989238  0.05483536
   0.31083185  0.31164459  0.40587171
   0.52437358  0.47323921  0.13737898
   0.30396690  0.18366409  0.30172869
   0.50351241  0.49502712  0.25116525
   0.01438036  0.96134726  0.03956209
   0.10171109  0.05187111  0.14861435
   0.60097189  0.04989239  0.55483534
   0.31083185  0.81164459  0.90587171
   0.52437358  0.97323924  0.63737897
   0.30396690  0.68366406  0.80172869
   0.50351241  0.99502715  0.75116528
   0.01438036  0.46134729  0.53956209
   0.10171109  0.55187116  0.64861438
   0.10864803  0.44271878  0.94922355
   0.82036349  0.67996768  0.59581370
   0.02933540  0.52484567  0.86154478
   0.78405789  0.80422791  0.69545761
   0.00331512  0.50509790  0.74883714
   0.51649243  0.03626932  0.96281952
   0.59580469  0.95478076  0.85123997
   0.10864803  0.94271881  0.44922352
   0.82036349  0.17996768  0.09581372
   0.02933540  0.02484569  0.36154478
   0.78405789  0.30422791  0.19545761
   0.00331512  0.00509793  0.24883715
   0.51649243  0.53626934  0.46281949
   0.59580469  0.45478082  0.35124000
   0.10137328  0.44965186  0.05460539
   0.80971687  0.68903075  0.40583001
   0.02436450  0.52554764  0.13741900
   0.80504959  0.81662284  0.30178247
   0.00338359  0.50500251  0.25115573
   0.51356014  0.03951582  0.03972057
   0.60201127  0.94682878  0.14869163
   0.10137328  0.94965183  0.55460543
   0.80971687  0.18903076  0.90583004
   0.02436450  0.02554762  0.63741897
   0.80504959  0.31662287  0.80178244
   0.00338359  0.00500252  0.75115573
   0.51356014  0.53951583  0.53972054
   0.60201127  0.44682878  0.64869166
   0.60896664  0.55752425  0.94931058
   0.31973595  0.31947683  0.59585710
   0.52934689  0.47652137  0.86147725
   0.28475593  0.19496622  0.69547980
   0.50343412  0.49490735  0.74886012
   0.01607835  0.96310341  0.96261295
   0.09641668  0.04689611  0.85109332
   0.60896664  0.05752420  0.44931064
   0.31973595  0.81947683  0.09585711
   0.52934689  0.97652134  0.36147722
   0.28475593  0.69496622  0.19547976
   0.50343412  0.99490735  0.24886009
   0.01607835  0.46310344  0.46261295
   0.09641668  0.54689613  0.35109337
   0.32247871  0.17004905  0.50133398
   0.32247871  0.67004911  1.00133401
   0.82221371  0.82958643  0.50130261
   0.82221371  0.32958649  0.00130261
   0.29352610  0.24895280  0.34458171
   0.29352610  0.74895280  0.84458174
   0.79377335  0.75205498  0.34466785
   0.79377335  0.25205498  0.84466785
