   0.24858418  0.24701502  0.10418003
   0.24663981  0.27096365  0.22026287
   0.24858418  0.74701502  0.60418005
   0.24663981  0.77096368  0.72026283
   0.76912108  0.76457602  0.88905733
   0.72191789  0.72211509  0.78099224
   0.76912108  0.26457602  0.38905736
   0.72191789  0.22211510  0.28099218
   0.74859399  0.75261274  0.10417912
   0.74660738  0.72924582  0.22026520
   0.74859399  0.25261277  0.60417914
   0.74660738  0.22924581  0.72026523
   0.26920232  0.23576700  0.88905003
   0.22187072  0.27782052  0.78099584
   0.26920232  0.73576703  0.38905006
   0.22187072  0.77782049  0.28099587
   0.25506945  0.24527318 -0.00099001
   0.25506945  0.74527318  0.49900999
   0.75507825  0.75471343  0.99901076
   0.75507825  0.25471343  0.49901070
   0.78944186  0.75124583  0.65263295
   0.78944186  0.25124584  0.15263296
   0.80529097  0.75406985  0.45057089
   0.80529097  0.25406985  0.95057086
   0.29491839  0.24839118  0.54968621
   0.28945870  0.24826769  0.65261581
   0.28945870  0.74826769  0.15261581
   0.29491839  0.74839116  0.04968620
   0.30529128  0.24614616  0.45057644
   0.30529128  0.74614616  0.95057644
   0.79491261  0.75137724  0.54968428
   0.79491261  0.25137724  0.04968428
   0.59902764  0.54592401  0.05546785
   0.30891502  0.30786555  0.40719187
   0.52049286  0.47365082  0.13705115
   0.30609990  0.18880458  0.30114023
   0.50389028  0.49456373  0.25006860
   0.01969353  0.96394340  0.04033740
   0.09687150  0.05153149  0.14820879
   0.59902764  0.04592401  0.55546783
   0.30891502  0.80786555  0.90719187
   0.52049286  0.97365085  0.63705114
   0.30609990  0.68880456  0.80114023
   0.50389028  0.99456376  0.75006863
   0.01969353  0.46394343  0.54033740
   0.09687150  0.55153154  0.64820882
   0.12602067  0.43503436  0.95022660
   0.81921805  0.67989280  0.59606161
   0.03223159  0.50902507  0.86057771
   0.77891135  0.80431127  0.69484521
   0.00356786  0.50560958  0.74797017
   0.52534724  0.03748364  0.96383439
   0.55335562  0.98795940  0.85454992
   0.12602067  0.93503439  0.45022657
   0.81921805  0.17989280  0.09606162
   0.03223159  0.00902509  0.36057771
   0.77891135  0.30431127  0.19484521
   0.00356786  0.00560961  0.24797019
   0.52534724  0.53748366  0.46383436
   0.55335562  0.48795946  0.35454995
   0.09903554  0.45380072  0.05546285
   0.80884848  0.69255057  0.40718723
   0.02051389  0.52583488  0.13705024
   0.80614115  0.81130008  0.30114592
   0.00390546  0.50547842  0.25006998
   0.51970345  0.03584914  0.04033936
   0.59689990  0.94792655  0.14820422
   0.09903554  0.95380069  0.55546289
   0.80884848  0.19255059  0.90718726
   0.02051389  0.02583486  0.63705021
   0.80614115  0.31130011  0.80114589
   0.00390546  0.00547843  0.75006998
   0.51970345  0.53584915  0.54033933
   0.59689990  0.44792655  0.64820425
   0.62603174  0.56520823  0.95022587
   0.31916362  0.31970769  0.59606387
   0.53227598  0.49158938  0.86057570
   0.27896119  0.19532233  0.69484328
   0.50360620  0.49438601  0.74797664
   0.02534420  0.96268199  0.96383206
   0.05343777  0.01265112  0.85454239
   0.62603174  0.06520818  0.45022593
   0.31916362  0.81970769  0.09606388
   0.53227598  0.99158935  0.36057567
   0.27896119  0.69532233  0.19484323
   0.50360620  0.99438601  0.24797661
   0.02534420  0.46268202  0.46383206
   0.05343777  0.51265114  0.35454244
   0.32792957  0.17006519  0.50198817
   0.32792957  0.67006525  1.00198820
   0.82792388  0.82991048  0.50198653
   0.82792388  0.32991054  0.00198653
   0.28729777  0.24083052  0.34409224
   0.28729777  0.74083052  0.84409227
   0.78733793  0.75970641  0.34411189
   0.78733793  0.25970641  0.84411189
