   0.24907239  0.24700147  0.10443488
   0.24627397  0.26985833  0.22127600
   0.24907239  0.74700147  0.60443490
   0.24627397  0.76985836  0.72127595
   0.75929233  0.75228314  0.89009769
   0.72216489  0.72242571  0.78203783
   0.75929233  0.25228314  0.39009772
   0.72216489  0.22242573  0.28203777
   0.74924114  0.75221539  0.10445913
   0.74610405  0.73037091  0.22127165
   0.74924114  0.25221542  0.60445915
   0.74610405  0.23037090  0.72127168
   0.25977377  0.24839901  0.89004538
   0.22191655  0.27765549  0.78206962
   0.25977377  0.74839904  0.39004541
   0.22191655  0.77765546  0.28206965
   0.24995798  0.24666927 -0.00115776
   0.24995798  0.74666927  0.49884224
   0.75002678  0.75328996  0.99878702
   0.75002678  0.25328996  0.49878696
   0.79191779  0.75126290  0.65306555
   0.79191779  0.25126292  0.15306556
   0.79867248  0.75216350  0.45005407
   0.79867248  0.25216350  0.95005404
   0.29331018  0.24862824  0.54948174
   0.29195020  0.24787565  0.65306848
   0.29195020  0.74787565  0.15306848
   0.29331018  0.74862823  0.04948173
   0.29863869  0.24794453  0.45006565
   0.29863869  0.74794453  0.95006565
   0.79325689  0.75115452  0.54948008
   0.79325689  0.25115452  0.04948008
   0.59996742  0.54824501  0.05486343
   0.31127675  0.30983187  0.40635637
   0.52257748  0.47349532  0.13719269
   0.30560664  0.18567743  0.30158152
   0.50395441  0.49485203  0.25082469
   0.01651119  0.96254099  0.03978140
   0.09905168  0.05133230  0.14822220
   0.59996742  0.04824501  0.55486340
   0.31127675  0.80983187  0.90635637
   0.52257748  0.97349535  0.63719267
   0.30560664  0.68567740  0.80158152
   0.50395441  0.99485206  0.75082472
   0.01651119  0.46254102  0.53978139
   0.09905168  0.55133235  0.64822223
   0.11430090  0.44045091  0.94974982
   0.81981774  0.67998705  0.59576997
   0.02881209  0.52188373  0.86126670
   0.78178534  0.80284745  0.69522604
   0.00383866  0.50530577  0.74864735
   0.51962243  0.03664700  0.96318659
   0.58580482  0.96237367  0.85214285
   0.11430090  0.94045094  0.44974979
   0.81981774  0.17998705  0.09576998
   0.02881209  0.02188375  0.36126670
   0.78178534  0.30284745  0.19522604
   0.00383866  0.00530580  0.24864737
   0.51962243  0.53664702  0.46318656
   0.58580482  0.46237373  0.35214288
   0.09999568  0.45149872  0.05481825
   0.81073424  0.69071204  0.40634023
   0.02255921  0.52563237  0.13721384
   0.80599373  0.81458205  0.30160145
   0.00391605  0.50516717  0.25082619
   0.51632295  0.03747220  0.03982730
   0.59913285  0.94778610  0.14822233
   0.09999568  0.95149869  0.55481829
   0.81073424  0.19071206  0.90634026
   0.02255921  0.02563234  0.63721381
   0.80599373  0.31458208  0.80160142
   0.00391605  0.00516718  0.75082619
   0.51632295  0.53747221  0.53982727
   0.59913285  0.44778610  0.64822236
   0.61435659  0.55972652  0.94976041
   0.31948050  0.31941155  0.59578596
   0.52884212  0.47918215  0.86123036
   0.28215793  0.19651485  0.69520562
   0.50393223  0.49470798  0.74865837
   0.01952484  0.96330712  0.96313697
   0.08611613  0.03885477  0.85208495
   0.61435659  0.05972648  0.44976047
   0.31948050  0.81941155  0.09578598
   0.52884212  0.97918212  0.36123033
   0.28215793  0.69651485  0.19520557
   0.50393223  0.99470798  0.24865834
   0.01952484  0.46330715  0.46313697
   0.08611613  0.53885479  0.35208501
   0.32436848  0.17059006  0.50153609
   0.32436848  0.67059012  1.00153612
   0.82423786  0.82928597  0.50152753
   0.82423786  0.32928603  0.00152753
   0.29182809  0.24703294  0.34441625
   0.29182809  0.74703294  0.84441628
   0.79200257  0.75386668  0.34445920
   0.79200257  0.25386668  0.84445920
