   0.24850121  0.24698959  0.10422388
   0.24675904  0.27070003  0.22049952
   0.24850121  0.74698959  0.60422390
   0.24675904  0.77070006  0.72049947
   0.76581167  0.76149664  0.88932939
   0.72178079  0.72212809  0.78124885
   0.76581167  0.26149664  0.38932942
   0.72178079  0.22212810  0.28124879
   0.74852160  0.75258204  0.10422357
   0.74671362  0.72952229  0.22050179
   0.74852160  0.25258207  0.60422359
   0.74671362  0.22952227  0.72050182
   0.26595366  0.23888987  0.88931463
   0.22171766  0.27782940  0.78125453
   0.26595366  0.73888990  0.38931466
   0.22171766  0.77782937  0.28125456
   0.25407388  0.24556538 -0.00101554
   0.25407388  0.74556538  0.49898446
   0.75408112  0.75441028  0.99898453
   0.75408112  0.25441028  0.49898447
   0.78963351  0.75130743  0.65272256
   0.78963351  0.25130744  0.15272258
   0.80408053  0.75364798  0.45047604
   0.80408053  0.25364798  0.95047601
   0.29453916  0.24842149  0.54963290
   0.28965399  0.24815040  0.65270726
   0.28965399  0.74815040  0.15270726
   0.29453916  0.74842148  0.04963289
   0.30407460  0.24656436  0.45048212
   0.30407460  0.74656436  0.95048212
   0.79453429  0.75132123  0.54963100
   0.79453429  0.25132123  0.04963100
   0.59920509  0.54640986  0.05530527
   0.31071209  0.30816405  0.40704404
   0.52068297  0.47369708  0.13705774
   0.30614864  0.18776240  0.30125191
   0.50394336  0.49459505  0.25022237
   0.01908323  0.96367036  0.04019809
   0.09678081  0.05127468  0.14814885
   0.59920509  0.04640987  0.55530525
   0.31071209  0.80816405  0.90704404
   0.52068297  0.97369711  0.63705773
   0.30614864  0.68776237  0.80125191
   0.50394336  0.99459508  0.75022240
   0.01908323  0.46367039  0.54019808
   0.09678081  0.55127473  0.64814888
   0.12370670  0.43627852  0.95013890
   0.81916333  0.67995233  0.59596339
   0.03067497  0.51283060  0.86077281
   0.77923050  0.80380774  0.69488844
   0.00370440  0.50558348  0.74812842
   0.52434183  0.03733955  0.96370498
   0.56162301  0.98137426  0.85399814
   0.12370670  0.93627855  0.45013887
   0.81916333  0.17995233  0.09596341
   0.03067497  0.01283062  0.36077281
   0.77923050  0.30380774  0.19488844
   0.00370440  0.00558351  0.24812843
   0.52434183  0.53733957  0.46370495
   0.56162301  0.48137432  0.35399817
   0.09921148  0.45329504  0.05530022
   0.81061618  0.69227766  0.40703835
   0.02070232  0.52573520  0.13705876
   0.80620668  0.81237146  0.30125810
   0.00395549  0.50545431  0.25022361
   0.51908546  0.03610717  0.04020179
   0.59681190  0.94813182  0.14814326
   0.09921148  0.95329501  0.55530026
   0.81061618  0.19227767  0.90703838
   0.02070232  0.02573518  0.63705873
   0.80620668  0.31237149  0.80125807
   0.00395549  0.00545431  0.75022361
   0.51908546  0.53610718  0.54020177
   0.59681190  0.44813182  0.64814329
   0.62371649  0.56395884  0.95013868
   0.31909593  0.31960099  0.59596684
   0.53072312  0.48786721  0.86076764
   0.27932144  0.19578143  0.69488407
   0.50374877  0.49442277  0.74813529
   0.02433259  0.96281345  0.96370087
   0.06174420  0.01935033  0.85398017
   0.62371649  0.06395880  0.45013874
   0.31909593  0.81960099  0.09596686
   0.53072312  0.98786718  0.36076761
   0.27932144  0.69578143  0.19488403
   0.50374877  0.99442277  0.24813526
   0.02433259  0.46281348  0.46370087
   0.06174420  0.51935035  0.35398022
   0.32729706  0.17018516  0.50188632
   0.32729706  0.67018522  1.00188635
   0.82728952  0.82977524  0.50188451
   0.82728952  0.32977530  0.00188451
   0.28832367  0.24237372  0.34418458
   0.28832367  0.74237372  0.84418461
   0.78838612  0.75823154  0.34420648
   0.78838612  0.25823154  0.84420648
