   0.25057637  0.24700537  0.10485852
   0.24479329  0.27012950  0.22173973
   0.25057637  0.74700537  0.60485853
   0.24479329  0.77012953  0.72173969
   0.75825115  0.74812505  0.89045089
   0.72427905  0.72162829  0.78244750
   0.75825115  0.24812505  0.39045092
   0.72427905  0.22162830  0.28244744
   0.75081491  0.75229622  0.10500980
   0.74400018  0.73027157  0.22168489
   0.75081491  0.25229625  0.60500982
   0.74400018  0.23027155  0.72168492
   0.25902461  0.25233359  0.89031035
   0.22301485  0.27838685  0.78258935
   0.25902461  0.75233362  0.39031038
   0.22301485  0.77838682  0.28258938
   0.24595592  0.24661338 -0.00112816
   0.24595592  0.74661338  0.49887184
   0.74626891  0.75356212  0.99807427
   0.74626891  0.25356212  0.49807421
   0.79488476  0.75093132  0.65339330
   0.79488476  0.25093134  0.15339331
   0.79435687  0.75129470  0.44928011
   0.79435687  0.25129470  0.94928008
   0.29254551  0.24858259  0.54952239
   0.29490865  0.24801793  0.65331790
   0.29490865  0.74801793  0.15331790
   0.29254551  0.74858257  0.04952238
   0.29364978  0.24836260  0.44929640
   0.29364978  0.74836260  0.94929640
   0.79191562  0.75178222  0.54951027
   0.79191562  0.25178222  0.04951027
   0.60165359  0.55089877  0.05496537
   0.31134804  0.31310222  0.40559298
   0.52519302  0.47315392  0.13750094
   0.30227880  0.18212412  0.30183121
   0.50331214  0.49501112  0.25123525
   0.01321364  0.96054658  0.03944149
   0.10301564  0.05228337  0.14896090
   0.60165359  0.05089877  0.55496535
   0.31134804  0.81310222  0.90559298
   0.52519302  0.97315395  0.63750093
   0.30227880  0.68212409  0.80183121
   0.50331214  0.99501114  0.75123528
   0.01321364  0.46054661  0.53944148
   0.10301564  0.55228342  0.64896093
   0.10628559  0.44356782  0.94868719
   0.82037248  0.68004567  0.59587860
   0.02972825  0.52575397  0.86180174
   0.78536205  0.80601164  0.69577486
   0.00295984  0.50488318  0.74881130
   0.51487721  0.03641030  0.96263296
   0.59933701  0.95193556  0.85088104
   0.10628559  0.94356785  0.44868716
   0.82037248  0.18004567  0.09587862
   0.02972825  0.02575399  0.36180174
   0.78536205  0.30601164  0.19577486
   0.00295984  0.00488321  0.24881132
   0.51487721  0.53641033  0.46263293
   0.59933701  0.45193562  0.35088107
   0.10268850  0.44811813  0.05453650
   0.81023458  0.68765355  0.40551463
   0.02524245  0.52538140  0.13754958
   0.80386818  0.81816432  0.30192237
   0.00306918  0.50505481  0.25120842
   0.51171102  0.04101879  0.03971779
   0.60355045  0.94611168  0.14914242
   0.10268850  0.94811810  0.55453654
   0.81023458  0.18765357  0.90551466
   0.02524245  0.02538137  0.63754955
   0.80386818  0.31816435  0.80192234
   0.00306918  0.00505482  0.75120842
   0.51171102  0.54101880  0.53971777
   0.60355045  0.44611168  0.64914245
   0.60695028  0.55694424  0.94893140
   0.32002584  0.31950231  0.59597669
   0.52973664  0.47581493  0.86172859
   0.28638430  0.19315700  0.69571701
   0.50312525  0.49511993  0.74884502
   0.01409687  0.96250384  0.96227928
   0.10017369  0.04996411  0.85063841
   0.60695028  0.05694420  0.44893146
   0.32002584  0.81950231  0.09597670
   0.52973664  0.97581490  0.36172856
   0.28638430  0.69315700  0.19571696
   0.50312525  0.99511993  0.24884499
   0.01409687  0.46250387  0.46227928
   0.10017369  0.54996413  0.35063847
   0.32151439  0.16899003  0.50122422
   0.32151439  0.66899009  1.00122425
   0.82142227  0.83049322  0.50116176
   0.82142227  0.33049328  0.00116176
   0.29391306  0.24959525  0.34471244
   0.29391306  0.74959525  0.84471247
   0.79411501  0.75136074  0.34484004
   0.79411501  0.25136074  0.84484004
