   0.24849230  0.24697759  0.10423140
   0.24676815  0.27064907  0.22053967
   0.24849230  0.74697759  0.60423141
   0.24676815  0.77064910  0.72053963
   0.76526738  0.76092330  0.88937981
   0.72176327  0.72213288  0.78129045
   0.76526738  0.26092330  0.38937984
   0.72176327  0.22213290  0.28129039
   0.74851369  0.75258281  0.10423122
   0.74672073  0.72957463  0.22054185
   0.74851369  0.25258284  0.60423124
   0.74672073  0.22957461  0.72054188
   0.26542080  0.23947184  0.88936363
   0.22169651  0.27782896  0.78129658
   0.26542080  0.73947186  0.38936366
   0.22169651  0.77782893  0.28129661
   0.25389028  0.24561764 -0.00101539
   0.25389028  0.74561764  0.49898461
   0.75389735  0.75435600  0.99898454
   0.75389735  0.25435600  0.49898448
   0.78969629  0.75127304  0.65270792
   0.78969629  0.25127305  0.15270793
   0.80384183  0.75358236  0.45047628
   0.80384183  0.25358236  0.95047625
   0.29447047  0.24842630  0.54962888
   0.28971818  0.24817546  0.65269183
   0.28971818  0.74817546  0.15269183
   0.29447047  0.74842628  0.04962886
   0.30383481  0.24662891  0.45048249
   0.30383481  0.74662891  0.95048249
   0.79446546  0.75131251  0.54962674
   0.79446546  0.25131251  0.04962674
   0.59923467  0.54649616  0.05527718
   0.31093001  0.30825047  0.40699967
   0.52073379  0.47369792  0.13706239
   0.30614986  0.18760632  0.30127212
   0.50395470  0.49459948  0.25025105
   0.01896510  0.96362304  0.04017259
   0.09679784  0.05123566  0.14814402
   0.59923467  0.04649616  0.55527716
   0.31093001  0.80825047  0.90699967
   0.52073379  0.97369795  0.63706238
   0.30614986  0.68760629  0.80127212
   0.50395470  0.99459951  0.75025108
   0.01896510  0.46362307  0.54017258
   0.09679784  0.55123571  0.64814405
   0.12326520  0.43649273  0.95012044
   0.81916523  0.67996088  0.59594558
   0.03045063  0.51346789  0.86080575
   0.77930132  0.80377061  0.69492935
   0.00372681  0.50557474  0.74815731
   0.52414138  0.03730396  0.96367872
   0.56310611  0.98019343  0.85389433
   0.12326520  0.93649276  0.45012041
   0.81916523  0.17996088  0.09594560
   0.03045063  0.01346791  0.36080575
   0.77930132  0.30377061  0.19492935
   0.00372681  0.00557477  0.24815733
   0.52414138  0.53730398  0.46367869
   0.56310611  0.48019349  0.35389436
   0.09924010  0.45320564  0.05527206
   0.81082732  0.69219586  0.40699380
   0.02075196  0.52572352  0.13706383
   0.80621247  0.81253278  0.30127847
   0.00396628  0.50545075  0.25025230
   0.51896543  0.03615306  0.04017676
   0.59682963  0.94816129  0.14813821
   0.09924010  0.95320561  0.55527210
   0.81082732  0.19219587  0.90699383
   0.02075196  0.02572349  0.63706380
   0.80621247  0.31253281  0.80127844
   0.00396628  0.00545076  0.75025230
   0.51896543  0.53615306  0.54017673
   0.59682963  0.44816129  0.64813824
   0.62327484  0.56374328  0.95012042
   0.31909456  0.31958373  0.59594907
   0.53049861  0.48724647  0.86079983
   0.27940027  0.19580817  0.69492578
   0.50377200  0.49443293  0.74816429
   0.02413087  0.96284634  0.96367420
   0.06323489  0.02055338  0.85387437
   0.62327484  0.06374324  0.45012048
   0.31909456  0.81958373  0.09594908
   0.53049861  0.98724644  0.36079980
   0.27940027  0.69580817  0.19492574
   0.50377200  0.99443293  0.24816426
   0.02413087  0.46284637  0.46367420
   0.06323489  0.52055340  0.35387443
   0.32717475  0.17020256  0.50186303
   0.32717475  0.67020262  1.00186306
   0.82716661  0.82975509  0.50186119
   0.82716661  0.32975515  0.00186119
   0.28850631  0.24265364  0.34420076
   0.28850631  0.74265364  0.84420079
   0.78857265  0.75796475  0.34422315
   0.78857265  0.25796475  0.84422315
