   0.25188287  0.24712786  0.10526561
   0.24331198  0.27087451  0.22165588
   0.25188287  0.74712786  0.60526562
   0.24331198  0.77087454  0.72165584
   0.75768493  0.74744942  0.89063906
   0.72751155  0.72029749  0.78245964
   0.75768493  0.24744942  0.39063909
   0.72751155  0.22029750  0.28245958
   0.75138572  0.75269842  0.10551720
   0.74199670  0.72992571  0.22155208
   0.75138572  0.25269845  0.60551722
   0.74199670  0.22992569  0.72155211
   0.25821061  0.25261435  0.89041584
   0.22547053  0.27922743  0.78264638
   0.25821061  0.75261438  0.39041587
   0.22547053  0.77922740  0.28264641
   0.24447917  0.24512160 -0.00093126
   0.24447917  0.74512160  0.49906874
   0.74476286  0.75558697  0.99751431
   0.74476286  0.25558697  0.49751425
   0.79552490  0.75137213  0.65416475
   0.79552490  0.25137214  0.15416476
   0.79344943  0.75163814  0.44865599
   0.79344943  0.25163814  0.94865596
   0.29173496  0.24785118  0.54951842
   0.29533467  0.24786982  0.65389505
   0.29533467  0.74786982  0.15389505
   0.29173496  0.74785116  0.04951841
   0.29194518  0.24770920  0.44866184
   0.29194518  0.74770920  0.94866184
   0.79105616  0.75287816  0.54948940
   0.79105616  0.25287816  0.04948940
   0.60240288  0.55290930  0.05531566
   0.31351682  0.31545819  0.40530887
   0.52603907  0.47301746  0.13755917
   0.29879553  0.18059618  0.30211203
   0.50303469  0.49475195  0.25111861
   0.01180841  0.95894122  0.03924951
   0.10445717  0.05331058  0.14955773
   0.60240288  0.05290931  0.55531563
   0.31351682  0.81545819  0.90530887
   0.52603907  0.97301749  0.63755916
   0.29879553  0.68059615  0.80211203
   0.50303469  0.99475198  0.75111864
   0.01180841  0.45894125  0.53924951
   0.10445717  0.55331063  0.64955776
   0.10365489  0.44429499  0.94749484
   0.82006708  0.68010910  0.59611967
   0.02964258  0.52661796  0.86241460
   0.78769654  0.80798217  0.69546092
   0.00273361  0.50406641  0.74856680
   0.51219064  0.03760677  0.96244224
   0.60308664  0.94856381  0.85051177
   0.10365489  0.94429502  0.44749481
   0.82006708  0.18010910  0.09611969
   0.02964258  0.02661798  0.36241460
   0.78769654  0.30798217  0.19546092
   0.00273361  0.00406644  0.24856681
   0.51219064  0.53760679  0.46244221
   0.60308664  0.44856387  0.35051180
   0.10583065  0.44486279  0.05443244
   0.81342643  0.68520251  0.40507262
   0.02615592  0.52496598  0.13764542
   0.80107038  0.81965688  0.30230095
   0.00263649  0.50554662  0.25107032
   0.50851127  0.04335138  0.03985505
   0.60558723  0.94480666  0.14998117
   0.10583065  0.94486276  0.55443248
   0.81342643  0.18520252  0.90507265
   0.02615592  0.02496595  0.63764539
   0.80107038  0.31965691  0.80230092
   0.00263649  0.00554663  0.75107032
   0.50851127  0.54335139  0.53985503
   0.60558723  0.44480666  0.64998120
   0.60554190  0.55713959  0.94817358
   0.32163373  0.31976503  0.59637328
   0.52961738  0.47537007  0.86235139
   0.28936997  0.19098693  0.69536319
   0.50286857  0.49589900  0.74862918
   0.01034506  0.96022421  0.96180907
   0.10432637  0.05352112  0.85008420
   0.60554190  0.05713955  0.44817364
   0.32163373  0.81976503  0.09637330
   0.52961738  0.97537004  0.36235136
   0.28936997  0.69098693  0.19536315
   0.50286857  0.99589900  0.24862915
   0.01034506  0.46022424  0.46180907
   0.10432637  0.55352114  0.35008426
   0.31987772  0.16630892  0.50117055
   0.31987772  0.66630898  1.00117057
   0.82038294  0.83324837  0.50102686
   0.82038294  0.33324843  0.00102686
   0.29399338  0.25017950  0.34503870
   0.29399338  0.75017950  0.84503873
   0.79395554  0.75049579  0.34526935
   0.79395554  0.25049579  0.84526935
