   0.24957709  0.24730396  0.10415403
   0.24558605  0.27131505  0.21964649
   0.24957709  0.74730396  0.60415404
   0.24558605  0.77131508  0.71964644
   0.77544255  0.76825485  0.88867358
   0.72239896  0.72233755  0.78032729
   0.77544255  0.26825485  0.38867361
   0.72239896  0.22233757  0.28032723
   0.74957379  0.75246422  0.10415231
   0.74557163  0.72882646  0.21964873
   0.74957379  0.25246425  0.60415233
   0.74557163  0.22882644  0.71964876
   0.27544062  0.23194067  0.88867421
   0.22237856  0.27751124  0.78032720
   0.27544062  0.73194070  0.38867424
   0.22237856  0.77751121  0.28032723
   0.25666027  0.24471700 -0.00082802
   0.25666027  0.74471700  0.49917198
   0.75667115  0.75530630  0.99917345
   0.75667115  0.25530630  0.49917339
   0.79014127  0.75096149  0.65245995
   0.79014127  0.25096150  0.15245996
   0.80656133  0.75464722  0.45078084
   0.80656133  0.25464722  0.95078081
   0.29578195  0.24843670  0.54992377
   0.29014780  0.24868184  0.65244785
   0.29014780  0.74868184  0.15244785
   0.29578195  0.74843668  0.04992376
   0.30656597  0.24556624  0.45078681
   0.30656597  0.74556624  0.95078681
   0.79577744  0.75142009  0.54992264
   0.79577744  0.25142009  0.04992263
   0.59811358  0.54428509  0.05594467
   0.30118103  0.30741848  0.40755605
   0.52098009  0.47339848  0.13704768
   0.30555291  0.19157055  0.30077227
   0.50367136  0.49451951  0.24962871
   0.02127464  0.96493823  0.04074507
   0.09877843  0.05273062  0.14844437
   0.59811358  0.04428510  0.55594465
   0.30118103  0.80741848  0.90755605
   0.52098009  0.97339851  0.63704766
   0.30555291  0.69157052  0.80077227
   0.50367136  0.99451954  0.74962874
   0.02127464  0.46493826  0.54074506
   0.09877843  0.55273067  0.64844440
   0.12951445  0.43255291  0.95052011
   0.81987867  0.67968245  0.59637929
   0.03605486  0.50132776  0.86015344
   0.77934411  0.80546512  0.69469519
   0.00291884  0.50557027  0.74749484
   0.52660081  0.03755343  0.96421799
   0.53968463  0.99838122  0.85522708
   0.12951445  0.93255294  0.45052008
   0.81987867  0.17968245  0.09637931
   0.03605486  0.00132778  0.36015344
   0.77934411  0.30546512  0.19469519
   0.00291884  0.00557030  0.24749485
   0.52660081  0.53755346  0.46421796
   0.53968463  0.49838128  0.35522711
   0.09812297  0.45552781  0.05593925
   0.80119748  0.69290934  0.40755260
   0.02099853  0.52622985  0.13704404
   0.80556912  0.80844839  0.30077688
   0.00368669  0.50546982  0.24963042
   0.52129113  0.03493175  0.04074606
   0.59880071  0.94687163  0.14844119
   0.09812297  0.95552778  0.55593930
   0.80119748  0.19290935  0.90755263
   0.02099853  0.02622982  0.63704401
   0.80556912  0.30844842  0.80077685
   0.00368669  0.00546983  0.74963042
   0.52129113  0.53493176  0.54074604
   0.59880071  0.44687163  0.64844122
   0.62952682  0.56769466  0.95051843
   0.31983237  0.32004605  0.59638022
   0.53609897  0.49909708  0.86015481
   0.27932514  0.19426676  0.69469259
   0.50294819  0.49437810  0.74750008
   0.02660807  0.96263560  0.96421927
   0.03973342  0.00202141  0.85522671
   0.62952682  0.06769462  0.45051849
   0.31983237  0.82004605  0.09638024
   0.53609897  0.99909705  0.36015478
   0.27932514  0.69426676  0.19469255
   0.50294819  0.99437810  0.24750005
   0.02660807  0.46263563  0.46421927
   0.03973342  0.50202144  0.35522677
   0.32880965  0.16986285  0.50230655
   0.32880965  0.66986291  1.00230658
   0.82880467  0.83016412  0.50230491
   0.82880467  0.33016418  0.00230491
   0.28540903  0.23875375  0.34372637
   0.28540903  0.73875375  0.84372640
   0.78541190  0.76160583  0.34374167
   0.78541190  0.26160583  0.84374167
