   0.24854246  0.24700296  0.10419791
   0.24671090  0.27084980  0.22036194
   0.24854246  0.74700296  0.60419793
   0.24671090  0.77084983  0.72036189
   0.76766478  0.76329524  0.88917166
   0.72185517  0.72212589  0.78110794
   0.76766478  0.26329524  0.38917169
   0.72185517  0.22212590  0.28110788
   0.74855683  0.75260162  0.10419726
   0.74667306  0.72936610  0.22036439
   0.74855683  0.25260165  0.60419729
   0.74667306  0.22936608  0.72036442
   0.26777098  0.23706603  0.88916140
   0.22180177  0.27781822  0.78111225
   0.26777098  0.73706606  0.38916143
   0.22180177  0.77781819  0.28111228
   0.25466121  0.24539006 -0.00100313
   0.25466121  0.74539006  0.49899687
   0.75466942  0.75459180  0.99899723
   0.75466942  0.25459180  0.49899717
   0.78949148  0.75129846  0.65268811
   0.78949148  0.25129848  0.15268813
   0.80480708  0.75387752  0.45051734
   0.80480708  0.25387752  0.95051731
   0.29476058  0.24841383  0.54966148
   0.28951011  0.24819185  0.65267142
   0.28951011  0.74819185  0.15267142
   0.29476058  0.74841381  0.04966147
   0.30480474  0.24633731  0.45052306
   0.30480474  0.74633731  0.95052306
   0.79475515  0.75134319  0.54965960
   0.79475515  0.25134319  0.04965959
   0.59910517  0.54614056  0.05539577
   0.30981552  0.30796478  0.40714012
   0.52055333  0.47367521  0.13705135
   0.30612667  0.18832735  0.30118833
   0.50390933  0.49457731  0.25013572
   0.01943160  0.96382648  0.04027620
   0.09679253  0.05141177  0.14817777
   0.59910517  0.04614057  0.55539575
   0.30981552  0.80796478  0.90714012
   0.52055333  0.97367524  0.63705134
   0.30612667  0.68832732  0.80118833
   0.50390933  0.99457734  0.75013575
   0.01943160  0.46382651  0.54027619
   0.09679253  0.55141183  0.64817780
   0.12505515  0.43556917  0.95019043
   0.81917900  0.67992647  0.59601706
   0.03150340  0.51070846  0.86066185
   0.77902481  0.80407012  0.69485055
   0.00362686  0.50560181  0.74803943
   0.52493611  0.03742308  0.96377997
   0.55686668  0.98516533  0.85432251
   0.12505515  0.93556920  0.45019040
   0.81917900  0.17992647  0.09601707
   0.03150340  0.01070848  0.36066185
   0.77902481  0.30407012  0.19485055
   0.00362686  0.00560184  0.24803945
   0.52493611  0.53742311  0.46377994
   0.55686668  0.48516539  0.35432254
   0.09911251  0.45357452  0.05539081
   0.80973736  0.69246208  0.40713508
   0.02057146  0.52578578  0.13705119
   0.80617356  0.81178975  0.30119417
   0.00392364  0.50546879  0.25013702
   0.51943887  0.03595849  0.04027876
   0.59682560  0.94802803  0.14817283
   0.09911251  0.95357449  0.55539085
   0.80973736  0.19246209  0.90713511
   0.02057146  0.02578576  0.63705116
   0.80617356  0.31178978  0.80119414
   0.00392364  0.00546880  0.75013702
   0.51943887  0.53595850  0.54027873
   0.59682560  0.44802803  0.64817286
   0.62506566  0.56467153  0.95018978
   0.31912006  0.31965397  0.59601974
   0.53154941  0.48994064  0.86065865
   0.27909116  0.19554505  0.69484740
   0.50366734  0.49439868  0.74804604
   0.02493067  0.96273737  0.96377694
   0.05696400  0.01549197  0.85431076
   0.62506566  0.06467149  0.45018984
   0.31912006  0.81965397  0.09601975
   0.53154941  0.98994061  0.36065862
   0.27909116  0.69554505  0.19484736
   0.50366734  0.99439868  0.24804601
   0.02493067  0.46273740  0.46377694
   0.05696400  0.51549200  0.35431082
   0.32766426  0.17012124  0.50194550
   0.32766426  0.67012130  1.00194553
   0.82765795  0.82984769  0.50194383
   0.82765795  0.32984775  0.00194383
   0.28774714  0.24149205  0.34413200
   0.28774714  0.74149205  0.84413203
   0.78779712  0.75907440  0.34415254
   0.78779712  0.25907440  0.84415254
