   0.24935368  0.24697953  0.10450977
   0.24596113  0.26977903  0.22144768
   0.24935368  0.74697953  0.60450978
   0.24596113  0.76977906  0.72144764
   0.75876484  0.75079208  0.89020261
   0.72236585  0.72239590  0.78219301
   0.75876484  0.25079208  0.39020264
   0.72236585  0.22239591  0.28219295
   0.74958086  0.75214906  0.10455464
   0.74572317  0.73047668  0.22143855
   0.74958086  0.25214909  0.60455466
   0.74572317  0.23047666  0.72143858
   0.25936411  0.24992976  0.89013477
   0.22198331  0.27772696  0.78224137
   0.25936411  0.74992979  0.39013480
   0.22198331  0.77772693  0.28224140
   0.24886227  0.24692396 -0.00117723
   0.24886227  0.74692396  0.49882277
   0.74898946  0.75304987  0.99869963
   0.74898946  0.25304987  0.49869957
   0.79271186  0.75111443  0.65307570
   0.79271186  0.25111445  0.15307571
   0.79734371  0.75181769  0.44993699
   0.79734371  0.25181769  0.94993696
   0.29307069  0.24870761  0.54947647
   0.29276049  0.24794189  0.65309925
   0.29276049  0.74794189  0.15309925
   0.29307069  0.74870759  0.04947646
   0.29726817  0.24821202  0.44995153
   0.29726817  0.74821202  0.94995153
   0.79293152  0.75116942  0.54947186
   0.79293152  0.25116942  0.04947185
   0.60028144  0.54880488  0.05480509
   0.31095646  0.31041225  0.40613886
   0.52321906  0.47346292  0.13727595
   0.30522301  0.18512946  0.30165369
   0.50383903  0.49491403  0.25096527
   0.01573341  0.96215007  0.03968822
   0.10009962  0.05138806  0.14835220
   0.60028144  0.04880488  0.55480507
   0.31095646  0.81041225  0.90613886
   0.52321906  0.97346295  0.63727594
   0.30522301  0.68512943  0.80165369
   0.50383903  0.99491406  0.75096530
   0.01573341  0.46215010  0.53968821
   0.10009962  0.55138811  0.64835223
   0.11196767  0.44143687  0.94958995
   0.82010560  0.67996628  0.59576192
   0.02892601  0.52324014  0.86135751
   0.78258265  0.80313152  0.69539314
   0.00370961  0.50521284  0.74873874
   0.51842306  0.03645924  0.96302984
   0.59017014  0.95905864  0.85176663
   0.11196767  0.94143690  0.44958992
   0.82010560  0.17996628  0.09576194
   0.02892601  0.02324016  0.36135751
   0.78258265  0.30313152  0.19539314
   0.00370961  0.00521287  0.24873875
   0.51842306  0.53645927  0.46302981
   0.59017014  0.45905870  0.35176666
   0.10035297  0.45093852  0.05471729
   0.81018647  0.69017378  0.40611777
   0.02331003  0.52567253  0.13730592
   0.80580561  0.81515771  0.30168107
   0.00376231  0.50507641  0.25096514
   0.51540329  0.03809534  0.03976440
   0.60006441  0.94743198  0.14836488
   0.10035297  0.95093849  0.55471733
   0.81018647  0.19017379  0.90611780
   0.02331003  0.02567250  0.63730589
   0.80580561  0.31515774  0.80168104
   0.00376231  0.00507642  0.75096514
   0.51540329  0.53809535  0.53976437
   0.60006441  0.44743198  0.64836491
   0.61207630  0.55872680  0.94961090
   0.31961779  0.31942344  0.59578906
   0.52895026  0.47794506  0.86130842
   0.28307277  0.19615101  0.69536895
   0.50383917  0.49480308  0.74875246
   0.01825461  0.96334027  0.96294167
   0.09056867  0.04233629  0.85168984
   0.61207630  0.05872676  0.44961096
   0.31961779  0.81942344  0.09578907
   0.52895026  0.97794503  0.36130839
   0.28307277  0.69615101  0.19536891
   0.50383917  0.99480308  0.24875243
   0.01825461  0.46334030  0.46294167
   0.09056867  0.54233632  0.35168990
   0.32362331  0.17056560  0.50143939
   0.32362331  0.67056566  1.00143942
   0.82341450  0.82925122  0.50142642
   0.82341450  0.32925128  0.00142642
   0.29260652  0.24789883  0.34446285
   0.29260652  0.74789883  0.84446288
   0.79281877  0.75307886  0.34451985
   0.79281877  0.25307886  0.84451985
