   0.24849098  0.24697830  0.10424710
   0.24677325  0.27055257  0.22061863
   0.24849098  0.74697830  0.60424712
   0.24677325  0.77055260  0.72061858
   0.76425855  0.75983139  0.88947513
   0.72174401  0.72214809  0.78137360
   0.76425855  0.25983139  0.38947516
   0.72174401  0.22214810  0.28137354
   0.74851522  0.75256046  0.10424728
   0.74672085  0.72967284  0.22062059
   0.74851522  0.25256049  0.60424730
   0.74672085  0.22967283  0.72062062
   0.26443445  0.24058269  0.88945619
   0.22166926  0.27782155  0.78138076
   0.26443445  0.74058272  0.38945622
   0.22166926  0.77782152  0.28138079
   0.25353275  0.24571733 -0.00102588
   0.25353275  0.74571733  0.49897412
   0.75353978  0.75425079  0.99897380
   0.75353978  0.25425079  0.49897374
   0.78981275  0.75127826  0.65272864
   0.78981275  0.25127828  0.15272865
   0.80339538  0.75345128  0.45045067
   0.80339538  0.25345128  0.95045064
   0.29435014  0.24843513  0.54961106
   0.28983716  0.24815085  0.65271178
   0.28983716  0.74815085  0.15271178
   0.29435014  0.74843512  0.04961105
   0.30338668  0.24675741  0.45045708
   0.30338668  0.74675741  0.95045708
   0.79434433  0.75129715  0.54960855
   0.79434433  0.25129715  0.04960855
   0.59929115  0.54665115  0.05522812
   0.31126198  0.30837196  0.40694404
   0.52083744  0.47370062  0.13706863
   0.30614435  0.18732520  0.30130497
   0.50397069  0.49461408  0.25030026
   0.01875078  0.96352415  0.04013043
   0.09685604  0.05118154  0.14813023
   0.59929115  0.04665115  0.55522809
   0.31126198  0.80837196  0.90694404
   0.52083744  0.97370065  0.63706862
   0.30614435  0.68732518  0.80130497
   0.50397069  0.99461411  0.75030029
   0.01875078  0.46352418  0.54013042
   0.09685604  0.55118159  0.64813026
   0.12243803  0.43690484  0.95009257
   0.81917518  0.67997183  0.59591887
   0.03005250  0.51461722  0.86086594
   0.77946589  0.80361470  0.69494851
   0.00376597  0.50556022  0.74820872
   0.52375370  0.03725405  0.96363477
   0.56585816  0.97800017  0.85369730
   0.12243803  0.93690487  0.45009254
   0.81917518  0.17997183  0.09591889
   0.03005250  0.01461724  0.36086594
   0.77946589  0.30361470  0.19494851
   0.00376597  0.00556025  0.24820873
   0.52375370  0.53725407  0.46363474
   0.56585816  0.47800023  0.35369733
   0.09929489  0.45304583  0.05522275
   0.81114443  0.69208272  0.40693773
   0.02085447  0.52570116  0.13707094
   0.80621718  0.81282395  0.30131163
   0.00398044  0.50543658  0.25030155
   0.51874712  0.03625060  0.04013562
   0.59688872  0.94819692  0.14812399
   0.09929489  0.95304580  0.55522279
   0.81114443  0.19208274  0.90693776
   0.02085447  0.02570113  0.63707091
   0.80621718  0.31282398  0.80131160
   0.00398044  0.00543658  0.75030155
   0.51874712  0.53625061  0.54013559
   0.59688872  0.44819692  0.64812402
   0.62244746  0.56332862  0.95009308
   0.31909675  0.31955564  0.59592271
   0.53010081  0.48612785  0.86085851
   0.27958152  0.19594373  0.69494610
   0.50381372  0.49445008  0.74821585
   0.02374092  0.96289048  0.96362936
   0.06600222  0.02279003  0.85367364
   0.62244746  0.06332858  0.45009314
   0.31909675  0.81955564  0.09592273
   0.53010081  0.98612782  0.36085848
   0.27958152  0.69594373  0.19494605
   0.50381372  0.99445008  0.24821582
   0.02374092  0.46289051  0.46362936
   0.06600222  0.52279005  0.35367370
   0.32692246  0.17024789  0.50183244
   0.32692246  0.67024795  1.00183247
   0.82691303  0.82970452  0.50183050
   0.82691303  0.32970458  0.00183050
   0.28887600  0.24322130  0.34423085
   0.28887600  0.74322130  0.84423088
   0.78895015  0.75742409  0.34425433
   0.78895015  0.25742409  0.84425433
