   0.24851638  0.24698873  0.10420321
   0.24672470  0.27081982  0.22039378
   0.24851638  0.74698873  0.60420323
   0.24672470  0.77081985  0.72039374
   0.76722179  0.76289078  0.88920897
   0.72182263  0.72211157  0.78113756
   0.76722179  0.26289078  0.38920900
   0.72182263  0.22211159  0.28113750
   0.74853305  0.75260879  0.10420262
   0.74668444  0.72939840  0.22039622
   0.74853305  0.25260882  0.60420265
   0.74668444  0.22939839  0.72039625
   0.26733614  0.23747601  0.88919771
   0.22176725  0.27783568  0.78114214
   0.26733614  0.73747604  0.38919774
   0.22176725  0.77783565  0.28114217
   0.25451966  0.24543488 -0.00100144
   0.25451966  0.74543488  0.49899856
   0.75452759  0.75454553  0.99899889
   0.75452759  0.25454553  0.49899883
   0.78952950  0.75125670  0.65265887
   0.78952950  0.25125672  0.15265888
   0.80464020  0.75383554  0.45052887
   0.80464020  0.25383554  0.95052884
   0.29471167  0.24840472  0.54966172
   0.28954769  0.24822449  0.65264411
   0.28954769  0.74822449  0.15264411
   0.29471167  0.74840471  0.04966171
   0.30463702  0.24637859  0.45053466
   0.30463702  0.74637859  0.95053466
   0.79470682  0.75134834  0.54966004
   0.79470682  0.25134834  0.04966003
   0.59913167  0.54620047  0.05537322
   0.31004790  0.30803433  0.40710368
   0.52058272  0.47368317  0.13705648
   0.30613685  0.18819334  0.30120726
   0.50392199  0.49457731  0.25015514
   0.01935217  0.96379030  0.04025549
   0.09678122  0.05136778  0.14817465
   0.59913167  0.04620047  0.55537320
   0.31004790  0.80803433  0.90710368
   0.52058272  0.97368320  0.63705646
   0.30613685  0.68819331  0.80120726
   0.50392199  0.99457734  0.75015517
   0.01935217  0.46379033  0.54025549
   0.09678122  0.55136783  0.64817468
   0.12475255  0.43573833  0.95017463
   0.81917717  0.67993054  0.59600117
   0.03130444  0.51120177  0.86068704
   0.77905946  0.80405191  0.69488890
   0.00365106  0.50559359  0.74806040
   0.52481625  0.03740429  0.96375896
   0.55794065  0.98431182  0.85425091
   0.12475255  0.93573836  0.45017460
   0.81917717  0.17993054  0.09600119
   0.03130444  0.01120179  0.36068704
   0.77905946  0.30405191  0.19488890
   0.00365106  0.00559362  0.24806042
   0.52481625  0.53740431  0.46375893
   0.55794065  0.48431188  0.35425094
   0.09913967  0.45351291  0.05536826
   0.80996609  0.69239605  0.40709852
   0.02060474  0.52577502  0.13705657
   0.80618586  0.81192756  0.30121317
   0.00393531  0.50546895  0.25015642
   0.51935772  0.03599204  0.04025828
   0.59680984  0.94806057  0.14816958
   0.09913967  0.95351288  0.55536830
   0.80996609  0.19239606  0.90709854
   0.02060474  0.02577499  0.63705654
   0.80618586  0.31192759  0.80121314
   0.00393531  0.00546896  0.75015642
   0.51935772  0.53599205  0.54025825
   0.59680984  0.44806057  0.64816961
   0.62476315  0.56450148  0.95017403
   0.31911646  0.31964347  0.59600424
   0.53135096  0.48945801  0.86068344
   0.27913163  0.19556001  0.69488344
   0.50369307  0.49440834  0.74806704
   0.02480974  0.96275482  0.96375571
   0.05804286  0.01636019  0.85423781
   0.62476315  0.06450144  0.45017409
   0.31911646  0.81964347  0.09600426
   0.53135096  0.98945798  0.36068341
   0.27913163  0.69556001  0.19488340
   0.50369307  0.99440834  0.24806701
   0.02480974  0.46275485  0.46375571
   0.05804286  0.51636022  0.35423787
   0.32759099  0.17013074  0.50192627
   0.32759099  0.67013080  1.00192630
   0.82758444  0.82983635  0.50192449
   0.82758444  0.32983641  0.00192449
   0.28789075  0.24169837  0.34414298
   0.28789075  0.74169837  0.84414301
   0.78794377  0.75887740  0.34416382
   0.78794377  0.25887740  0.84416382
