   0.24943936  0.24726135  0.10415241
   0.24567260  0.27131995  0.21967505
   0.24943936  0.74726135  0.60415242
   0.24567260  0.77131998  0.71967500
   0.77532577  0.76824083  0.88868960
   0.72238858  0.72231869  0.78036693
   0.77532577  0.26824083  0.38868963
   0.72238858  0.22231870  0.28036687
   0.74943708  0.75249651  0.10415081
   0.74565745  0.72882966  0.21967736
   0.74943708  0.25249654  0.60415084
   0.74565745  0.22882964  0.71967739
   0.27532555  0.23196590  0.88869022
   0.22236631  0.27754072  0.78036736
   0.27532555  0.73196593  0.38869025
   0.22236631  0.77754069  0.28036739
   0.25668853  0.24471648 -0.00084213
   0.25668853  0.74471648  0.49915787
   0.75669966  0.75530520  0.99915908
   0.75669966  0.25530520  0.49915902
   0.79001678  0.75098191  0.65245972
   0.79001678  0.25098192  0.15245973
   0.80661632  0.75465412  0.45077591
   0.80661632  0.25465412  0.95077588
   0.29577645  0.24842473  0.54990517
   0.29002342  0.24865352  0.65244716
   0.29002342  0.74865352  0.15244716
   0.29577645  0.74842471  0.04990516
   0.30662092  0.24556025  0.45078181
   0.30662092  0.74556025  0.95078181
   0.79577171  0.75142631  0.54990397
   0.79577171  0.25142631  0.04990396
   0.59823468  0.54442560  0.05591195
   0.30155258  0.30741003  0.40753652
   0.52085503  0.47342597  0.13705026
   0.30561716  0.19147570  0.30080330
   0.50370251  0.49453151  0.24965713
   0.02119638  0.96485680  0.04071763
   0.09850888  0.05261157  0.14842853
   0.59823468  0.04442561  0.55591193
   0.30155258  0.80741003  0.90753652
   0.52085503  0.97342600  0.63705025
   0.30561716  0.69147567  0.80080330
   0.50370251  0.99453154  0.74965716
   0.02119638  0.46485683  0.54071762
   0.09850888  0.55261163  0.64842856
   0.12952918  0.43261182  0.95049713
   0.81979597  0.67970047  0.59635580
   0.03606808  0.50140596  0.86017328
   0.77920567  0.80542356  0.69471321
   0.00297126  0.50558478  0.74752545
   0.52665219  0.03756821  0.96419174
   0.53984821  0.99832608  0.85522717
   0.12952918  0.93261185  0.45049710
   0.81979597  0.17970047  0.09635581
   0.03606808  0.00140598  0.36017328
   0.77920567  0.30542356  0.19471321
   0.00297126  0.00558481  0.24752547
   0.52665219  0.53756824  0.46419171
   0.53984821  0.49832614  0.35522720
   0.09824470  0.45537846  0.05590639
   0.80156455  0.69292497  0.40753302
   0.02087150  0.52618819  0.13704669
   0.80563761  0.80855075  0.30080798
   0.00371783  0.50546478  0.24965900
   0.52121197  0.03500596  0.04071867
   0.59853469  0.94698221  0.14842540
   0.09824470  0.95537843  0.55590643
   0.80156455  0.19292498  0.90753305
   0.02087150  0.02618816  0.63704666
   0.80563761  0.30855078  0.80080795
   0.00371783  0.00546479  0.74965900
   0.52121197  0.53500597  0.54071864
   0.59853469  0.44698221  0.64842543
   0.62954133  0.56763583  0.95049559
   0.31974930  0.32001727  0.59635666
   0.53611072  0.49903172  0.86017455
   0.27918853  0.19430064  0.69471105
   0.50300149  0.49436971  0.74753075
   0.02665862  0.96261954  0.96419269
   0.03989634  0.00208913  0.85522708
   0.62954133  0.06763579  0.45049565
   0.31974930  0.82001727  0.09635668
   0.53611072  0.99903169  0.36017452
   0.27918853  0.69430064  0.19471100
   0.50300149  0.99436971  0.24753072
   0.02665862  0.46261957  0.46419269
   0.03989634  0.50208915  0.35522714
   0.32883349  0.16986683  0.50228489
   0.32883349  0.66986689  1.00228492
   0.82882889  0.83015603  0.50228324
   0.82882889  0.33015609  0.00228324
   0.28542044  0.23877243  0.34374069
   0.28542044  0.73877243  0.84374072
   0.78542344  0.76159118  0.34375607
   0.78542344  0.26159118  0.84375607
