   0.24961510  0.24731761  0.10415411
   0.24556130  0.27131625  0.21963854
   0.24961510  0.74731761  0.60415413
   0.24556130  0.77131628  0.71963849
   0.77547399  0.76825919  0.88866958
   0.72240015  0.72234054  0.78031821
   0.77547399  0.26825919  0.38866960
   0.72240015  0.22234056  0.28031815
   0.74961173  0.75245360  0.10415236
   0.74554685  0.72882337  0.21964077
   0.74961173  0.25245363  0.60415239
   0.74554685  0.22882335  0.71964080
   0.27547155  0.23193341  0.88867024
   0.22238022  0.27750502  0.78031796
   0.27547155  0.73193344  0.38867027
   0.22238022  0.77750499  0.28031799
   0.25665092  0.24471683 -0.00082562
   0.25665092  0.74471683  0.49917438
   0.75666177  0.75530686  0.99917589
   0.75666177  0.25530686  0.49917583
   0.79017647  0.75095706  0.65246057
   0.79017647  0.25095708  0.15246058
   0.80654600  0.75464672  0.45078155
   0.80654600  0.25464672  0.95078152
   0.29578263  0.24844135  0.54992753
   0.29018274  0.24868787  0.65244906
   0.29018274  0.74868787  0.15244906
   0.29578263  0.74844133  0.04992752
   0.30655066  0.24556652  0.45078754
   0.30655066  0.74556652  0.95078754
   0.79577820  0.75141717  0.54992643
   0.79577820  0.25141717  0.04992642
   0.59807842  0.54424846  0.05595365
   0.30108747  0.30742240  0.40756071
   0.52101350  0.47339159  0.13704669
   0.30553546  0.19159725  0.30076596
   0.50366354  0.49451765  0.24962108
   0.02129226  0.96496011  0.04075263
   0.09884973  0.05276509  0.14844848
   0.59807842  0.04424846  0.55595362
   0.30108747  0.80742240  0.90756071
   0.52101350  0.97339162  0.63704668
   0.30553546  0.69159722  0.80076596
   0.50366354  0.99451767  0.74962111
   0.02129226  0.46496014  0.54075262
   0.09884973  0.55276514  0.64844851
   0.12950896  0.43253940  0.95052635
   0.81990248  0.67967710  0.59638533
   0.03605293  0.50131186  0.86014788
   0.77938326  0.80547642  0.69468963
   0.00290512  0.50556818  0.74748662
   0.52658695  0.03755045  0.96422508
   0.53964585  0.99839793  0.85522637
   0.12950896  0.93253943  0.45052632
   0.81990248  0.17967710  0.09638534
   0.03605293  0.00131188  0.36014788
   0.77938326  0.30547642  0.19468963
   0.00290512  0.00556821  0.24748664
   0.52658695  0.53755047  0.46422505
   0.53964585  0.49839799  0.35522640
   0.09808755  0.45556666  0.05594826
   0.80110520  0.69290355  0.40755728
   0.02103093  0.52623896  0.13704303
   0.80555061  0.80841972  0.30077055
   0.00367880  0.50546963  0.24962276
   0.52130874  0.03491167  0.04075362
   0.59887253  0.94684086  0.14844530
   0.09808755  0.95556663  0.55594830
   0.80110520  0.19290357  0.90755731
   0.02103093  0.02623893  0.63704300
   0.80555061  0.30841975  0.80077052
   0.00367880  0.00546963  0.74962276
   0.52130874  0.53491168  0.54075359
   0.59887253  0.44684086  0.64844533
   0.62952141  0.56770815  0.95052464
   0.31985627  0.32005430  0.59638621
   0.53609693  0.49911018  0.86014928
   0.27936400  0.19425723  0.69468670
   0.50293437  0.49437858  0.74749184
   0.02659446  0.96263893  0.96422645
   0.03969428  0.00200193  0.85522594
   0.62952141  0.06770811  0.45052470
   0.31985627  0.82005430  0.09638622
   0.53609693  0.99911015  0.36014925
   0.27936400  0.69425723  0.19468666
   0.50293437  0.99437858  0.24749181
   0.02659446  0.46263896  0.46422645
   0.03969428  0.50200196  0.35522600
   0.32880209  0.16986248  0.50231315
   0.32880209  0.66986254  1.00231318
   0.82879708  0.83016558  0.50231150
   0.82879708  0.33016564  0.00231150
   0.28540279  0.23874981  0.34372348
   0.28540279  0.73874981  0.84372351
   0.78540540  0.76160837  0.34373875
   0.78540540  0.26160837  0.84373875
