   0.24937119  0.24724192  0.10415389
   0.24571682  0.27131613  0.21969222
   0.24937119  0.74724192  0.60415390
   0.24571682  0.77131616  0.71969218
   0.77526484  0.76823981  0.88869080
   0.72238255  0.72230781  0.78037851
   0.77526484  0.26823981  0.38869083
   0.72238255  0.22230782  0.28037845
   0.74936929  0.75250940  0.10415237
   0.74570183  0.72883615  0.21969453
   0.74936929  0.25250943  0.60415239
   0.74570183  0.22883613  0.71969456
   0.27526542  0.23197169  0.88869140
   0.22235923  0.27755788  0.78037929
   0.27526542  0.73197172  0.38869143
   0.22235923  0.77755785  0.28037932
   0.25669880  0.24471981 -0.00084912
   0.25669880  0.74471981  0.49915088
   0.75670991  0.75530111  0.99915191
   0.75670991  0.25530111  0.49915185
   0.78993788  0.75100597  0.65247678
   0.78993788  0.25100598  0.15247679
   0.80665374  0.75465239  0.45076288
   0.80665374  0.25465239  0.95076285
   0.29575865  0.24841172  0.54989509
   0.28994426  0.24862277  0.65246520
   0.28994426  0.74862277  0.15246520
   0.29575865  0.74841171  0.04989508
   0.30665813  0.24556205  0.45076873
   0.30665813  0.74556205  0.95076873
   0.79575386  0.75143423  0.54989403
   0.79575386  0.25143423  0.04989403
   0.59827039  0.54446362  0.05590111
   0.30167182  0.30740624  0.40753109
   0.52081474  0.47343482  0.13704945
   0.30563085  0.19145549  0.30081217
   0.50371272  0.49452556  0.24966374
   0.02117546  0.96482686  0.04070829
   0.09843114  0.05257552  0.14842183
   0.59827039  0.04446363  0.55590108
   0.30167182  0.80740624  0.90753109
   0.52081474  0.97343485  0.63704943
   0.30563085  0.69145547  0.80081217
   0.50371272  0.99452559  0.74966377
   0.02117546  0.46482689  0.54070829
   0.09843114  0.55257558  0.64842186
   0.12953744  0.43262721  0.95048984
   0.81977124  0.67970627  0.59634626
   0.03606942  0.50142145  0.86017837
   0.77916940  0.80539297  0.69470561
   0.00298988  0.50557848  0.74753447
   0.52666574  0.03757420  0.96418316
   0.53989644  0.99830538  0.85522791
   0.12953744  0.93262724  0.45048981
   0.81977124  0.17970627  0.09634627
   0.03606942  0.00142147  0.36017837
   0.77916940  0.30539297  0.19470561
   0.00298988  0.00557851  0.24753449
   0.52666574  0.53757423  0.46418313
   0.53989644  0.49830544  0.35522794
   0.09828079  0.45533756  0.05589543
   0.80168219  0.69293045  0.40752759
   0.02083348  0.52617776  0.13704591
   0.80565237  0.80857205  0.30081693
   0.00372717  0.50547144  0.24966564
   0.52119083  0.03503385  0.04070934
   0.59845396  0.94701130  0.14841869
   0.09828079  0.95533753  0.55589547
   0.80168219  0.19293047  0.90752761
   0.02083348  0.02617773  0.63704588
   0.80565237  0.30857208  0.80081690
   0.00372717  0.00547145  0.74966564
   0.52119083  0.53503385  0.54070932
   0.59845396  0.44701130  0.64841872
   0.62954957  0.56762014  0.95048838
   0.31972396  0.32000787  0.59634756
   0.53611182  0.49901853  0.86017962
   0.27915166  0.19433239  0.69470162
   0.50302088  0.49437742  0.74753980
   0.02667192  0.96261278  0.96418399
   0.03994503  0.00211242  0.85522790
   0.62954957  0.06762009  0.45048844
   0.31972396  0.82000787  0.09634757
   0.53611182  0.99901850  0.36017959
   0.27915166  0.69433239  0.19470158
   0.50302088  0.99437742  0.24753977
   0.02667192  0.46261281  0.46418399
   0.03994503  0.50211244  0.35522796
   0.32884546  0.16986234  0.50227530
   0.32884546  0.66986240  1.00227533
   0.82884094  0.83015900  0.50227362
   0.82884094  0.33015906  0.00227362
   0.28548027  0.23878780  0.34376762
   0.28548027  0.73878780  0.84376765
   0.78548430  0.76158982  0.34378318
   0.78548430  0.26158982  0.84378318
