   0.24867656  0.24698683  0.10430484
   0.24665667  0.27024381  0.22088922
   0.24867656  0.74698683  0.60430486
   0.24665667  0.77024384  0.72088918
   0.76156407  0.75637475  0.88978166
   0.72186224  0.72225427  0.78166541
   0.76156407  0.25637475  0.38978169
   0.72186224  0.22225429  0.28166535
   0.74874402  0.75244620  0.10430998
   0.74657328  0.72998791  0.22089001
   0.74874402  0.25244623  0.60431000
   0.74657328  0.22998789  0.72089004
   0.26184356  0.24413849  0.88975121
   0.22174677  0.27774468  0.78167811
   0.26184356  0.74413852  0.38975124
   0.22174677  0.77774465  0.28167814
   0.25209924  0.24612226 -0.00106815
   0.25209924  0.74612226  0.49893185
   0.75211547  0.75383554  0.99892339
   0.75211547  0.25383554  0.49892333
   0.79052993  0.75130824  0.65284897
   0.79052993  0.25130825  0.15284899
   0.80150968  0.75293022  0.45031978
   0.80150968  0.25293022  0.95031975
   0.29390828  0.24850312  0.54954869
   0.29055448  0.24801771  0.65284968
   0.29055448  0.74801771  0.15284968
   0.29390828  0.74850310  0.04954868
   0.30149506  0.24725983  0.45032790
   0.30149506  0.74725983  0.95032790
   0.79390001  0.75121989  0.54954827
   0.79390001  0.25121989  0.04954826
   0.59954483  0.54729049  0.05506320
   0.31161330  0.30892183  0.40672508
   0.52144913  0.47365425  0.13710976
   0.30600919  0.18655111  0.30141773
   0.50402891  0.49470638  0.25050527
   0.01786325  0.96315014  0.03998252
   0.09750593  0.05113088  0.14813171
   0.59954483  0.04729050  0.55506318
   0.31161330  0.80892183  0.90672508
   0.52144913  0.97365428  0.63710975
   0.30600919  0.68655108  0.80141773
   0.50402891  0.99470641  0.75050530
   0.01786325  0.46315017  0.53998251
   0.09750593  0.55113093  0.64813174
   0.11916909  0.43840334  0.94996819
   0.81935259  0.67999054  0.59584656
   0.02917989  0.51807780  0.86104711
   0.78034689  0.80307244  0.69502150
   0.00387382  0.50545863  0.74839387
   0.52212983  0.03703170  0.96346194
   0.57480563  0.97093600  0.85302025
   0.11916909  0.93840337  0.44996816
   0.81935259  0.17999054  0.09584658
   0.02917989  0.01807782  0.36104711
   0.78034689  0.30307244  0.19502150
   0.00387382  0.00545866  0.24839388
   0.52212983  0.53703173  0.46346191
   0.57480563  0.47093606  0.35302028
   0.09954457  0.45241331  0.05505164
   0.81137685  0.69156955  0.40671635
   0.02145475  0.52565871  0.13711762
   0.80615858  0.81364283  0.30142745
   0.00402104  0.50533429  0.25050640
   0.51782018  0.03666691  0.03999711
   0.59754390  0.94816185  0.14812486
   0.09954457  0.95241328  0.55505169
   0.81137685  0.19156956  0.90671637
   0.02145475  0.02565869  0.63711759
   0.80615858  0.31364286  0.80142742
   0.00402104  0.00533429  0.75050640
   0.51782018  0.53666692  0.53999708
   0.59754390  0.44816185  0.64812489
   0.61918372  0.56181526  0.94997180
   0.31920426  0.31947474  0.59585525
   0.52922520  0.48278749  0.86103109
   0.28054757  0.19639335  0.69501863
   0.50393648  0.49455560  0.74840221
   0.02209866  0.96307270  0.96344742
   0.07500675  0.03002021  0.85298479
   0.61918372  0.06181522  0.44997186
   0.31920426  0.81947474  0.09585526
   0.52922520  0.98278746  0.36103106
   0.28054757  0.69639335  0.19501858
   0.50393648  0.99455560  0.24840218
   0.02209866  0.46307273  0.46344742
   0.07500675  0.53002023  0.35298485
   0.32589448  0.17041970  0.50171096
   0.32589448  0.67041976  1.00171099
   0.82586048  0.82951298  0.50170792
   0.82586048  0.32951304  0.00170792
   0.29017947  0.24502646  0.34431747
   0.29017947  0.74502646  0.84431750
   0.79029117  0.75572464  0.34434726
   0.79029117  0.25572464  0.84434726
