   0.24892430  0.24699153  0.10438459
   0.24644202  0.26995788  0.22114984
   0.24892430  0.74699153  0.60438461
   0.24644202  0.76995791  0.72114980
   0.75991141  0.75360292  0.89000503
   0.72205585  0.72237278  0.78191644
   0.75991141  0.25360292  0.39000506
   0.72205585  0.22237280  0.28191638
   0.74904508  0.75230921  0.10439975
   0.74632609  0.73025235  0.22114743
   0.74904508  0.25230924  0.60439977
   0.74632609  0.23025234  0.72114746
   0.26030680  0.24701950  0.88996152
   0.22187943  0.27766064  0.78193973
   0.26030680  0.74701953  0.38996155
   0.22187943  0.77766061  0.28193976
   0.25075016  0.24648198 -0.00111622
   0.25075016  0.74648198  0.49888378
   0.75079523  0.75346861  0.99885436
   0.75079523  0.25346861  0.49885430
   0.79139377  0.75130071  0.65300531
   0.79139377  0.25130072  0.15300532
   0.79961025  0.75241828  0.45015206
   0.79961025  0.25241828  0.95015203
   0.29350680  0.24856810  0.54951398
   0.29144322  0.24794094  0.65297379
   0.29144322  0.74794094  0.15297379
   0.29350680  0.74856808  0.04951397
   0.29958899  0.24772918  0.45016188
   0.29958899  0.74772918  0.95016188
   0.79346894  0.75118471  0.54951032
   0.79346894  0.25118471  0.04951031
   0.59982518  0.54790385  0.05491858
   0.31144904  0.30950923  0.40650324
   0.52218970  0.47354737  0.13716089
   0.30574631  0.18593682  0.30151948
   0.50400390  0.49482477  0.25071426
   0.01697444  0.96274870  0.03984842
   0.09843382  0.05123703  0.14817514
   0.59982518  0.04790386  0.55491855
   0.31144904  0.80950923  0.90650324
   0.52218970  0.97354740  0.63716087
   0.30574631  0.68593679  0.80151948
   0.50400390  0.99482480  0.75071429
   0.01697444  0.46274873  0.53984842
   0.09843382  0.55123709  0.64817517
   0.11589621  0.43982906  0.94983817
   0.81964976  0.68001134  0.59578481
   0.02881720  0.52074967  0.86120440
   0.78133336  0.80280389  0.69512636
   0.00389196  0.50536073  0.74856162
   0.52045831  0.03680514  0.96328780
   0.58241760  0.96497097  0.85241179
   0.11589621  0.93982909  0.44983814
   0.81964976  0.18001134  0.09578482
   0.02881720  0.02074969  0.36120440
   0.78133336  0.30280389  0.19512636
   0.00389196  0.00536076  0.24856164
   0.52045831  0.53680516  0.46328777
   0.58241760  0.46497103  0.35241182
   0.09982525  0.45182124  0.05488939
   0.81103212  0.69101423  0.40649022
   0.02214870  0.52562412  0.13717643
   0.80602620  0.81430866  0.30153442
   0.00399794  0.50522375  0.25071587
   0.51685645  0.03717611  0.03988127
   0.59853894  0.94799585  0.14817104
   0.09982525  0.95182121  0.55488943
   0.81103212  0.19101424  0.90649024
   0.02214870  0.02562410  0.63717640
   0.80602620  0.31430869  0.80153439
   0.00399794  0.00522375  0.75071587
   0.51685645  0.53717612  0.53988125
   0.59853894  0.44799585  0.64817107
   0.61592592  0.56036151  0.94984594
   0.31939000  0.31940323  0.59579633
   0.52885623  0.48023766  0.86117601
   0.28162602  0.19657246  0.69513808
   0.50395804  0.49465384  0.74857157
   0.02039129  0.96321195  0.96325404
   0.08268308  0.03615446  0.85236385
   0.61592592  0.06036146  0.44984600
   0.31939000  0.81940323  0.09579635
   0.52885623  0.98023763  0.36117598
   0.28162602  0.69657246  0.19513804
   0.50395804  0.99465384  0.24857154
   0.02039129  0.46321198  0.46325404
   0.08268308  0.53615448  0.35236391
   0.32484086  0.17056138  0.50159507
   0.32484086  0.67056144  1.00159510
   0.82475216  0.82933870  0.50158973
   0.82475216  0.32933876  0.00158973
   0.29123381  0.24632926  0.34437970
   0.29123381  0.74632926  0.84437973
   0.79138153  0.75451351  0.34441619
   0.79138153  0.25451351  0.84441619
