   0.24972050  0.24735757  0.10415256
   0.24547466  0.27133335  0.21961145
   0.24972050  0.74735757  0.60415257
   0.24547466  0.77133338  0.71961141
   0.77556501  0.76828120  0.88865825
   0.72238425  0.72234056  0.78028756
   0.77556501  0.26828120  0.38865828
   0.72238425  0.22234058  0.28028750
   0.74971595  0.75242275  0.10415073
   0.74546108  0.72879863  0.21961359
   0.74971595  0.25242278  0.60415075
   0.74546108  0.22879862  0.71961362
   0.27556085  0.23190209  0.88865899
   0.22236599  0.27749479  0.78028687
   0.27556085  0.73190212  0.38865902
   0.22236599  0.77749476  0.28028690
   0.25660316  0.24471982 -0.00081305
   0.25660316  0.74471982  0.49918695
   0.75661390  0.75530514  0.99918859
   0.75661390  0.25530514  0.49918853
   0.79031088  0.75091762  0.65243852
   0.79031088  0.25091763  0.15243854
   0.80648784  0.75464724  0.45079798
   0.80648784  0.25464724  0.95079795
   0.29578533  0.24845737  0.54994408
   0.29031734  0.24873591  0.65242667
   0.29031734  0.74873591  0.15242667
   0.29578533  0.74845735  0.04994407
   0.30649251  0.24556501  0.45080403
   0.30649251  0.74556501  0.95080403
   0.79578095  0.75140772  0.54994290
   0.79578095  0.25140772  0.04994290
   0.59797137  0.54413745  0.05597866
   0.30082492  0.30744294  0.40757259
   0.52112308  0.47336608  0.13704464
   0.30550627  0.19165255  0.30074547
   0.50363894  0.49451133  0.24959926
   0.02134241  0.96502432  0.04077231
   0.09907397  0.05286215  0.14846211
   0.59797137  0.04413746  0.55597864
   0.30082492  0.80744294  0.90757259
   0.52112308  0.97336611  0.63704463
   0.30550627  0.69165252  0.80074547
   0.50363894  0.99451136  0.74959929
   0.02134241  0.46502435  0.54077230
   0.09907397  0.55286220  0.64846214
   0.12947600  0.43251581  0.95054336
   0.81998008  0.67964900  0.59640433
   0.03604589  0.50126740  0.86013465
   0.77950008  0.80553251  0.69468622
   0.00286020  0.50556502  0.74746219
   0.52655064  0.03753833  0.96424347
   0.53953078  0.99844633  0.85522701
   0.12947600  0.93251584  0.45054333
   0.81998008  0.17964900  0.09640434
   0.03604589  0.00126742  0.36013465
   0.77950008  0.30553251  0.19468622
   0.00286020  0.00556505  0.24746220
   0.52655064  0.53753836  0.46424344
   0.53953078  0.49844639  0.35522704
   0.09797977  0.45568411  0.05597336
   0.80084661  0.69287771  0.40756919
   0.02114023  0.52627348  0.13704094
   0.80551806  0.80835889  0.30074997
   0.00365494  0.50547063  0.24960088
   0.52135943  0.03485334  0.04077328
   0.59909642  0.94675277  0.14845887
   0.09797977  0.95568408  0.55597340
   0.80084661  0.19287772  0.90756922
   0.02114023  0.02627346  0.63704091
   0.80551806  0.30835892  0.80074994
   0.00365494  0.00547063  0.74960088
   0.52135943  0.53485334  0.54077326
   0.59909642  0.44675277  0.64845890
   0.62948864  0.56773177  0.95054155
   0.31993450  0.32009107  0.59640505
   0.53609003  0.49914674  0.86013618
   0.27947964  0.19420519  0.69468419
   0.50288811  0.49437599  0.74746739
   0.02655874  0.96265205  0.96424506
   0.03957866  0.00194542  0.85522641
   0.62948864  0.06773173  0.45054161
   0.31993450  0.82009107  0.09640507
   0.53609003  0.99914671  0.36013615
   0.27947964  0.69420519  0.19468415
   0.50288811  0.99437599  0.24746736
   0.02655874  0.46265208  0.46424506
   0.03957866  0.50194544  0.35522647
   0.32878705  0.16985784  0.50233178
   0.32878705  0.66985790  1.00233181
   0.82878197  0.83017341  0.50233016
   0.82878197  0.33017347  0.00233016
   0.28537508  0.23873544  0.34371225
   0.28537508  0.73873544  0.84371228
   0.78537697  0.76161599  0.34372741
   0.78537697  0.26161599  0.84372741
