   0.24933833  0.24722948  0.10415423
   0.24573901  0.27131170  0.21970015
   0.24933833  0.74722948  0.60415424
   0.24573901  0.77131173  0.71970011
   0.77523405  0.76824124  0.88869371
   0.72238256  0.72230447  0.78038657
   0.77523405  0.26824124  0.38869374
   0.72238256  0.22230448  0.28038651
   0.74933616  0.75251851  0.10415275
   0.74572464  0.72884208  0.21970241
   0.74933616  0.25251854  0.60415277
   0.74572464  0.22884206  0.71970244
   0.27523517  0.23197273  0.88869428
   0.22235841  0.27756498  0.78038755
   0.27523517  0.73197276  0.38869431
   0.22235841  0.77756495  0.28038758
   0.25670599  0.24471891 -0.00085193
   0.25670599  0.74471891  0.49914807
   0.75671704  0.75530196  0.99914899
   0.75671704  0.25530196  0.49914893
   0.78990614  0.75100525  0.65247520
   0.78990614  0.25100527  0.15247521
   0.80666897  0.75464404  0.45075549
   0.80666897  0.25464404  0.95075546
   0.29575310  0.24840760  0.54989179
   0.28991310  0.24862222  0.65246222
   0.28991310  0.74862222  0.15246222
   0.29575310  0.74840758  0.04989178
   0.30667323  0.24557057  0.45076130
   0.30667323  0.74557057  0.95076130
   0.79574823  0.75143670  0.54989060
   0.79574823  0.25143670  0.04989059
   0.59829226  0.54448867  0.05589458
   0.30175191  0.30739824  0.40753113
   0.52079376  0.47344038  0.13705030
   0.30564101  0.19143588  0.30081526
   0.50371667  0.49452479  0.24966871
   0.02115861  0.96481000  0.04070293
   0.09838239  0.05255589  0.14841870
   0.59829226  0.04448868  0.55589456
   0.30175191  0.80739824  0.90753113
   0.52079376  0.97344041  0.63705028
   0.30564101  0.69143585  0.80081526
   0.50371667  0.99452482  0.74966874
   0.02115861  0.46481003  0.54070292
   0.09838239  0.55255594  0.64841873
   0.12954203  0.43263809  0.95048576
   0.81975581  0.67971144  0.59633965
   0.03606838  0.50143367  0.86018142
   0.77914475  0.80538906  0.69471184
   0.00299944  0.50557766  0.74754010
   0.52667316  0.03757976  0.96417834
   0.53992596  0.99829304  0.85522741
   0.12954203  0.93263812  0.45048573
   0.81975581  0.17971144  0.09633966
   0.03606838  0.00143369  0.36018142
   0.77914475  0.30538906  0.19471184
   0.00299944  0.00557769  0.24754012
   0.52667316  0.53757979  0.46417831
   0.53992596  0.49829310  0.35522744
   0.09830270  0.45531074  0.05588887
   0.80176138  0.69293968  0.40752759
   0.02081071  0.52616835  0.13704677
   0.80566318  0.80859266  0.30082004
   0.00373141  0.50547382  0.24967064
   0.52117383  0.03504946  0.04070399
   0.59840737  0.94703087  0.14841561
   0.09830270  0.95531071  0.55588891
   0.80176138  0.19293969  0.90752762
   0.02081071  0.02616833  0.63704674
   0.80566318  0.30859269  0.80082001
   0.00373141  0.00547382  0.74967064
   0.52117383  0.53504946  0.54070397
   0.59840737  0.44703087  0.64841563
   0.62955406  0.56760934  0.95048433
   0.31970849  0.32000091  0.59634079
   0.53611070  0.49900796  0.86018266
   0.27912682  0.19433286  0.69470931
   0.50303030  0.49437904  0.74754545
   0.02667926  0.96260686  0.96417910
   0.03997461  0.00212654  0.85522746
   0.62955406  0.06760930  0.45048439
   0.31970849  0.82000091  0.09634081
   0.53611070  0.99900793  0.36018263
   0.27912682  0.69433286  0.19470927
   0.50303030  0.99437904  0.24754542
   0.02667926  0.46260689  0.46417910
   0.03997461  0.50212656  0.35522752
   0.32884741  0.16986307  0.50226933
   0.32884741  0.66986313  1.00226936
   0.82884294  0.83015748  0.50226765
   0.82884294  0.33015754  0.00226765
   0.28549509  0.23879051  0.34377664
   0.28549509  0.73879051  0.84377667
   0.78549912  0.76159066  0.34379226
   0.78549912  0.26159066  0.84379226
