   0.24876984  0.24698180  0.10434130
   0.24659322  0.27010334  0.22100422
   0.24876984  0.74698180  0.60434132
   0.24659322  0.77010337  0.72100418
   0.76068943  0.75506227  0.88988068
   0.72193248  0.72230336  0.78177423
   0.76068943  0.25506227  0.38988071
   0.72193248  0.22230337  0.28177417
   0.74884562  0.75239959  0.10434924
   0.74650167  0.73011773  0.22100333
   0.74884562  0.25239962  0.60434926
   0.74650167  0.23011772  0.72100336
   0.26101033  0.24549158  0.88984546
   0.22179448  0.27770762  0.78179041
   0.26101033  0.74549161  0.38984549
   0.22179448  0.77770759  0.28179044
   0.25153126  0.24626814 -0.00109186
   0.25153126  0.74626814  0.49890814
   0.75155445  0.75368325  0.99889439
   0.75155445  0.25368325  0.49889433
   0.79086177  0.75131132  0.65292623
   0.79086177  0.25131134  0.15292624
   0.80071591  0.75269626  0.45024222
   0.80071591  0.25269626  0.95024219
   0.29373389  0.24853227  0.54953767
   0.29090248  0.24799254  0.65290428
   0.29090248  0.74799254  0.15290428
   0.29373389  0.74853225  0.04953766
   0.30069942  0.24747938  0.45025063
   0.30069942  0.74747938  0.95025063
   0.79371271  0.75120037  0.54953308
   0.79371271  0.25120037  0.04953308
   0.59964327  0.54751691  0.05499804
   0.31163020  0.30916517  0.40663866
   0.52171743  0.47362829  0.13712260
   0.30593920  0.18628179  0.30146062
   0.50403308  0.49474742  0.25058824
   0.01752867  0.96300390  0.03992570
   0.09783579  0.05112990  0.14813433
   0.59964327  0.04751691  0.55499802
   0.31163020  0.80916517  0.90663866
   0.52171743  0.97362832  0.63712258
   0.30593920  0.68628176  0.80146062
   0.50403308  0.99474744  0.75058827
   0.01752867  0.46300393  0.53992569
   0.09783579  0.55112995  0.64813436
   0.11785188  0.43896832  0.94992357
   0.81945142  0.68000865  0.59581077
   0.02894784  0.51930330  0.86111955
   0.78072083  0.80294528  0.69506297
   0.00390297  0.50541690  0.74846428
   0.52145616  0.03692962  0.96339717
   0.57817273  0.96828209  0.85276108
   0.11785188  0.93896835  0.44992354
   0.81945142  0.18000865  0.09581078
   0.02894784  0.01930333  0.36111955
   0.78072083  0.30294528  0.19506297
   0.00390297  0.00541693  0.24846429
   0.52145616  0.53692965  0.46339714
   0.57817273  0.46828215  0.35276111
   0.09964036  0.45219034  0.05498190
   0.81133729  0.69133657  0.40662848
   0.02172712  0.52565140  0.13713321
   0.80612761  0.81393036  0.30147216
   0.00403074  0.50529882  0.25058957
   0.51746424  0.03683996  0.03994556
   0.59787436  0.94811434  0.14812741
   0.09964036  0.95219031  0.55498194
   0.81133729  0.19133658  0.90662851
   0.02172712  0.02565137  0.63713318
   0.80612761  0.31393038  0.80147213
   0.00403074  0.00529883  0.75058957
   0.51746424  0.53683997  0.53994553
   0.59787436  0.44811434  0.64812744
   0.61786953  0.56124005  0.94992856
   0.31927105  0.31943580  0.59581835
   0.52899161  0.48160934  0.86109942
   0.28095051  0.19650574  0.69506076
   0.50396462  0.49459517  0.74847312
   0.02141583  0.96314826  0.96337737
   0.07839743  0.03273921  0.85272090
   0.61786953  0.06124000  0.44992862
   0.31927105  0.81943580  0.09581836
   0.52899161  0.98160931  0.36109939
   0.28095051  0.69650574  0.19506071
   0.50396462  0.99459517  0.24847309
   0.02141583  0.46314829  0.46337737
   0.07839743  0.53273923  0.35272096
   0.32548593  0.17048617  0.50166603
   0.32548593  0.67048623  1.00166606
   0.82543808  0.82943470  0.50166226
   0.82543808  0.32943476  0.00166226
   0.29060470  0.24556498  0.34434497
   0.29060470  0.74556498  0.84434500
   0.79072826  0.75522026  0.34437681
   0.79072826  0.25522026  0.84437681
