   0.24883193  0.24704850  0.10414774
   0.24629499  0.27123391  0.21997030
   0.24883193  0.74704850  0.60414776
   0.24629499  0.77123394  0.71997025
   0.77313902  0.76745507  0.88879815
   0.72221067  0.72217452  0.78068153
   0.77313902  0.26745507  0.38879818
   0.72221067  0.22217453  0.28068147
   0.74883347  0.75263492  0.10414808
   0.74627550  0.72896103  0.21997502
   0.74883347  0.25263495  0.60414811
   0.74627550  0.22896101  0.71997505
   0.27315587  0.23283372  0.88880406
   0.22217202  0.27772941  0.78068522
   0.27315587  0.73283375  0.38880409
   0.22217202  0.77772938  0.28068525
   0.25621176  0.24488439 -0.00095460
   0.25621176  0.74488439  0.49904540
   0.75622661  0.75512308  0.99903888
   0.75622661  0.25512308  0.49903882
   0.78943090  0.75113444  0.65256120
   0.78943090  0.25113446  0.15256122
   0.80643726  0.75447545  0.45064031
   0.80643726  0.25447545  0.95064028
   0.29536256  0.24838454  0.54976883
   0.28943965  0.24843580  0.65254380
   0.28943965  0.74843580  0.15254380
   0.29536256  0.74838453  0.04976882
   0.30643821  0.24573941  0.45064550
   0.30643821  0.74573941  0.95064550
   0.79535092  0.75142173  0.54976761
   0.79535092  0.25142173  0.04976760
   0.59874466  0.54529399  0.05567486
   0.30555280  0.30755888  0.40737492
   0.52042734  0.47354637  0.13705693
   0.30592955  0.19032376  0.30099740
   0.50381284  0.49454761  0.24986446
   0.02038441  0.96429581  0.04051196
   0.09734561  0.05199814  0.14831866
   0.59874466  0.04529400  0.55567484
   0.30555280  0.80755888  0.90737492
   0.52042734  0.97354640  0.63705692
   0.30592955  0.69032373  0.80099740
   0.50381284  0.99454764  0.74986449
   0.02038441  0.46429584  0.54051196
   0.09734561  0.55199819  0.64831869
   0.12845522  0.43357430  0.95033739
   0.81935263  0.67982887  0.59619109
   0.03453072  0.50427699  0.86033701
   0.77877569  0.80494393  0.69480299
   0.00334273  0.50563617  0.74775633
   0.52632083  0.03762852  0.96399322
   0.54425468  0.99516007  0.85508495
   0.12845522  0.93357433  0.45033736
   0.81935263  0.17982887  0.09619111
   0.03453072  0.00427701  0.36033701
   0.77877569  0.30494393  0.19480299
   0.00334273  0.00563620  0.24775634
   0.52632083  0.53762854  0.46399319
   0.54425468  0.49516013  0.35508498
   0.09875912  0.45446029  0.05566928
   0.80552321  0.69282659  0.40737106
   0.02044378  0.52599294  0.13705422
   0.80596424  0.80974185  0.30100261
   0.00383342  0.50547264  0.24986629
   0.52039503  0.03552854  0.04051302
   0.59737539  0.94752896  0.14831543
   0.09875912  0.95446026  0.55566933
   0.80552321  0.19282661  0.90737109
   0.02044378  0.02599292  0.63705419
   0.80596424  0.30974188  0.80100258
   0.00383342  0.00547265  0.74986629
   0.52039503  0.53552855  0.54051300
   0.59737539  0.44752896  0.64831545
   0.62846610  0.56667020  0.95033679
   0.31930494  0.31982540  0.59619296
   0.53456181  0.49623444  0.86033750
   0.27878354  0.19473527  0.69480036
   0.50337024  0.49434405  0.74776218
   0.02632747  0.96255091  0.96399209
   0.04431181  0.00534579  0.85508694
   0.62846610  0.06667015  0.45033685
   0.31930494  0.81982540  0.09619297
   0.53456181  0.99623441  0.36033747
   0.27878354  0.69473527  0.19480032
   0.50337024  0.99434405  0.24776215
   0.02632747  0.46255094  0.46399209
   0.04431181  0.50534582  0.35508700
   0.32850648  0.16994349  0.50211963
   0.32850648  0.66994355  1.00211966
   0.82850554  0.83005086  0.50211793
   0.82850554  0.33005092  0.00211793
   0.28625518  0.23925312  0.34396011
   0.28625518  0.73925312  0.84396014
   0.78627134  0.76121116  0.34397770
   0.78627134  0.26121116  0.84397770
