   0.24904528  0.24698689  0.10442316
   0.24628407  0.26988250  0.22126238
   0.24904528  0.74698689  0.60442318
   0.24628407  0.76988253  0.72126233
   0.75938524  0.75250718  0.89007662
   0.72212536  0.72238663  0.78201703
   0.75938524  0.25250718  0.39007665
   0.72212536  0.22238664  0.28201697
   0.74918550  0.75224198  0.10444652
   0.74613338  0.73033437  0.22125789
   0.74918550  0.25224201  0.60444654
   0.74613338  0.23033435  0.72125792
   0.25985287  0.24816061  0.89002557
   0.22188403  0.27768821  0.78204800
   0.25985287  0.74816063  0.39002560
   0.22188403  0.77768818  0.28204803
   0.25007835  0.24664336 -0.00115175
   0.25007835  0.74664336  0.49884825
   0.75014520  0.75331270  0.99879638
   0.75014520  0.25331270  0.49879632
   0.79180147  0.75126772  0.65306095
   0.79180147  0.25126774  0.15306096
   0.79885041  0.75222001  0.45006987
   0.79885041  0.25222001  0.95006984
   0.29334139  0.24861921  0.54949297
   0.29185048  0.24791267  0.65303844
   0.29185048  0.74791267  0.15303844
   0.29334139  0.74861919  0.04949296
   0.29881729  0.24789499  0.45008058
   0.29881729  0.74789499  0.95008058
   0.79328238  0.75116507  0.54948721
   0.79328238  0.25116507  0.04948720
   0.59994889  0.54816492  0.05487432
   0.31130603  0.30976897  0.40638918
   0.52250498  0.47351306  0.13719317
   0.30565608  0.18570070  0.30156103
   0.50396559  0.49484702  0.25079929
   0.01660522  0.96257449  0.03979351
   0.09894592  0.05127470  0.14822079
   0.59994889  0.04816493  0.55487430
   0.31130603  0.80976897  0.90638918
   0.52250498  0.97351309  0.63719316
   0.30565608  0.68570067  0.80156103
   0.50396559  0.99484705  0.75079932
   0.01660522  0.46257452  0.53979350
   0.09894592  0.55127475  0.64822082
   0.11459957  0.44034918  0.94976415
   0.81978621  0.67998606  0.59577268
   0.02882254  0.52167616  0.86125719
   0.78169142  0.80282294  0.69518649
   0.00385814  0.50531332  0.74862901
   0.51979212  0.03667639  0.96320366
   0.58519713  0.96284966  0.85219357
   0.11459957  0.94034921  0.44976412
   0.81978621  0.17998606  0.09577270
   0.02882254  0.02167618  0.36125719
   0.78169142  0.30282294  0.19518649
   0.00385814  0.00531335  0.24862902
   0.51979212  0.53667642  0.46320363
   0.58519713  0.46284972  0.35219360
   0.09996748  0.45156858  0.05483157
   0.81078464  0.69077112  0.40637336
   0.02250725  0.52564481  0.13721372
   0.80602571  0.81455521  0.30158014
   0.00393436  0.50517983  0.25080072
   0.51643199  0.03742673  0.03983714
   0.59900185  0.94782945  0.14821984
   0.09996748  0.95156855  0.55483161
   0.81078464  0.19077114  0.90637339
   0.02250725  0.02564478  0.63721369
   0.80602571  0.31455523  0.80158011
   0.00393436  0.00517983  0.75080072
   0.51643199  0.53742674  0.53983711
   0.59900185  0.44782945  0.64821987
   0.61465018  0.55983233  0.94977440
   0.31946338  0.31941665  0.59578576
   0.52885478  0.47937712  0.86122219
   0.28204788  0.19653372  0.69518192
   0.50394300  0.49470080  0.74864009
   0.01970042  0.96328818  0.96315671
   0.08550153  0.03836377  0.85213735
   0.61465018  0.05983228  0.44977446
   0.31946338  0.81941665  0.09578578
   0.52885478  0.97937709  0.36122216
   0.28204788  0.69653372  0.19518187
   0.50394300  0.99470080  0.24864006
   0.01970042  0.46328821  0.46315671
   0.08550153  0.53836380  0.35213741
   0.32446657  0.17058244  0.50154736
   0.32446657  0.67058250  1.00154739
   0.82434429  0.82929674  0.50154003
   0.82434429  0.32929680  0.00154003
   0.29173026  0.24694805  0.34442273
   0.29173026  0.74694805  0.84442276
   0.79190157  0.75394262  0.34446499
   0.79190157  0.25394262  0.84446499
