   0.25278301  0.24643521  0.10556792
   0.23988550  0.27192354  0.22091836
   0.25278301  0.74643521  0.60556793
   0.23988550  0.77192357  0.72091832
   0.75477302  0.74886508  0.89146760
   0.73314669  0.72081152  0.78210597
   0.75477302  0.24886508  0.39146763
   0.73314669  0.22081153  0.28210591
   0.74998554  0.75293514  0.10594730
   0.73769944  0.72996054  0.22076685
   0.74998554  0.25293516  0.60594732
   0.73769944  0.22996053  0.72076688
   0.25384322  0.25100716  0.89119153
   0.23078452  0.27826388  0.78226065
   0.25384322  0.75100719  0.39119156
   0.23078452  0.77826385  0.28226068
   0.24401860  0.24398030  0.00022428
   0.24401860  0.74398030  0.50022428
   0.74340411  0.75816122  0.99803570
   0.74340411  0.25816122  0.49803564
   0.79577502  0.75072739  0.65409873
   0.79577502  0.25072740  0.15409875
   0.79296095  0.75265555  0.44839916
   0.79296095  0.25265555  0.94839913
   0.29064043  0.24746260  0.54969570
   0.29484906  0.24905086  0.65366273
   0.29484906  0.74905086  0.15366273
   0.29064043  0.74746258  0.04969569
   0.29044216  0.24545244  0.44854236
   0.29044216  0.74545244  0.94854236
   0.79042632  0.75449984  0.54977493
   0.79042632  0.25449984  0.04977492
   0.60396014  0.55536231  0.05560823
   0.31770539  0.31825110  0.40479088
   0.52674952  0.47243978  0.13759697
   0.29497903  0.18255676  0.30280514
   0.50262963  0.49465164  0.25089777
   0.00781466  0.95931923  0.03850253
   0.10492122  0.05446067  0.15029689
   0.60396014  0.05536232  0.55560821
   0.31770539  0.81825110  0.90479088
   0.52674952  0.97243981  0.63759695
   0.29497903  0.68255674  0.80280514
   0.50262963  0.99465167  0.75089780
   0.00781466  0.45931926  0.53850252
   0.10492122  0.55446072  0.65029692
   0.10220412  0.44497448  0.94560570
   0.81995668  0.67860804  0.59670195
   0.02851105  0.52751486  0.86277428
   0.79037003  0.81098784  0.69569451
   0.00270180  0.50388650  0.74817786
   0.51026897  0.04031385  0.96208521
   0.60494591  0.94713996  0.85003625
   0.10220412  0.94497451  0.44560567
   0.81995668  0.17860804  0.09670197
   0.02851105  0.02751488  0.36277428
   0.79037003  0.31098784  0.19569451
   0.00270180  0.00388653  0.24817787
   0.51026897  0.54031388  0.46208518
   0.60494591  0.44714002  0.35003628
   0.10806530  0.43512734  0.05399764
   0.82027339  0.68191895  0.40421638
   0.02647128  0.52459090  0.13779049
   0.79761844  0.81727425  0.30318887
   0.00221915  0.50549991  0.25084394
   0.50737320  0.04840683  0.03975120
   0.60750383  0.94430965  0.15101182
   0.10806530  0.93512731  0.55399769
   0.82027339  0.18191897  0.90421641
   0.02647128  0.02459087  0.63779046
   0.79761844  0.31727428  0.80318884
   0.00221915  0.00549992  0.75084394
   0.50737320  0.54840684  0.53975117
   0.60750383  0.44430965  0.65101185
   0.60801426  0.55874007  0.94689460
   0.32679882  0.32252954  0.59792629
   0.52796887  0.47539113  0.86263769
   0.29292316  0.18804683  0.69531941
   0.50290866  0.49596131  0.74828178
   0.00541220  0.95525801  0.96117126
   0.10717363  0.05478438  0.84942407
   0.60801426  0.05874003  0.44689466
   0.32679882  0.82252954  0.09792631
   0.52796887  0.97539110  0.36263766
   0.29292316  0.68804683  0.19531937
   0.50290866  0.99596131  0.24828175
   0.00541220  0.45525804  0.46117126
   0.10717363  0.55478440  0.34942413
   0.31823983  0.16098139  0.50029549
   0.31823983  0.66098145  1.00029552
   0.81898553  0.83851496  0.50051335
   0.81898553  0.33851502  0.00051335
   0.29494822  0.24993815  0.34605132
   0.29494822  0.74993815  0.84605135
   0.79396621  0.75006694  0.34645040
   0.79396621  0.25006694  0.84645040
