   0.24874494  0.24697993  0.10433598
   0.24659532  0.27013271  0.22098472
   0.24874494  0.74697993  0.60433600
   0.24659532  0.77013274  0.72098468
   0.76093225  0.75537490  0.88985024
   0.72191892  0.72227994  0.78174512
   0.76093225  0.25537490  0.38985026
   0.72191892  0.22227996  0.28174506
   0.74881936  0.75241246  0.10434368
   0.74650348  0.73009127  0.22098448
   0.74881936  0.25241249  0.60434370
   0.74650348  0.23009126  0.72098451
   0.26124720  0.24517156  0.88981599
   0.22178478  0.27772440  0.78176049
   0.26124720  0.74517158  0.38981602
   0.22178478  0.77772437  0.28176052
   0.25163914  0.24624340 -0.00108758
   0.25163914  0.74624340  0.49891242
   0.75166255  0.75370967  0.99889883
   0.75166255  0.25370967  0.49889877
   0.79080484  0.75129894  0.65290667
   0.79080484  0.25129895  0.15290669
   0.80088286  0.75274820  0.45025965
   0.80088286  0.25274820  0.95025962
   0.29376906  0.24852388  0.54954212
   0.29084203  0.24800579  0.65288837
   0.29084203  0.74800579  0.15288837
   0.29376906  0.74852386  0.04954211
   0.30086661  0.24742961  0.45026786
   0.30086661  0.74742961  0.95026786
   0.79375026  0.75120982  0.54953789
   0.79375026  0.25120982  0.04953789
   0.59963106  0.54746588  0.05501137
   0.31159287  0.30911827  0.40665741
   0.52168162  0.47362397  0.13712193
   0.30594574  0.18633911  0.30145176
   0.50403133  0.49474059  0.25057036
   0.01759631  0.96302119  0.03993815
   0.09779020  0.05115084  0.14813737
   0.59963106  0.04746588  0.55501135
   0.31159287  0.80911827  0.90665741
   0.52168162  0.97362400  0.63712192
   0.30594574  0.68633908  0.80145176
   0.50403133  0.99474062  0.75057039
   0.01759631  0.46302122  0.53993814
   0.09779020  0.55115089  0.64813740
   0.11809516  0.43886500  0.94993157
   0.81944179  0.68000389  0.59581708
   0.02902794  0.51901915  0.86110597
   0.78065967  0.80298010  0.69505740
   0.00389499  0.50542154  0.74844916
   0.52159086  0.03694908  0.96340860
   0.57742808  0.96888233  0.85282097
   0.11809516  0.93886503  0.44993154
   0.81944179  0.18000389  0.09581709
   0.02902794  0.01901917  0.36110597
   0.78065967  0.30298010  0.19505740
   0.00389499  0.00542157  0.24844917
   0.52159086  0.53694910  0.46340857
   0.57742808  0.46888239  0.35282100
   0.09962988  0.45224311  0.05499537
   0.81130489  0.69138255  0.40664727
   0.02167738  0.52564681  0.13713212
   0.80613116  0.81387016  0.30146318
   0.00402612  0.50530369  0.25057162
   0.51753248  0.03682227  0.03995769
   0.59784837  0.94812040  0.14813068
   0.09962988  0.95224308  0.55499541
   0.81130489  0.19138257  0.90664730
   0.02167738  0.02564678  0.63713209
   0.80613116  0.31387019  0.80146315
   0.00402612  0.00530369  0.75057162
   0.51753248  0.53682228  0.53995767
   0.59784837  0.44812040  0.64813071
   0.61811332  0.56134520  0.94993639
   0.31926367  0.31944546  0.59582395
   0.52907100  0.48188674  0.86108638
   0.28088487  0.19646404  0.69505983
   0.50395761  0.49459058  0.74845787
   0.02155042  0.96313232  0.96338911
   0.07764808  0.03212841  0.85278170
   0.61811332  0.06134516  0.44993645
   0.31926367  0.81944546  0.09582397
   0.52907100  0.98188671  0.36108635
   0.28088487  0.69646404  0.19505979
   0.50395761  0.99459058  0.24845784
   0.02155042  0.46313235  0.46338911
   0.07764808  0.53212843  0.35278176
   0.32556660  0.17046890  0.50167572
   0.32556660  0.67046896  1.00167575
   0.82551911  0.82945442  0.50167192
   0.82551911  0.32945448  0.00167192
   0.29049136  0.24541960  0.34433712
   0.29049136  0.74541960  0.84433715
   0.79061219  0.75535778  0.34436841
   0.79061219  0.25535778  0.84436841
