   0.24969061  0.24734800  0.10415418
   0.24549999  0.27132843  0.21961973
   0.24969061  0.74734800  0.60415419
   0.24549999  0.77132846  0.71961969
   0.77553949  0.76827313  0.88865952
   0.72238719  0.72234090  0.78029453
   0.77553949  0.26827313  0.38865955
   0.72238719  0.22234092  0.28029447
   0.74968670  0.75242993  0.10415236
   0.74548600  0.72880588  0.21962191
   0.74968670  0.25242996  0.60415239
   0.74548600  0.22880586  0.71962194
   0.27553587  0.23191271  0.88866023
   0.22236850  0.27749722  0.78029395
   0.27553587  0.73191273  0.38866026
   0.22236850  0.77749719  0.28029398
   0.25661596  0.24471883 -0.00081603
   0.25661596  0.74471883  0.49918397
   0.75662674  0.75530568  0.99918558
   0.75662674  0.25530568  0.49918552
   0.79027434  0.75093404  0.65244947
   0.79027434  0.25093406  0.15244948
   0.80649993  0.75464625  0.45079188
   0.80649993  0.25464625  0.95079185
   0.29578221  0.24845066  0.54994082
   0.29028048  0.24871697  0.65243817
   0.29028048  0.74871697  0.15243817
   0.29578221  0.74845065  0.04994081
   0.30650458  0.24556622  0.45079793
   0.30650458  0.74556622  0.95079793
   0.79577783  0.75141259  0.54993971
   0.79577783  0.25141259  0.04993971
   0.59800189  0.54416580  0.05597152
   0.30089659  0.30743333  0.40757193
   0.52109167  0.47337302  0.13704481
   0.30551441  0.19163789  0.30075445
   0.50364657  0.49451229  0.24960613
   0.02132994  0.96500491  0.04076690
   0.09901061  0.05283488  0.14845779
   0.59800189  0.04416581  0.55597150
   0.30089659  0.80743333  0.90757193
   0.52109167  0.97337305  0.63704480
   0.30551441  0.69163786  0.80075445
   0.50364657  0.99451232  0.74960616
   0.02132994  0.46500494  0.54076689
   0.09901061  0.55283493  0.64845782
   0.12948442  0.43252616  0.95053878
   0.81995844  0.67965655  0.59639823
   0.03604828  0.50128032  0.86013925
   0.77946644  0.80551203  0.69468388
   0.00287342  0.50556481  0.74746995
   0.52656360  0.03754133  0.96423814
   0.53956426  0.99843229  0.85522782
   0.12948442  0.93252619  0.45053875
   0.81995844  0.17965655  0.09639824
   0.03604828  0.00128034  0.36013925
   0.77946644  0.30551203  0.19468388
   0.00287342  0.00556484  0.24746996
   0.52656360  0.53754135  0.46423811
   0.53956426  0.49843235  0.35522785
   0.09801057  0.45565403  0.05596620
   0.80091717  0.69288875  0.40756853
   0.02110935  0.52626432  0.13704112
   0.80552723  0.80837522  0.30075897
   0.00366230  0.50547117  0.24960776
   0.52134677  0.03487103  0.04076787
   0.59903265  0.94677710  0.14845454
   0.09801057  0.95565400  0.55596624
   0.80091717  0.19288876  0.90756855
   0.02110935  0.02626430  0.63704109
   0.80552723  0.30837525  0.80075894
   0.00366230  0.00547118  0.74960776
   0.52134677  0.53487103  0.54076785
   0.59903265  0.44677710  0.64845457
   0.62949699  0.56772141  0.95053700
   0.31991266  0.32008096  0.59639903
   0.53609231  0.49913619  0.86014074
   0.27944642  0.19422479  0.69468117
   0.50290185  0.49437793  0.74747516
   0.02657156  0.96264879  0.96423967
   0.03961219  0.00196186  0.85522727
   0.62949699  0.06772136  0.45053706
   0.31991266  0.82008096  0.09639905
   0.53609231  0.99913616  0.36014071
   0.27944642  0.69422479  0.19468113
   0.50290185  0.99437793  0.24747513
   0.02657156  0.46264882  0.46423967
   0.03961219  0.50196188  0.35522733
   0.32879254  0.16985823  0.50232679
   0.32879254  0.66985829  1.00232682
   0.82878749  0.83017210  0.50232516
   0.82878749  0.33017216  0.00232516
   0.28538534  0.23873262  0.34370709
   0.28538534  0.73873262  0.84370712
   0.78538734  0.76162026  0.34372229
   0.78538734  0.26162026  0.84372229
