   0.24927654  0.24721318  0.10415354
   0.24577991  0.27131432  0.21971944
   0.24927654  0.74721318  0.60415355
   0.24577991  0.77131435  0.71971940
   0.77517389  0.76823728  0.88870103
   0.72238611  0.72229552  0.78040852
   0.77517389  0.26823728  0.38870106
   0.72238611  0.22229553  0.28040846
   0.74927454  0.75252910  0.10415215
   0.74576555  0.72884369  0.21972166
   0.74927454  0.25252913  0.60415217
   0.74576555  0.22884367  0.71972169
   0.27517563  0.23198226  0.88870169
   0.22236055  0.27757989  0.78040976
   0.27517563  0.73198229  0.38870172
   0.22236055  0.77757986  0.28040979
   0.25671346  0.24472265 -0.00086084
   0.25671346  0.74472265  0.49913916
   0.75672473  0.75529786  0.99913977
   0.75672473  0.25529786  0.49913971
   0.78983158  0.75102387  0.65248353
   0.78983158  0.25102388  0.15248355
   0.80670775  0.75464799  0.45074928
   0.80670775  0.25464799  0.95074925
   0.29573604  0.24840911  0.54987570
   0.28983894  0.24859670  0.65247095
   0.28983894  0.74859670  0.15247095
   0.29573604  0.74840910  0.04987569
   0.30671185  0.24556714  0.45075499
   0.30671185  0.74556714  0.95075499
   0.79573116  0.75143174  0.54987444
   0.79573116  0.25143174  0.04987443
   0.59834359  0.54455871  0.05587921
   0.30196703  0.30740907  0.40751625
   0.52073846  0.47345367  0.13705216
   0.30566644  0.19139383  0.30083027
   0.50372972  0.49453102  0.24968002
   0.02111595  0.96476615  0.04069016
   0.09826380  0.05249926  0.14841142
   0.59834359  0.04455871  0.55587919
   0.30196703  0.80740907  0.90751625
   0.52073846  0.97345370  0.63705215
   0.30566644  0.69139380  0.80083027
   0.50372972  0.99453105  0.74968005
   0.02111595  0.46476618  0.54069015
   0.09826380  0.55249931  0.64841145
   0.12954606  0.43266494  0.95047581
   0.81971331  0.67971874  0.59633013
   0.03605937  0.50147035  0.86019040
   0.77908713  0.80535773  0.69471567
   0.00302582  0.50558756  0.74755229
   0.52668655  0.03759338  0.96416640
   0.54000036  0.99826150  0.85522723
   0.12954606  0.93266497  0.45047578
   0.81971331  0.17971874  0.09633014
   0.03605937  0.00147037  0.36019040
   0.77908713  0.30535773  0.19471567
   0.00302582  0.00558759  0.24755231
   0.52668655  0.53759341  0.46416637
   0.54000036  0.49826156  0.35522726
   0.09835452  0.45523658  0.05587339
   0.80197439  0.69293282  0.40751269
   0.02075532  0.52614970  0.13704867
   0.80569037  0.80863735  0.30083509
   0.00374407  0.50546920  0.24968197
   0.52113054  0.03509046  0.04069127
   0.59829020  0.94708348  0.14840837
   0.09835452  0.95523655  0.55587343
   0.80197439  0.19293284  0.90751272
   0.02075532  0.02614968  0.63704864
   0.80569037  0.30863738  0.80083506
   0.00374407  0.00546921  0.74968197
   0.52113054  0.53509046  0.54069124
   0.59829020  0.44708348  0.64840840
   0.62955796  0.56758265  0.95047446
   0.31966581  0.31998872  0.59633133
   0.53610141  0.49897576  0.86019165
   0.27907008  0.19436306  0.69471214
   0.50305688  0.49437129  0.74755764
   0.02669220  0.96259266  0.96416694
   0.04004928  0.00216297  0.85522749
   0.62955796  0.06758261  0.45047452
   0.31966581  0.81998872  0.09633134
   0.53610141  0.99897573  0.36019162
   0.27907008  0.69436306  0.19471209
   0.50305688  0.99437129  0.24755761
   0.02669220  0.46259269  0.46416694
   0.04004928  0.50216299  0.35522755
   0.32885390  0.16986484  0.50226010
   0.32885390  0.66986490  1.00226013
   0.82884973  0.83015374  0.50225842
   0.82884973  0.33015380  0.00225842
   0.28551371  0.23878876  0.34378979
   0.28551371  0.73878876  0.84378982
   0.78551753  0.76159759  0.34380548
   0.78551753  0.26159759  0.84380548
