   0.24951451  0.24728345  0.10415393
   0.24562821  0.27131385  0.21966244
   0.24951451  0.74728345  0.60415395
   0.24562821  0.77131388  0.71966239
   0.77539060  0.76824455  0.88867945
   0.72239923  0.72233188  0.78034556
   0.77539060  0.26824455  0.38867948
   0.72239923  0.22233189  0.28034550
   0.74951193  0.75247933  0.10415228
   0.74561373  0.72883161  0.21966465
   0.74951193  0.25247936  0.60415230
   0.74561373  0.22883159  0.71966468
   0.27538970  0.23195641  0.88868003
   0.22237758  0.27752311  0.78034573
   0.27538970  0.73195644  0.38868006
   0.22237758  0.77752308  0.28034576
   0.25667743  0.24471735 -0.00083616
   0.25667743  0.74471735  0.49916384
   0.75668835  0.75530535  0.99916522
   0.75668835  0.25530535  0.49916516
   0.79006820  0.75097903  0.65246868
   0.79006820  0.25097904  0.15246869
   0.80659381  0.75464899  0.45077317
   0.80659381  0.25464899  0.95077314
   0.29577723  0.24842919  0.54991336
   0.29007473  0.24865891  0.65245733
   0.29007473  0.74865891  0.15245733
   0.29577723  0.74842917  0.04991334
   0.30659839  0.24556491  0.45077908
   0.30659839  0.74556491  0.95077908
   0.79577287  0.75142399  0.54991229
   0.79577287  0.25142399  0.04991228
   0.59816659  0.54434111  0.05593115
   0.30133348  0.30741167  0.40755046
   0.52092826  0.47340855  0.13704745
   0.30557909  0.19153023  0.30078003
   0.50368340  0.49452369  0.24963826
   0.02124744  0.96490404  0.04073453
   0.09867071  0.05268203  0.14843700
   0.59816659  0.04434112  0.55593113
   0.30133348  0.80741167  0.90755046
   0.52092826  0.97340858  0.63704744
   0.30557909  0.69153020  0.80078003
   0.50368340  0.99452372  0.74963829
   0.02124744  0.46490407  0.54073453
   0.09867071  0.55268208  0.64843703
   0.12952328  0.43257175  0.95051177
   0.81984150  0.67969396  0.59636825
   0.03605784  0.50135137  0.86016115
   0.77928742  0.80544124  0.69469642
   0.00294039  0.50557573  0.74750592
   0.52661966  0.03755936  0.96420858
   0.53974614  0.99835346  0.85522747
   0.12952328  0.93257178  0.45051174
   0.81984150  0.17969396  0.09636827
   0.03605784  0.00135139  0.36016115
   0.77928742  0.30544124  0.19469642
   0.00294039  0.00557576  0.24750594
   0.52661966  0.53755939  0.46420855
   0.53974614  0.49835352  0.35522750
   0.09817639  0.45546826  0.05592566
   0.80134790  0.69291919  0.40754699
   0.02094610  0.52621423  0.13704384
   0.80559710  0.80849165  0.30078474
   0.00369859  0.50546820  0.24964001
   0.52126379  0.03496298  0.04073555
   0.59869417  0.94691644  0.14843384
   0.09817639  0.95546823  0.55592570
   0.80134790  0.19291920  0.90754702
   0.02094610  0.02621420  0.63704381
   0.80559710  0.30849168  0.80078471
   0.00369859  0.00546821  0.74964001
   0.52126379  0.53496299  0.54073552
   0.59869417  0.44691644  0.64843386
   0.62953561  0.56767572  0.95051015
   0.31979491  0.32003015  0.59636932
   0.53610245  0.49907754  0.86016246
   0.27926919  0.19428930  0.69469291
   0.50296999  0.49437497  0.74751118
   0.02662655  0.96262911  0.96420973
   0.03979566  0.00205343  0.85522718
   0.62953561  0.06767567  0.45051021
   0.31979491  0.82003015  0.09636934
   0.53610245  0.99907751  0.36016243
   0.27926919  0.69428930  0.19469287
   0.50296999  0.99437497  0.24751115
   0.02662655  0.46262914  0.46420973
   0.03979566  0.50205345  0.35522723
   0.32881950  0.16986528  0.50229905
   0.32881950  0.66986534  1.00229908
   0.82881460  0.83015993  0.50229739
   0.82881460  0.33015999  0.00229739
   0.28542118  0.23876745  0.34373956
   0.28542118  0.73876745  0.84373959
   0.78542429  0.76159591  0.34375489
   0.78542429  0.26159591  0.84375489
