   0.24963978  0.24732586  0.10415525
   0.24553699  0.27131919  0.21963313
   0.24963978  0.74732586  0.60415527
   0.24553699  0.77131922  0.71963309
   0.77549918  0.76826451  0.88866340
   0.72239178  0.72233660  0.78030752
   0.77549918  0.26826451  0.38866343
   0.72239178  0.22233661  0.28030746
   0.74963612  0.75244805  0.10415347
   0.74552306  0.72881795  0.21963534
   0.74963612  0.25244808  0.60415349
   0.74552306  0.22881794  0.71963537
   0.27549629  0.23192535  0.88866409
   0.22237229  0.27750589  0.78030713
   0.27549629  0.73192538  0.38866412
   0.22237229  0.77750586  0.28030716
   0.25663544  0.24471842 -0.00082246
   0.25663544  0.74471842  0.49917754
   0.75664625  0.75530553  0.99917910
   0.75664625  0.25530553  0.49917904
   0.79021650  0.75093915  0.65245183
   0.79021650  0.25093916  0.15245184
   0.80652768  0.75464704  0.45078709
   0.80652768  0.25464704  0.95078706
   0.29578237  0.24844183  0.54993424
   0.29022273  0.24870902  0.65243993
   0.29022273  0.74870902  0.15243993
   0.29578237  0.74844181  0.04993423
   0.30653232  0.24556588  0.45079311
   0.30653232  0.74556588  0.95079311
   0.79577784  0.75141852  0.54993312
   0.79577784  0.25141852  0.04993311
   0.59804659  0.54420772  0.05596121
   0.30100152  0.30742745  0.40756495
   0.52104957  0.47338281  0.13704587
   0.30552421  0.19161841  0.30076222
   0.50365693  0.49451505  0.24961275
   0.02131144  0.96497930  0.04075936
   0.09892097  0.05279441  0.14845203
   0.59804659  0.04420773  0.55596119
   0.30100152  0.80742745  0.90756495
   0.52104957  0.97338284  0.63704586
   0.30552421  0.69161838  0.80076222
   0.50365693  0.99451508  0.74961278
   0.02131144  0.46497933  0.54075936
   0.09892097  0.55279447  0.64845206
   0.12949970  0.43253167  0.95053203
   0.81992776  0.67966963  0.59638840
   0.03605113  0.50129529  0.86014404
   0.77941804  0.80549638  0.69468893
   0.00289364  0.50556575  0.74747829
   0.52657757  0.03754567  0.96423110
   0.53960921  0.99841127  0.85522726
   0.12949970  0.93253170  0.45053200
   0.81992776  0.17966963  0.09638842
   0.03605113  0.00129531  0.36014404
   0.77941804  0.30549638  0.19468893
   0.00289364  0.00556578  0.24747830
   0.52657757  0.53754569  0.46423107
   0.53960921  0.49841133  0.35522729
   0.09805539  0.45560928  0.05595586
   0.80102050  0.69289674  0.40756153
   0.02106631  0.52624980  0.13704220
   0.80553830  0.80839680  0.30076676
   0.00367260  0.50547072  0.24961441
   0.52132830  0.03489443  0.04076034
   0.59894421  0.94681492  0.14844882
   0.09805539  0.95560925  0.55595590
   0.80102050  0.19289676  0.90756156
   0.02106631  0.02624977  0.63704217
   0.80553830  0.30839683  0.80076673
   0.00367260  0.00547073  0.74961441
   0.52132830  0.53489444  0.54076032
   0.59894421  0.44681492  0.64844885
   0.62951218  0.56771589  0.95053029
   0.31988177  0.32006455  0.59638921
   0.53609521  0.49912411  0.86014548
   0.27939834  0.19423770  0.69468664
   0.50292240  0.49437915  0.74748350
   0.02658525  0.96264405  0.96423253
   0.03965747  0.00198588  0.85522678
   0.62951218  0.06771585  0.45053035
   0.31988177  0.82006455  0.09638922
   0.53609521  0.99912408  0.36014545
   0.27939834  0.69423770  0.19468660
   0.50292240  0.99437915  0.24748347
   0.02658525  0.46264408  0.46423253
   0.03965747  0.50198590  0.35522684
   0.32879853  0.16986089  0.50232037
   0.32879853  0.66986095  1.00232040
   0.82879351  0.83016811  0.50231875
   0.82879351  0.33016817  0.00231875
   0.28540103  0.23874625  0.34371873
   0.28540103  0.73874625  0.84371876
   0.78540350  0.76161092  0.34373399
   0.78540350  0.26161092  0.84373399
