   0.25080596  0.24707596  0.10492398
   0.24455115  0.27033086  0.22174499
   0.25080596  0.74707596  0.60492400
   0.24455115  0.77033089  0.72174494
   0.75819331  0.74784466  0.89047819
   0.72475124  0.72135374  0.78241201
   0.75819331  0.24784466  0.39047821
   0.72475124  0.22135375  0.28241195
   0.75094079  0.75232472  0.10509445
   0.74364061  0.73014057  0.22167995
   0.75094079  0.25232475  0.60509447
   0.74364061  0.23014055  0.72167998
   0.25891481  0.25253561  0.89032186
   0.22331864  0.27858732  0.78256726
   0.25891481  0.75253564  0.39032189
   0.22331864  0.77858729  0.28256729
   0.24553742  0.24643959 -0.00110267
   0.24553742  0.74643959  0.49889733
   0.74582827  0.75380709  0.99794803
   0.74582827  0.25380709  0.49794797
   0.79503005  0.75119286  0.65366200
   0.79503005  0.25119287  0.15366201
   0.79407037  0.75140555  0.44926779
   0.79407037  0.25140555  0.94926776
   0.29247614  0.24844456  0.54947241
   0.29504827  0.24776686  0.65356927
   0.29504827  0.74776686  0.15356927
   0.29247614  0.74844454  0.04947240
   0.29318304  0.24817513  0.44929997
   0.29318304  0.74817513  0.94929997
   0.79170113  0.75200837  0.54946066
   0.79170113  0.25200837  0.04946065
   0.60191299  0.55121962  0.05504195
   0.31168341  0.31372647  0.40543416
   0.52542682  0.47312839  0.13751362
   0.30161367  0.18175773  0.30193791
   0.50328141  0.49495137  0.25125231
   0.01286496  0.96026762  0.03941704
   0.10338573  0.05245133  0.14906316
   0.60191299  0.05121963  0.55504192
   0.31168341  0.81372647  0.90543416
   0.52542682  0.97312842  0.63751361
   0.30161367  0.68175770  0.80193791
   0.50328141  0.99495140  0.75125234
   0.01286496  0.46026765  0.53941703
   0.10338573  0.55245138  0.64906319
   0.10564498  0.44377948  0.94845992
   0.82034299  0.68004768  0.59593768
   0.02981237  0.52597207  0.86192484
   0.78586613  0.80631101  0.69562050
   0.00289853  0.50472861  0.74880670
   0.51436141  0.03655752  0.96256933
   0.60026346  0.95111444  0.85080305
   0.10564498  0.94377951  0.44845989
   0.82034299  0.18004768  0.09593770
   0.02981237  0.02597209  0.36192484
   0.78586613  0.30631101  0.19562050
   0.00289853  0.00472864  0.24880672
   0.51436141  0.53655755  0.46256930
   0.60026346  0.45111450  0.35080308
   0.10320419  0.44750179  0.05453364
   0.81066084  0.68705386  0.40534804
   0.02549026  0.52530475  0.13756676
   0.80336132  0.81853703  0.30204143
   0.00300459  0.50514499  0.25121951
   0.51113418  0.04156034  0.03974512
   0.60402735  0.94586330  0.14928760
   0.10320419  0.94750176  0.55453368
   0.81066084  0.18705387  0.90534807
   0.02549026  0.02530473  0.63756673
   0.80336132  0.31853706  0.80204140
   0.00300459  0.00514500  0.75121951
   0.51113418  0.54156035  0.53974510
   0.60402735  0.44586330  0.64928763
   0.60647705  0.55686373  0.94877799
   0.32021440  0.31955820  0.59606200
   0.52980815  0.47568053  0.86185185
   0.28700477  0.19283050  0.69554584
   0.50307147  0.49527073  0.74884447
   0.01341762  0.96218932  0.96216081
   0.10119245  0.05083477  0.85052433
   0.60647705  0.05686369  0.44877805
   0.32021440  0.81955820  0.09606201
   0.52980815  0.97568050  0.36185182
   0.28700477  0.69283050  0.19554579
   0.50307147  0.99527073  0.24884444
   0.01341762  0.46218935  0.46216081
   0.10119245  0.55083479  0.35052439
   0.32122556  0.16851868  0.50121654
   0.32122556  0.66851874  1.00121657
   0.82123147  0.83092492  0.50114153
   0.82123147  0.33092498  0.00114153
   0.29397055  0.24966428  0.34470066
   0.29397055  0.74966428  0.84470069
   0.79415341  0.75125132  0.34484952
   0.79415341  0.25125132  0.84484952
