   0.25145429  0.24706838  0.10513806
   0.24376729  0.27075260  0.22168978
   0.25145429  0.74706838  0.60513808
   0.24376729  0.77075263  0.72168973
   0.75795601  0.74737630  0.89063355
   0.72643083  0.72046956  0.78236559
   0.75795601  0.24737630  0.39063358
   0.72643083  0.22046958  0.28236553
   0.75109255  0.75261516  0.10535938
   0.74252295  0.72998190  0.22159683
   0.75109255  0.25261519  0.60535940
   0.74252295  0.22998189  0.72159686
   0.25845085  0.25279566  0.89043010
   0.22455857  0.27918571  0.78254695
   0.25845085  0.75279569  0.39043013
   0.22455857  0.77918568  0.28254698
   0.24469485  0.24571350 -0.00095182
   0.24469485  0.74571350  0.49904818
   0.74482371  0.75483853  0.99767897
   0.74482371  0.25483853  0.49767891
   0.79545384  0.75088284  0.65361434
   0.79545384  0.25088286  0.15361436
   0.79348281  0.75175906  0.44917907
   0.79348281  0.25175906  0.94917904
   0.29227455  0.24796653  0.54950136
   0.29538301  0.24814981  0.65348038
   0.29538301  0.74814981  0.15348038
   0.29227455  0.74796651  0.04950135
   0.29204959  0.24753380  0.44928133
   0.29204959  0.74753380  0.94928133
   0.79101395  0.75278655  0.54949174
   0.79101395  0.25278655  0.04949173
   0.60258591  0.55207225  0.05523438
   0.31297196  0.31542328  0.40502306
   0.52596161  0.47305760  0.13759469
   0.29968330  0.18083160  0.30209813
   0.50316472  0.49474008  0.25120860
   0.01187929  0.95952766  0.03929747
   0.10416114  0.05293915  0.14944519
   0.60258591  0.05207226  0.55523436
   0.31297196  0.81542328  0.90502306
   0.52596161  0.97305763  0.63759468
   0.29968330  0.68083157  0.80209813
   0.50316472  0.99474011  0.75120863
   0.01187929  0.45952769  0.53929746
   0.10416114  0.55293921  0.64944522
   0.10421780  0.44424310  0.94774334
   0.82022019  0.68008284  0.59604396
   0.02987337  0.52642586  0.86226093
   0.78709817  0.80798231  0.69584227
   0.00279914  0.50421247  0.74869798
   0.51296679  0.03721684  0.96241284
   0.60224423  0.94934665  0.85057924
   0.10421780  0.94424313  0.44774331
   0.82022019  0.18008284  0.09604398
   0.02987337  0.02642588  0.36226093
   0.78709817  0.30798231  0.19584227
   0.00279914  0.00421250  0.24869799
   0.51296679  0.53721686  0.46241281
   0.60224423  0.44934671  0.35057927
   0.10477448  0.44552156  0.05447727
   0.81248186  0.68538060  0.40490642
   0.02605777  0.52506030  0.13766883
   0.80182008  0.81945071  0.30225306
   0.00279461  0.50545410  0.25116296
   0.50951505  0.04305130  0.03980727
   0.60512960  0.94521419  0.14980437
   0.10477448  0.94552153  0.55447731
   0.81248186  0.18538062  0.90490645
   0.02605777  0.02506027  0.63766880
   0.80182008  0.31945073  0.80225303
   0.00279461  0.00545411  0.75116296
   0.50951505  0.54305130  0.53980724
   0.60512960  0.44521419  0.64980440
   0.60568021  0.55691177  0.94830362
   0.32110228  0.31976561  0.59628113
   0.52980701  0.47549356  0.86219208
   0.28862234  0.19111919  0.69568482
   0.50298926  0.49577904  0.74875027
   0.01145877  0.96096693  0.96184645
   0.10343556  0.05268004  0.85019698
   0.60568021  0.05691173  0.44830368
   0.32110228  0.81976561  0.09628115
   0.52980701  0.97549353  0.36219205
   0.28862234  0.69111919  0.19568477
   0.50298926  0.99577904  0.24875024
   0.01145877  0.46096696  0.46184645
   0.10343556  0.55268006  0.35019704
   0.32038581  0.16696108  0.50113688
   0.32038581  0.66696114  1.00113691
   0.82071806  0.83245544  0.50103139
   0.82071806  0.33245550  0.00103139
   0.29396045  0.25001480  0.34488199
   0.29396045  0.75001480  0.84488202
   0.79402924  0.75074199  0.34509647
   0.79402924  0.25074199  0.84509647
