   0.25049774  0.24704732  0.10482166
   0.24488294  0.27011752  0.22173650
   0.25049774  0.74704732  0.60482167
   0.24488294  0.77011755  0.72173645
   0.75827185  0.74819715  0.89041473
   0.72404579  0.72173319  0.78241101
   0.75827185  0.24819715  0.39041476
   0.72404579  0.22173321  0.28241095
   0.75076283  0.75221154  0.10496427
   0.74413802  0.73025981  0.22168608
   0.75076283  0.25221156  0.60496429
   0.74413802  0.23025980  0.72168611
   0.25904500  0.25229734  0.89028019
   0.22286162  0.27831271  0.78254648
   0.25904500  0.75229737  0.39028022
   0.22286162  0.77831268  0.28254651
   0.24610470  0.24674338 -0.00115468
   0.24610470  0.74674338  0.49884532
   0.74640222  0.75341006  0.99811583
   0.74640222  0.25341006  0.49811577
   0.79470169  0.75120615  0.65357359
   0.79470169  0.25120617  0.15357360
   0.79450358  0.75135115  0.44938156
   0.79450358  0.25135115  0.94938153
   0.29257449  0.24860940  0.54947147
   0.29474379  0.24773362  0.65350977
   0.29474379  0.74773362  0.15350977
   0.29257449  0.74860939  0.04947146
   0.29386392  0.24832537  0.44940327
   0.29386392  0.74832537  0.94940327
   0.79197241  0.75171919  0.54946143
   0.79197241  0.25171919  0.04946143
   0.60155689  0.55073774  0.05494912
   0.31123126  0.31293075  0.40559094
   0.52507565  0.47316528  0.13746753
   0.30255352  0.18243736  0.30186604
   0.50335466  0.49500073  0.25124021
   0.01339941  0.96067502  0.03946959
   0.10284367  0.05222018  0.14888678
   0.60155689  0.05073775  0.55494910
   0.31123126  0.81293075  0.90559094
   0.52507565  0.97316531  0.63746751
   0.30255352  0.68243733  0.80186604
   0.50335466  0.99500076  0.75124024
   0.01339941  0.46067505  0.53946958
   0.10284367  0.55222023  0.64888681
   0.10661282  0.44344869  0.94877434
   0.82038487  0.68001685  0.59588186
   0.02966916  0.52563148  0.86177049
   0.78519798  0.80552792  0.69557709
   0.00301813  0.50490963  0.74883505
   0.51512952  0.03636769  0.96265414
   0.59887379  0.95229785  0.85094681
   0.10661282  0.94344872  0.44877431
   0.82038487  0.18001685  0.09588188
   0.02966916  0.02563150  0.36177049
   0.78519798  0.30552792  0.19557709
   0.00301813  0.00490966  0.24883507
   0.51512952  0.53636771  0.46265411
   0.59887379  0.45229791  0.35094684
   0.10246203  0.44837335  0.05455485
   0.81008981  0.68782265  0.40552487
   0.02511918  0.52541539  0.13751454
   0.80406457  0.81785370  0.30194873
   0.00312612  0.50505058  0.25121624
   0.51202455  0.04078924  0.03972453
   0.60333240  0.94621658  0.14904968
   0.10246203  0.94837332  0.55455489
   0.81008981  0.18782266  0.90552490
   0.02511918  0.02541536  0.63751451
   0.80406457  0.31785373  0.80194870
   0.00312612  0.00505059  0.75121624
   0.51202455  0.54078924  0.53972451
   0.60333240  0.44621658  0.64904971
   0.60721846  0.55700576  0.94898861
   0.31995876  0.31951150  0.59597152
   0.52967280  0.47590834  0.86169738
   0.28616428  0.19365744  0.69552193
   0.50318431  0.49509383  0.74886675
   0.01441237  0.96262634  0.96232478
   0.09968020  0.04956845  0.85072060
   0.60721846  0.05700572  0.44898867
   0.31995876  0.81951150  0.09597153
   0.52967280  0.97590831  0.36169735
   0.28616428  0.69365744  0.19552188
   0.50318431  0.99509383  0.24886672
   0.01441237  0.46262637  0.46232478
   0.09968020  0.54956847  0.35072066
   0.32166997  0.16918528  0.50125460
   0.32166997  0.66918534  1.00125463
   0.82153952  0.83031382  0.50119722
   0.82153952  0.33031388  0.00119722
   0.29389487  0.24943267  0.34463341
   0.29389487  0.74943267  0.84463344
   0.79411154  0.75153283  0.34475652
   0.79411154  0.25153283  0.84475652
