   0.25242256  0.24526963  0.10501560
   0.23809043  0.27446272  0.21997612
   0.25242256  0.74526963  0.60501561
   0.23809043  0.77446275  0.71997608
   0.75202283  0.75171719  0.89250072
   0.73645545  0.72421328  0.78142408
   0.75202283  0.25171719  0.39250075
   0.73645545  0.22421329  0.28142402
   0.74757507  0.75391290  0.10563163
   0.73513157  0.72797450  0.21983750
   0.74757507  0.25391293  0.60563165
   0.73513157  0.22797448  0.71983753
   0.25062727  0.24794173  0.89227685
   0.23418423  0.27439340  0.78155835
   0.25062727  0.74794176  0.39227688
   0.23418423  0.77439337  0.28155838
   0.24420629  0.24241172  0.00191087
   0.24420629  0.74241172  0.50191087
   0.74309889  0.75920077  0.99943089
   0.74309889  0.25920077  0.49943083
   0.79555789  0.75038716  0.65376586
   0.79555789  0.25038717  0.15376587
   0.79126616  0.75335301  0.44902294
   0.79126616  0.25335301  0.94902291
   0.29046980  0.24861344  0.55001522
   0.29480790  0.24996321  0.65306008
   0.29480790  0.74996321  0.15306008
   0.29046980  0.74861343  0.05001521
   0.29094687  0.24499088  0.44894210
   0.29094687  0.74499088  0.94894210
   0.79247739  0.75460791  0.55084393
   0.79247739  0.25460791  0.05084392
   0.60905895  0.55348459  0.05568771
   0.31994833  0.32034988  0.40423971
   0.52769135  0.47229360  0.13785134
   0.29299775  0.18568205  0.30376873
   0.50257592  0.49514535  0.25105988
   0.00075190  0.96363652  0.03779670
   0.10455310  0.05403550  0.15073821
   0.60905895  0.05348459  0.55568768
   0.31994833  0.82034988  0.90423971
   0.52769135  0.97229363  0.63785133
   0.29299775  0.68568202  0.80376873
   0.50257592  0.99514538  0.75105991
   0.00075190  0.46363655  0.53779669
   0.10455310  0.55403555  0.65073824
   0.10067472  0.44318609  0.94464178
   0.82001936  0.67824516  0.59665127
   0.02776277  0.52815701  0.86269603
   0.79162982  0.81271741  0.69593125
   0.00251920  0.50467981  0.74828144
   0.51025351  0.04148415  0.96176691
   0.60537719  0.94584160  0.84974080
   0.10067472  0.94318612  0.44464175
   0.82001936  0.17824516  0.09665129
   0.02776277  0.02815703  0.36269603
   0.79162982  0.31271741  0.19593125
   0.00251920  0.00467984  0.24828145
   0.51025351  0.54148417  0.46176688
   0.60537719  0.44584166  0.34974083
   0.10319382  0.42500181  0.05385335
   0.82528707  0.67903723  0.40287755
   0.02633337  0.52467395  0.13804677
   0.79564222  0.81407601  0.30433857
   0.00228998  0.50468550  0.25096044
   0.51099992  0.05491212  0.03919820
   0.60839872  0.94480344  0.15140844
   0.10319382  0.92500178  0.55385339
   0.82528707  0.17903725  0.90287758
   0.02633337  0.02467392  0.63804674
   0.79564222  0.31407604  0.80433854
   0.00228998  0.00468551  0.75096044
   0.51099992  0.55491213  0.53919817
   0.60839872  0.44480344  0.65140847
   0.61153820  0.56178623  0.94639530
   0.32925549  0.32464715  0.59938543
   0.52742134  0.47535891  0.86247504
   0.29432928  0.18630915  0.69558557
   0.50278812  0.49508271  0.74835275
   0.00275168  0.95326740  0.96054544
   0.10884908  0.05499991  0.84898902
   0.61153820  0.06178619  0.44639536
   0.32925549  0.82464715  0.09938544
   0.52742134  0.97535888  0.36247501
   0.29432928  0.68630915  0.19558552
   0.50278812  0.99508271  0.24835272
   0.00275168  0.45326743  0.46054544
   0.10884908  0.55499993  0.34898908
   0.31851734  0.15721189  0.49881706
   0.31851734  0.65721195  0.99881709
   0.81730122  0.84144456  0.49988358
   0.81730122  0.34144462 -0.00011642
   0.29560118  0.24995645  0.34626494
   0.29560118  0.74995645  0.84626497
   0.79434718  0.75039322  0.34655799
   0.79434718  0.25039322  0.84655799
