   0.24857072  0.24700178  0.10419181
   0.24667148  0.27091393  0.22029766
   0.24857072  0.74700178  0.60419183
   0.24667148  0.77091396  0.72029762
   0.76860007  0.76411017  0.88909947
   0.72190091  0.72212382  0.78103621
   0.76860007  0.26411017  0.38909950
   0.72190091  0.22212384  0.28103615
   0.74858638  0.75262073  0.10419101
   0.74663398  0.72930160  0.22030033
   0.74858638  0.25262076  0.60419104
   0.74663398  0.22930158  0.72030036
   0.26869025  0.23623984  0.88909127
   0.22185186  0.27781561  0.78103978
   0.26869025  0.73623987  0.38909130
   0.22185186  0.77781558  0.28103981
   0.25493457  0.24530568 -0.00099393
   0.25493457  0.74530568  0.49900607
   0.75494341  0.75467815  0.99900651
   0.75494341  0.25467815  0.49900645
   0.78947014  0.75121396  0.65262518
   0.78947014  0.25121397  0.15262519
   0.80509992  0.75397848  0.45054816
   0.80509992  0.25397848  0.95054813
   0.29485484  0.24841023  0.54968331
   0.28948449  0.24828113  0.65261570
   0.28948449  0.74828113  0.15261570
   0.29485484  0.74841022  0.04968330
   0.30509900  0.24623686  0.45055369
   0.30509900  0.74623686  0.95055369
   0.79485059  0.75135248  0.54968219
   0.79485059  0.25135248  0.04968219
   0.59905296  0.54599768  0.05543895
   0.30924959  0.30789623  0.40717750
   0.52050681  0.47365777  0.13705222
   0.30610533  0.18864675  0.30116359
   0.50389772  0.49456926  0.25009051
   0.01960311  0.96390001  0.04031455
   0.09684330  0.05148983  0.14819804
   0.59905296  0.04599768  0.55543893
   0.30924959  0.80789623  0.90717750
   0.52050681  0.97365780  0.63705221
   0.30610533  0.68864672  0.80116359
   0.50389772  0.99456928  0.75009054
   0.01960311  0.46390004  0.54031454
   0.09684330  0.55148988  0.64819807
   0.12569235  0.43522058  0.95021417
   0.81919667  0.67991798  0.59603634
   0.03196621  0.50962422  0.86060644
   0.77893844  0.80425237  0.69486886
   0.00358752  0.50560891  0.74799414
   0.52520745  0.03746632  0.96381461
   0.55458937  0.98697300  0.85447123
   0.12569235  0.93522061  0.45021414
   0.81919667  0.17991798  0.09603635
   0.03196621  0.00962424  0.36060644
   0.77893844  0.30425237  0.19486886
   0.00358752  0.00560894  0.24799415
   0.52520745  0.53746634  0.46381458
   0.55458937  0.48697306  0.35447126
   0.09906284  0.45372560  0.05543398
   0.80917907  0.69252368  0.40717271
   0.02052717  0.52582017  0.13705155
   0.80614853  0.81146220  0.30116939
   0.00391036  0.50547118  0.25009184
   0.51961012  0.03588797  0.04031670
   0.59687303  0.94796223  0.14819340
   0.09906284  0.95372557  0.55543402
   0.80917907  0.19252369  0.90717274
   0.02052717  0.02582014  0.63705152
   0.80614853  0.31146223  0.80116936
   0.00391036  0.00547118  0.75009184
   0.51961012  0.53588798  0.54031667
   0.59687303  0.44796223  0.64819343
   0.62570349  0.56502108  0.95021343
   0.31914009  0.31967449  0.59603948
   0.53201088  0.49100270  0.86060401
   0.27899629  0.19538043  0.69486038
   0.50362968  0.49438933  0.74800059
   0.02520332  0.96269768  0.96381205
   0.05467668  0.01365389  0.85446222
   0.62570349  0.06502103  0.45021349
   0.31914009  0.81967449  0.09603950
   0.53201088  0.99100267  0.36060398
   0.27899629  0.69538043  0.19486034
   0.50362968  0.99438933  0.24800056
   0.02520332  0.46269771  0.46381205
   0.05467668  0.51365391  0.35446228
   0.32783279  0.17008696  0.50197223
   0.32783279  0.67008702  1.00197226
   0.82782688  0.82988656  0.50197041
   0.82782688  0.32988662  0.00197041
   0.28747274  0.24104522  0.34410308
   0.28747274  0.74104522  0.84410311
   0.78751629  0.75950311  0.34412298
   0.78751629  0.25950311  0.84412298
