   0.24931020  0.24698852  0.10448876
   0.24601460  0.26979423  0.22141329
   0.24931020  0.74698852  0.60448877
   0.24601460  0.76979426  0.72141325
   0.75885290  0.75108191  0.89017956
   0.72232549  0.72241802  0.78216438
   0.75885290  0.25108191  0.39017959
   0.72232549  0.22241803  0.28216432
   0.74949591  0.75214753  0.10452891
   0.74580813  0.73043226  0.22140496
   0.74949591  0.25214756  0.60452893
   0.74580813  0.23043224  0.72140499
   0.25943332  0.24963644  0.89011556
   0.22197553  0.27769579  0.78220905
   0.25943332  0.74963647  0.39011559
   0.22197553  0.77769576  0.28220908
   0.24909844  0.24687679 -0.00119074
   0.24909844  0.74687679  0.49880926
   0.74921466  0.75309316  0.99870355
   0.74921466  0.25309316  0.49870349
   0.79250891  0.75123869  0.65316662
   0.79250891  0.25123871  0.15316664
   0.79762644  0.75191452  0.44993159
   0.79762644  0.25191452  0.94993156
   0.29310359  0.24868851  0.54946980
   0.29257004  0.24785032  0.65313762
   0.29257004  0.74785032  0.15313762
   0.29310359  0.74868849  0.04946979
   0.29756456  0.24813382  0.44994379
   0.29756456  0.74813382  0.94994379
   0.79299628  0.75117388  0.54945967
   0.79299628  0.25117388  0.04945967
   0.60021217  0.54867407  0.05481809
   0.31101808  0.31025347  0.40621122
   0.52311172  0.47342314  0.13725132
   0.30532697  0.18522765  0.30161625
   0.50386162  0.49491801  0.25093499
   0.01591524  0.96224052  0.03971250
   0.09980635  0.05143177  0.14831484
   0.60021217  0.04867407  0.55481807
   0.31101808  0.81025347  0.90621122
   0.52311172  0.97342317  0.63725130
   0.30532697  0.68522762  0.80161625
   0.50386162  0.99491804  0.75093502
   0.01591524  0.46224055  0.53971250
   0.09980635  0.55143182  0.64831487
   0.11248118  0.44122587  0.94963500
   0.82004022  0.67997047  0.59577177
   0.02889407  0.52297383  0.86133501
   0.78242624  0.80295499  0.69527677
   0.00374908  0.50523926  0.74872015
   0.51866927  0.03650730  0.96307286
   0.58927142  0.95975756  0.85184278
   0.11248118  0.94122590  0.44963497
   0.82004022  0.17997047  0.09577178
   0.02889407  0.02297386  0.36133501
   0.78242624  0.30295499  0.19527677
   0.00374908  0.00523929  0.24872017
   0.51866927  0.53650732  0.46307283
   0.58927142  0.45975762  0.35184281
   0.10027235  0.45107200  0.05474119
   0.81030148  0.69032063  0.40618976
   0.02310197  0.52562618  0.13727939
   0.80586311  0.81505152  0.30164334
   0.00380402  0.50509697  0.25093555
   0.51561994  0.03794494  0.03978121
   0.59991689  0.94757679  0.14832453
   0.10027235  0.95107197  0.55474123
   0.81030148  0.19032064  0.90618979
   0.02310197  0.02562615  0.63727936
   0.80586311  0.31505155  0.80164331
   0.00380402  0.00509698  0.75093555
   0.51561994  0.53794495  0.53978118
   0.59991689  0.44757679  0.64832456
   0.61257562  0.55893999  0.94965298
   0.31959280  0.31942590  0.59578615
   0.52891793  0.47818311  0.86128893
   0.28287410  0.19630251  0.69529689
   0.50384981  0.49477196  0.74873361
   0.01851806  0.96333031  0.96299447
   0.08964498  0.04159943  0.85177032
   0.61257562  0.05893995  0.44965304
   0.31959280  0.81942590  0.09578617
   0.52891793  0.97818308  0.36128890
   0.28287410  0.69630251  0.19529685
   0.50384981  0.99477196  0.24873358
   0.01851806  0.46333034  0.46299447
   0.08964498  0.54159945  0.35177038
   0.32377983  0.17058737  0.50147269
   0.32377983  0.67058743  1.00147272
   0.82358683  0.82924406  0.50146126
   0.82358683  0.32924412  0.00146126
   0.29244685  0.24775715  0.34447779
   0.29244685  0.74775715  0.84447782
   0.79265048  0.75320674  0.34452996
   0.79265048  0.25320674  0.84452996
