   0.24850740  0.24696947  0.10426756
   0.24678160  0.27047752  0.22068932
   0.24850740  0.74696947  0.60426757
   0.24678160  0.77047755  0.72068927
   0.76328335  0.75873035  0.88957580
   0.72173395  0.72216871  0.78145440
   0.76328335  0.25873035  0.38957583
   0.72173395  0.22216873  0.28145434
   0.74853151  0.75254412  0.10426822
   0.74672248  0.72975349  0.22069103
   0.74853151  0.25254415  0.60426825
   0.74672248  0.22975347  0.72069106
   0.26348181  0.24170394  0.88955416
   0.22164959  0.27780994  0.78146240
   0.26348181  0.74170397  0.38955419
   0.22164959  0.77780991  0.28146243
   0.25316937  0.24578772 -0.00103612
   0.25316937  0.74578772  0.49896388
   0.75317780  0.75417461  0.99896335
   0.75317780  0.25417461  0.49896329
   0.78995726  0.75130116  0.65277506
   0.78995726  0.25130117  0.15277507
   0.80290662  0.75325755  0.45040712
   0.80290662  0.25325755  0.95040709
   0.29423971  0.24845096  0.54960472
   0.28998626  0.24810217  0.65276041
   0.28998626  0.74810217  0.15276041
   0.29423971  0.74845094  0.04960471
   0.30289711  0.24694868  0.45041366
   0.30289711  0.74694868  0.95041366
   0.79422930  0.75127642  0.54960052
   0.79422930  0.25127642  0.04960052
   0.59934028  0.54681472  0.05517681
   0.31151893  0.30847859  0.40689633
   0.52096267  0.47370736  0.13707432
   0.30612741  0.18707950  0.30134662
   0.50399204  0.49461847  0.25035876
   0.01851112  0.96343430  0.04008644
   0.09695058  0.05116412  0.14811686
   0.59934028  0.04681472  0.55517679
   0.31151893  0.80847859  0.90689633
   0.52096267  0.97370739  0.63707431
   0.30612741  0.68707948  0.80134662
   0.50399204  0.99461849  0.75035879
   0.01851112  0.46343433  0.54008643
   0.09695058  0.55116417  0.64811689
   0.12156149  0.43734173  0.95006250
   0.81920269  0.67999208  0.59588540
   0.02969062  0.51575625  0.86092304
   0.77966409  0.80343671  0.69495660
   0.00381163  0.50552620  0.74826830
   0.52333111  0.03720519  0.96358826
   0.56864714  0.97577204  0.85349427
   0.12156149  0.93734176  0.45006247
   0.81920269  0.17999208  0.09588541
   0.02969062  0.01575627  0.36092304
   0.77966409  0.30343671  0.19495660
   0.00381163  0.00552623  0.24826832
   0.52333111  0.53720522  0.46358823
   0.56864714  0.47577210  0.35349430
   0.09934119  0.45287868  0.05517101
   0.81138286  0.69198433  0.40688964
   0.02097421  0.52567224  0.13707761
   0.80621274  0.81308008  0.30135374
   0.00399806  0.50542870  0.25036017
   0.51850221  0.03634024  0.04009290
   0.59698849  0.94819972  0.14811027
   0.09934119  0.95287865  0.55517105
   0.81138286  0.19198434  0.90688967
   0.02097421  0.02567221  0.63707758
   0.80621274  0.31308011  0.80135371
   0.00399806  0.00542871  0.75036017
   0.51850221  0.53634024  0.54009287
   0.59698849  0.44819972  0.64811030
   0.62156998  0.56289042  0.95006369
   0.31911427  0.31951582  0.59588967
   0.52973889  0.48502103  0.86091383
   0.27979912  0.19609930  0.69495449
   0.50386507  0.49448801  0.74827547
   0.02331646  0.96293215  0.96358183
   0.06880743  0.02506481  0.85346696
   0.62156998  0.06289037  0.45006375
   0.31911427  0.81951582  0.09588968
   0.52973889  0.98502100  0.36091380
   0.27979912  0.69609930  0.19495444
   0.50386507  0.99448801  0.24827544
   0.02331646  0.46293218  0.46358183
   0.06880743  0.52506483  0.35346702
   0.32663749  0.17029078  0.50179646
   0.32663749  0.67029084  1.00179649
   0.82662745  0.82965664  0.50179476
   0.82662745  0.32965670  0.00179476
   0.28923783  0.24371178  0.34424832
   0.28923783  0.74371178  0.84424835
   0.78931902  0.75696105  0.34427301
   0.78931902  0.25696105  0.84427301
