   0.25189760  0.24701752  0.10531654
   0.24323093  0.27081365  0.22165283
   0.25189760  0.74701752  0.60531656
   0.24323093  0.77081368  0.72165278
   0.75757146  0.74754201  0.89066964
   0.72774462  0.72018237  0.78248810
   0.75757146  0.24754201  0.39066967
   0.72774462  0.22018239  0.28248804
   0.75133961  0.75282100  0.10557138
   0.74186143  0.73004708  0.22154731
   0.75133961  0.25282102  0.60557140
   0.74186143  0.23004707  0.72154734
   0.25809776  0.25250429  0.89044314
   0.22566192  0.27931049  0.78267427
   0.25809776  0.75250432  0.39044317
   0.22566192  0.77931046  0.28267430
   0.24448911  0.24495179 -0.00088479
   0.24448911  0.74495179  0.49911521
   0.74476023  0.75580552  0.99752002
   0.74476023  0.25580552  0.49751996
   0.79564906  0.75073441  0.65374280
   0.79564906  0.25073442  0.15374281
   0.79344620  0.75156588  0.44852712
   0.79344620  0.25156588  0.94852709
   0.29171384  0.24781197  0.54962801
   0.29538003  0.24845174  0.65353293
   0.29538003  0.74845174  0.15353293
   0.29171384  0.74781195  0.04962800
   0.29189605  0.24775962  0.44852202
   0.29189605  0.74775962  0.94852202
   0.79099913  0.75296438  0.54960302
   0.79099913  0.25296438  0.04960301
   0.60245230  0.55296286  0.05530622
   0.31367955  0.31546783  0.40537285
   0.52607051  0.47300328  0.13758755
   0.29860292  0.18050839  0.30208771
   0.50300026  0.49472046  0.25108326
   0.01167438  0.95888922  0.03920540
   0.10451595  0.05336761  0.14962423
   0.60245230  0.05296287  0.55530620
   0.31367955  0.81546783  0.90537285
   0.52607051  0.97300331  0.63758753
   0.29860292  0.68050836  0.80208771
   0.50300026  0.99472049  0.75108329
   0.01167438  0.45888925  0.53920539
   0.10451595  0.55336767  0.64962426
   0.10354036  0.44435533  0.94742549
   0.82004781  0.68013621  0.59607482
   0.02959686  0.52666521  0.86243311
   0.78775372  0.80865441  0.69584525
   0.00272641  0.50401810  0.74852182
   0.51204758  0.03770758  0.96244160
   0.60325338  0.94846027  0.85047545
   0.10354036  0.94435536  0.44742546
   0.82004781  0.18013621  0.09607484
   0.02959686  0.02666523  0.36243311
   0.78775372  0.30865441  0.19584525
   0.00272641  0.00401813  0.24852183
   0.51204758  0.53770760  0.46244157
   0.60325338  0.44846033  0.35047548
   0.10599981  0.44460291  0.05439143
   0.81370320  0.68516114  0.40511327
   0.02619803  0.52495408  0.13767819
   0.80091055  0.81972050  0.30229186
   0.00258068  0.50556991  0.25103465
   0.50833349  0.04351554  0.03983837
   0.60567107  0.94473485  0.15006403
   0.10599981  0.94460288  0.55439147
   0.81370320  0.18516116  0.90511330
   0.02619803  0.02495406  0.63767816
   0.80091055  0.31972052  0.80229183
   0.00258068  0.00556992  0.75103465
   0.50833349  0.54351554  0.53983835
   0.60567107  0.44473485  0.65006406
   0.60554417  0.55717971  0.94813288
   0.32180607  0.31978947  0.59636079
   0.52957331  0.47534460  0.86237054
   0.28950429  0.19038910  0.69567474
   0.50287416  0.49595079  0.74858680
   0.01010587  0.96001392  0.96179299
   0.10450415  0.05363617  0.85003708
   0.60554417  0.05717967  0.44813294
   0.32180607  0.81978947  0.09636081
   0.52957331  0.97534457  0.36237051
   0.28950429  0.69038910  0.19567469
   0.50287416  0.99595079  0.24858677
   0.01010587  0.46001395  0.46179299
   0.10450415  0.55363619  0.35003714
   0.31976607  0.16609311  0.50112534
   0.31976607  0.66609317  1.00112537
   0.82030588  0.83348770  0.50098544
   0.82030588  0.33348776  0.00098544
   0.29400096  0.25027088  0.34512644
   0.29400096  0.75027088  0.84512647
   0.79391696  0.75038496  0.34535600
   0.79391696  0.25038496  0.84535600
