   0.24926233  0.24699590  0.10447256
   0.24608781  0.26980258  0.22137823
   0.24926233  0.74699590  0.60447257
   0.24608781  0.76980261  0.72137819
   0.75895582  0.75136937  0.89015698
   0.72229125  0.72243393  0.78213473
   0.75895582  0.25136937  0.39015701
   0.72229125  0.22243395  0.28213467
   0.74945934  0.75216502  0.10450802
   0.74588216  0.73043290  0.22137136
   0.74945934  0.25216505  0.60450804
   0.74588216  0.23043288  0.72137139
   0.25950952  0.24934154  0.89009589
   0.22197244  0.27767156  0.78217578
   0.25950952  0.74934157  0.39009592
   0.22197244  0.77767153  0.28217581
   0.24933071  0.24682133 -0.00117926
   0.24933071  0.74682133  0.49882074
   0.74942965  0.75314570  0.99872997
   0.74942965  0.25314570  0.49872991
   0.79234725  0.75126812  0.65315582
   0.79234725  0.25126813  0.15315583
   0.79788417  0.75196394  0.44996247
   0.79788417  0.25196394  0.94996244
   0.29315653  0.24866683  0.54947779
   0.29238682  0.24781944  0.65316025
   0.29238682  0.74781944  0.15316025
   0.29315653  0.74866682  0.04947778
   0.29783054  0.24809953  0.44997556
   0.29783054  0.74809953  0.94997556
   0.79306273  0.75116567  0.54947483
   0.79306273  0.25116567  0.04947483
   0.60014766  0.54856773  0.05482633
   0.31107619  0.31013066  0.40625195
   0.52295591  0.47345201  0.13723661
   0.30539578  0.18537736  0.30161992
   0.50389159  0.49489939  0.25090649
   0.01605496  0.96231856  0.03972746
   0.09964068  0.05137749  0.14829107
   0.60014766  0.04856774  0.55482631
   0.31107619  0.81013066  0.90625195
   0.52295591  0.97345204  0.63723660
   0.30539578  0.68537733  0.80161992
   0.50389159  0.99489942  0.75090652
   0.01605496  0.46231859  0.53972745
   0.09964068  0.55137755  0.64829110
   0.11293948  0.44103338  0.94966438
   0.81997504  0.67998319  0.59576723
   0.02886091  0.52270948  0.86132079
   0.78225585  0.80287907  0.69524631
   0.00377312  0.50525669  0.74870211
   0.51891271  0.03654429  0.96309958
   0.58842459  0.96038382  0.85192177
   0.11293948  0.94103341  0.44966435
   0.81997504  0.17998319  0.09576725
   0.02886091  0.02270950  0.36132079
   0.78225585  0.30287907  0.19524631
   0.00377312  0.00525672  0.24870213
   0.51891271  0.53654431  0.46309955
   0.58842459  0.46038388  0.35192180
   0.10019801  0.45117933  0.05475869
   0.81040592  0.69043590  0.40623263
   0.02297683  0.52565323  0.13726292
   0.80589063  0.81489794  0.30164437
   0.00383327  0.50510777  0.25090725
   0.51579092  0.03781987  0.03978981
   0.59968925  0.94761001  0.14829773
   0.10019801  0.95117930  0.55475873
   0.81040592  0.19043591  0.90623266
   0.02297683  0.02565320  0.63726289
   0.80589063  0.31489797  0.80164434
   0.00383327  0.00510778  0.75090725
   0.51579092  0.53781988  0.53978979
   0.59968925  0.44761001  0.64829776
   0.61302325  0.55913405  0.94968008
   0.31955443  0.31941238  0.59578695
   0.52888475  0.47842433  0.86127718
   0.28269092  0.19643311  0.69523205
   0.50388114  0.49475675  0.74871479
   0.01877726  0.96332706  0.96302939
   0.08878167  0.04093903  0.85185350
   0.61302325  0.05913401  0.44968014
   0.31955443  0.81941238  0.09578697
   0.52888475  0.97842430  0.36127715
   0.28269092  0.69643311  0.19523200
   0.50388114  0.99475675  0.24871476
   0.01877726  0.46332709  0.46302939
   0.08878167  0.54093905  0.35185356
   0.32391703  0.17059730  0.50148489
   0.32391703  0.67059736  1.00148492
   0.82373987  0.82924668  0.50147392
   0.82373987  0.32924674  0.00147392
   0.29230687  0.24756216  0.34444512
   0.29230687  0.74756216  0.84444515
   0.79250412  0.75338645  0.34449567
   0.79250412  0.25338645  0.84449567
