   0.24922266  0.24720035  0.10415497
   0.24581314  0.27131672  0.21972701
   0.24922266  0.74720035  0.60415498
   0.24581314  0.77131675  0.71972696
   0.77512785  0.76824448  0.88870404
   0.72237818  0.72228144  0.78041888
   0.77512785  0.26824448  0.38870407
   0.72237818  0.22228146  0.28041882
   0.74922124  0.75253793  0.10415366
   0.74579883  0.72884391  0.21972929
   0.74922124  0.25253796  0.60415368
   0.74579883  0.22884389  0.71972932
   0.27512923  0.23197958  0.88870489
   0.22235228  0.27759753  0.78042039
   0.27512923  0.73197961  0.38870492
   0.22235228  0.77759750  0.28042042
   0.25671994  0.24472690 -0.00086215
   0.25671994  0.74472690  0.49913785
   0.75673134  0.75529310  0.99913810
   0.75673134  0.25529310  0.49913804
   0.78978611  0.75104071  0.65249072
   0.78978611  0.25104073  0.15249074
   0.80673382  0.75465080  0.45074409
   0.80673382  0.25465080  0.95074406
   0.29572441  0.24839375  0.54987177
   0.28979364  0.24857744  0.65247806
   0.28979364  0.74857744  0.15247806
   0.29572441  0.74839373  0.04987176
   0.30673782  0.24556493  0.45074975
   0.30673782  0.74556493  0.95074975
   0.79571942  0.75144417  0.54987072
   0.79571942  0.25144417  0.04987072
   0.59838543  0.54461937  0.05586415
   0.30217415  0.30741667  0.40750516
   0.52068092  0.47347456  0.13705368
   0.30569134  0.19134872  0.30084120
   0.50374742  0.49452676  0.24969783
   0.02106300  0.96472776  0.04067613
   0.09816145  0.05245352  0.14840492
   0.59838543  0.04461938  0.55586412
   0.30217415  0.80741667  0.90750516
   0.52068092  0.97347459  0.63705367
   0.30569134  0.69134869  0.80084120
   0.50374742  0.99452679  0.74969786
   0.02106300  0.46472779  0.54067612
   0.09816145  0.55245357  0.64840495
   0.12954429  0.43269892  0.95046526
   0.81967659  0.67972616  0.59631760
   0.03604636  0.50150973  0.86020006
   0.77903649  0.80533008  0.69471988
   0.00305271  0.50558257  0.74757147
   0.52670383  0.03760430  0.96415267
   0.54007205  0.99823230  0.85522927
   0.12954429  0.93269895  0.45046523
   0.81967659  0.17972616  0.09631762
   0.03604636  0.00150975  0.36020006
   0.77903649  0.30533008  0.19471988
   0.00305271  0.00558260  0.24757148
   0.52670383  0.53760432  0.46415264
   0.54007205  0.49823236  0.35522930
   0.09839683  0.45517215  0.05585821
   0.80217957  0.69292917  0.40750162
   0.02070472  0.52613101  0.13705026
   0.80571684  0.80868496  0.30084606
   0.00376072  0.50547504  0.24969981
   0.52107636  0.03512621  0.04067725
   0.59817861  0.94711520  0.14840187
   0.09839683  0.95517212  0.55585825
   0.80217957  0.19292918  0.90750164
   0.02070472  0.02613099  0.63705023
   0.80571684  0.30868499  0.80084603
   0.00376072  0.00547505  0.74969981
   0.52107636  0.53512622  0.54067722
   0.59817861  0.44711520  0.64840190
   0.62955624  0.56754873  0.95046402
   0.31962885  0.31997666  0.59631933
   0.53608746  0.49894089  0.86020132
   0.27902029  0.19439015  0.69471513
   0.50308464  0.49437895  0.74757686
   0.02670915  0.96258154  0.96415300
   0.04012106  0.00219700  0.85522982
   0.62955624  0.06754869  0.45046408
   0.31962885  0.81997666  0.09631934
   0.53608746  0.99894086  0.36020129
   0.27902029  0.69439015  0.19471509
   0.50308464  0.99437895  0.24757683
   0.02670915  0.46258157  0.46415300
   0.04012106  0.50219703  0.35522988
   0.32885711  0.16986247  0.50224429
   0.32885711  0.66986253  1.00224432
   0.82885344  0.83015442  0.50224257
   0.82885344  0.33015448  0.00224257
   0.28551906  0.23879235  0.34380466
   0.28551906  0.73879235  0.84380469
   0.78552278  0.76159777  0.34382037
   0.78552278  0.26159777  0.84382037
