   0.25286454  0.24723727  0.10550267
   0.24206333  0.27101246  0.22142219
   0.25286454  0.74723727  0.60550268
   0.24206333  0.77101249  0.72142214
   0.75693446  0.74711476  0.89084267
   0.72982655  0.71950826  0.78226603
   0.75693446  0.24711476  0.39084270
   0.72982655  0.21950827  0.28226597
   0.75110589  0.75253982  0.10579492
   0.74043907  0.73021853  0.22129287
   0.75110589  0.25253985  0.60579494
   0.74043907  0.23021851  0.72129290
   0.25682600  0.25282776  0.89057201
   0.22749333  0.27970362  0.78245076
   0.25682600  0.75282779  0.39057204
   0.22749333  0.77970359  0.28245079
   0.24410733  0.24452698 -0.00074562
   0.24410733  0.74452698  0.49925438
   0.74379341  0.75682301  0.99736385
   0.74379341  0.25682301  0.49736379
   0.79533970  0.75152038  0.65434093
   0.79533970  0.25152040  0.15434095
   0.79307648  0.75247326  0.44900337
   0.79307648  0.25247326  0.94900334
   0.29146276  0.24718295  0.54943209
   0.29511431  0.24798170  0.65396837
   0.29511431  0.74798170  0.15396837
   0.29146276  0.74718294  0.04943208
   0.29090252  0.24610554  0.44923114
   0.29090252  0.74610554  0.94923114
   0.78969564  0.75427800  0.54938300
   0.78969564  0.25427800  0.04938299
   0.60287843  0.55388897  0.05549931
   0.31557919  0.31768683  0.40448457
   0.52639528  0.47273455  0.13755600
   0.29684527  0.18096404  0.30240031
   0.50279642  0.49426699  0.25101971
   0.01094530  0.95827466  0.03906863
   0.10479250  0.05387155  0.14994187
   0.60287843  0.05388898  0.55549929
   0.31557919  0.81768683  0.90448457
   0.52639528  0.97273458  0.63755599
   0.29684527  0.68096401  0.80240031
   0.50279642  0.99426702  0.75101974
   0.01094530  0.45827469  0.53906862
   0.10479250  0.55387160  0.64994190
   0.10288683  0.44462817  0.94654562
   0.82001511  0.67964954  0.59637100
   0.02912338  0.52704619  0.86279267
   0.78905042  0.80919379  0.69541123
   0.00281461  0.50336447  0.74840694
   0.51095342  0.03880997  0.96228562
   0.60428216  0.94771536  0.85035467
   0.10288683  0.94462820  0.44654559
   0.82001511  0.17964954  0.09637102
   0.02912338  0.02704621  0.36279267
   0.78905042  0.30919379  0.19541123
   0.00281461  0.00336450  0.24840695
   0.51095342  0.53880999  0.46228559
   0.60428216  0.44771542  0.35035470
   0.10769977  0.44186755  0.05429468
   0.81659180  0.68297698  0.40426682
   0.02646341  0.52479099  0.13769293
   0.79935517  0.81914116  0.30266233
   0.00235179  0.50607841  0.25097517
   0.50728271  0.04495504  0.03996122
   0.60640985  0.94433541  0.15051658
   0.10769977  0.94186752  0.55429473
   0.81659180  0.18297700  0.90426685
   0.02646341  0.02479096  0.63769290
   0.79935517  0.31914119  0.80266230
   0.00235179  0.00607842  0.75097517
   0.50728271  0.54495504  0.53996120
   0.60640985  0.44433541  0.65051661
   0.60617196  0.55789470  0.94752832
   0.32359435  0.32069427  0.59686486
   0.52879278  0.47543882  0.86271737
   0.29115676  0.18977247  0.69520456
   0.50297341  0.49659703  0.74850037
   0.00801575  0.95791415  0.96150378
   0.10598597  0.05433262  0.84983885
   0.60617196  0.05789466  0.44752838
   0.32359435  0.82069427  0.09686488
   0.52879278  0.97543879  0.36271734
   0.29115676  0.68977247  0.19520452
   0.50297341  0.99659703  0.24850034
   0.00801575  0.45791418  0.46150378
   0.10598597  0.55433264  0.34983890
   0.31894827  0.16412602  0.50114020
   0.31894827  0.66412608  1.00114023
   0.81984480  0.83560773  0.50101443
   0.81984480  0.33560779  0.00101443
   0.29419802  0.25013563  0.34535612
   0.29419802  0.75013563  0.84535615
   0.79375948  0.75019148  0.34570192
   0.79375948  0.25019148  0.84570192
