   0.24887231  0.24708211  0.10414781
   0.24623065  0.27127039  0.21990503
   0.24887231  0.74708211  0.60414783
   0.24623065  0.77127042  0.71990498
   0.77374181  0.76781633  0.88877334
   0.72225092  0.72219044  0.78061132
   0.77374181  0.26781633  0.38877337
   0.72225092  0.22219046  0.28061126
   0.74887802  0.75260985  0.10414776
   0.74620879  0.72892255  0.21990941
   0.74887802  0.25260988  0.60414779
   0.74620879  0.22892254  0.71990944
   0.27374964  0.23246213  0.88877909
   0.22221862  0.27770902  0.78061486
   0.27374964  0.73246216  0.38877912
   0.22221862  0.77770899  0.28061489
   0.25636873  0.24485623 -0.00093342
   0.25636873  0.74485623  0.49906658
   0.75638197  0.75515532  0.99906069
   0.75638197  0.25515532  0.49906063
   0.78945031  0.75115930  0.65255371
   0.78945031  0.25115932  0.15255372
   0.80660198  0.75456567  0.45067441
   0.80660198  0.25456567  0.95067438
   0.29545227  0.24834724  0.54979154
   0.28945692  0.24841639  0.65254233
   0.28945692  0.74841639  0.15254233
   0.29545227  0.74834723  0.04979153
   0.30660438  0.24564979  0.45067957
   0.30660438  0.74564979  0.95067957
   0.79544326  0.75146382  0.54979111
   0.79544326  0.25146382  0.04979111
   0.59868513  0.54516781  0.05571219
   0.30487056  0.30751961  0.40739656
   0.52043517  0.47352942  0.13705736
   0.30589010  0.19058716  0.30097215
   0.50380796  0.49452412  0.24984274
   0.02050661  0.96436970  0.04054249
   0.09746586  0.05208164  0.14833747
   0.59868513  0.04516782  0.55571217
   0.30487056  0.80751961  0.90739656
   0.52043517  0.97352945  0.63705734
   0.30589010  0.69058713  0.80097215
   0.50380796  0.99452415  0.74984277
   0.02050661  0.46436973  0.54054248
   0.09746586  0.55208169  0.64833750
   0.12879948  0.43335106  0.95035762
   0.81939225  0.67980717  0.59621266
   0.03496062  0.50347512  0.86029984
   0.77877958  0.80502658  0.69478108
   0.00329249  0.50561083  0.74773009
   0.52647415  0.03762497  0.96401710
   0.54292447  0.99619317  0.85514531
   0.12879948  0.93335109  0.45035759
   0.81939225  0.17980717  0.09621267
   0.03496062  0.00347514  0.36029984
   0.77877958  0.30502658  0.19478108
   0.00329249  0.00561086  0.24773010
   0.52647415  0.53762499  0.46401707
   0.54292447  0.49619323  0.35514534
   0.09870105  0.45459297  0.05570631
   0.80484877  0.69286005  0.40739286
   0.02045513  0.52602508  0.13705442
   0.80592423  0.80947181  0.30097724
   0.00382550  0.50549154  0.24984465
   0.52051533  0.03546088  0.04054354
   0.59748995  0.94745075  0.14833441
   0.09870105  0.95459294  0.55570636
   0.80484877  0.19286006  0.90739289
   0.02045513  0.02602505  0.63705439
   0.80592423  0.30947184  0.80097721
   0.00382550  0.00549155  0.74984465
   0.52051533  0.53546088  0.54054352
   0.59748995  0.44745075  0.64833444
   0.62881086  0.56689398  0.95035697
   0.31934455  0.31985646  0.59621508
   0.53499159  0.49702150  0.86030062
   0.27878191  0.19466536  0.69477367
   0.50332259  0.49436552  0.74773580
   0.02648071  0.96255666  0.96401601
   0.04297879  0.00429473  0.85514804
   0.62881086  0.06689394  0.45035703
   0.31934455  0.81985646  0.09621510
   0.53499159  0.99702147  0.36030059
   0.27878191  0.69466536  0.19477362
   0.50332259  0.99436552  0.24773577
   0.02648071  0.46255669  0.46401601
   0.04297879  0.50429475  0.35514810
   0.32861178  0.16991897  0.50213424
   0.32861178  0.66991903  1.00213427
   0.82861161  0.83007939  0.50213242
   0.82861161  0.33007945  0.00213242
   0.28605019  0.23907073  0.34393161
   0.28605019  0.73907073  0.84393164
   0.78606014  0.76137854  0.34394882
   0.78606014  0.26137854  0.84394882
