   0.24924528  0.24720782  0.10415509
   0.24579747  0.27131603  0.21972062
   0.24924528  0.74720782  0.60415510
   0.24579747  0.77131606  0.71972057
   0.77514899  0.76823980  0.88870158
   0.72237870  0.72228495  0.78041158
   0.77514899  0.26823980  0.38870161
   0.72237870  0.22228497  0.28041152
   0.74924378  0.75253265  0.10415374
   0.74578301  0.72884330  0.21972289
   0.74924378  0.25253268  0.60415376
   0.74578301  0.22884329  0.71972292
   0.27515044  0.23198224  0.88870234
   0.22235327  0.27759192  0.78041296
   0.27515044  0.73198227  0.38870237
   0.22235327  0.77759189  0.28041299
   0.25671725  0.24472707 -0.00085849
   0.25671725  0.74472707  0.49914151
   0.75672862  0.75529299  0.99914194
   0.75672862  0.25529299  0.49914188
   0.78980835  0.75103359  0.65248673
   0.78980835  0.25103361  0.15248674
   0.80672123  0.75465163  0.45074786
   0.80672123  0.25465163  0.95074783
   0.29573055  0.24839562  0.54987579
   0.28981573  0.24858598  0.65247426
   0.28981573  0.74858598  0.15247426
   0.29573055  0.74839561  0.04987578
   0.30672539  0.24556396  0.45075354
   0.30672539  0.74556396  0.95075354
   0.79572567  0.75144347  0.54987477
   0.79572567  0.25144347  0.04987476
   0.59836957  0.54459634  0.05586938
   0.30209601  0.30741922  0.40750783
   0.52069756  0.47347230  0.13705295
   0.30568293  0.19136282  0.30083539
   0.50374399  0.49452572  0.24969397
   0.02108157  0.96474346  0.04068069
   0.09819875  0.05247114  0.14840738
   0.59836957  0.04459635  0.55586936
   0.30209601  0.80741922  0.90750783
   0.52069756  0.97347233  0.63705293
   0.30568293  0.69136279  0.80083539
   0.50374399  0.99452575  0.74969400
   0.02108157  0.46474349  0.54068068
   0.09819875  0.55247120  0.64840741
   0.12954376  0.43268744  0.95046913
   0.81969089  0.67972371  0.59632099
   0.03605101  0.50149624  0.86019695
   0.77905478  0.80534348  0.69472039
   0.00304329  0.50558075  0.74756706
   0.52669935  0.03759918  0.96415722
   0.54004597  0.99824307  0.85522904
   0.12954376  0.93268747  0.45046910
   0.81969089  0.17972371  0.09632100
   0.03605101  0.00149626  0.36019695
   0.77905478  0.30534348  0.19472039
   0.00304329  0.00558078  0.24756708
   0.52669935  0.53759920  0.46415719
   0.54004597  0.49824313  0.35522907
   0.09838069  0.45519651  0.05586349
   0.80210215  0.69292524  0.40750429
   0.02072177  0.52613551  0.13704951
   0.80570787  0.80867001  0.30084024
   0.00375729  0.50547526  0.24969591
   0.52109510  0.03511135  0.04068180
   0.59821526  0.94709875  0.14840431
   0.09838069  0.95519648  0.55586353
   0.80210215  0.19292525  0.90750432
   0.02072177  0.02613548  0.63704948
   0.80570787  0.30867004  0.80084021
   0.00375729  0.00547526  0.74969591
   0.52109510  0.53511136  0.54068178
   0.59821526  0.44709875  0.64840434
   0.62955576  0.56756009  0.95046783
   0.31964322  0.31998075  0.59632272
   0.53609234  0.49895285  0.86019820
   0.27903828  0.19437819  0.69471552
   0.50307508  0.49438014  0.74757244
   0.02670478  0.96258687  0.96415763
   0.04009492  0.00218462  0.85522947
   0.62955576  0.06756005  0.45046789
   0.31964322  0.81998075  0.09632273
   0.53609234  0.99895282  0.36019817
   0.27903828  0.69437819  0.19471547
   0.50307508  0.99438014  0.24757241
   0.02670478  0.46258690  0.46415763
   0.04009492  0.50218464  0.35522953
   0.32885807  0.16986136  0.50224746
   0.32885807  0.66986142  1.00224748
   0.82885426  0.83015624  0.50224573
   0.82885426  0.33015630  0.00224573
   0.28551290  0.23879646  0.34380107
   0.28551290  0.73879646  0.84380110
   0.78551681  0.76159172  0.34381675
   0.78551681  0.26159172  0.84381675
