   0.24957332  0.24697040  0.10456293
   0.24572573  0.26975334  0.22154405
   0.24957332  0.74697040  0.60456294
   0.24572573  0.76975337  0.72154401
   0.75856893  0.74999962  0.89024601
   0.72260032  0.72237422  0.78226602
   0.75856893  0.24999962  0.39024604
   0.72260032  0.22237423  0.28226596
   0.74983678  0.75211221  0.10462384
   0.74544335  0.73047913  0.22152930
   0.74983678  0.25211224  0.60462386
   0.74544335  0.23047911  0.72152933
   0.25924734  0.25072685  0.89016754
   0.22211943  0.27775570  0.78233021
   0.25924734  0.75072688  0.39016757
   0.22211943  0.77775567  0.28233024
   0.24823127  0.24702156 -0.00121751
   0.24823127  0.74702156  0.49878249
   0.74840346  0.75297302  0.99859039
   0.74840346  0.25297302  0.49859033
   0.79320683  0.75125084  0.65329669
   0.79320683  0.25125086  0.15329670
   0.79651947  0.75166531  0.44978791
   0.79651947  0.25166531  0.94978788
   0.29289302  0.24873304  0.54945814
   0.29327057  0.24778082  0.65326421
   0.29327057  0.74778082  0.15326421
   0.29289302  0.74873302  0.04945813
   0.29639932  0.24829375  0.44980274
   0.29639932  0.74829375  0.94980274
   0.79270064  0.75123354  0.54945018
   0.79270064  0.25123354  0.04945018
   0.60050587  0.54919766  0.05479345
   0.31080043  0.31077612  0.40604480
   0.52371075  0.47335272  0.13731320
   0.30488193  0.18467798  0.30167716
   0.50372352  0.49497725  0.25104875
   0.01521985  0.96188041  0.03964185
   0.10071181  0.05155650  0.14843989
   0.60050587  0.04919766  0.55479343
   0.31080043  0.81077612  0.90604480
   0.52371075  0.97335275  0.63731319
   0.30488193  0.68467795  0.80167716
   0.50372352  0.99497728  0.75104878
   0.01521985  0.46188044  0.53964184
   0.10071181  0.55155655  0.64843992
   0.11056895  0.44196076  0.94947726
   0.82025185  0.67996835  0.59577583
   0.02907270  0.52396144  0.86142212
   0.78314831  0.80334998  0.69538090
   0.00358375  0.50517303  0.74878126
   0.51761257  0.03635537  0.96295177
   0.59261016  0.95724503  0.85154863
   0.11056895  0.94196079  0.44947723
   0.82025185  0.17996835  0.09577585
   0.02907270  0.02396146  0.36142212
   0.78314831  0.30334998  0.19538090
   0.00358375  0.00517306  0.24878128
   0.51761257  0.53635539  0.46295174
   0.59261016  0.45724509  0.35154866
   0.10065731  0.45052302  0.05466505
   0.80988342  0.68983798  0.40601676
   0.02372417  0.52561567  0.13734765
   0.80561641  0.81562737  0.30171401
   0.00364968  0.50504269  0.25104659
   0.51475284  0.03855933  0.03974349
   0.60082974  0.94726484  0.14846880
   0.10065731  0.95052299  0.55466509
   0.80988342  0.18983800  0.90601679
   0.02372417  0.02561564  0.63734762
   0.80561641  0.31562740  0.80171398
   0.00364968  0.00504270  0.75104659
   0.51475284  0.53855934  0.53974346
   0.60082974  0.44726484  0.64846883
   0.61073453  0.55820520  0.94951169
   0.31968294  0.31944675  0.59580443
   0.52908152  0.47729624  0.86136551
   0.28370932  0.19585861  0.69538260
   0.50369441  0.49482504  0.74879723
   0.01737137  0.96330607  0.96282784
   0.09307095  0.04425693  0.85145266
   0.61073453  0.05820516  0.44951175
   0.31968294  0.81944675  0.09580444
   0.52908152  0.97729621  0.36136548
   0.28370932  0.69585861  0.19538255
   0.50369441  0.99482504  0.24879720
   0.01737137  0.46330610  0.46282784
   0.09307095  0.54425696  0.35145272
   0.32315118  0.17047026  0.50139966
   0.32315118  0.67047032  1.00139969
   0.82289424  0.82929127  0.50138139
   0.82289424  0.32929133  0.00138139
   0.29306156  0.24837334  0.34450438
   0.29306156  0.74837334  0.84450441
   0.79329187  0.75264327  0.34457068
   0.79329187  0.25264327  0.84457068
