   0.25235318  0.24676135  0.10443167
   0.23920993  0.27313999  0.21976934
   0.25235318  0.74676135  0.60443168
   0.23920993  0.77314002  0.71976929
   0.74977027  0.75367346  0.89627179
   0.73610175  0.72453488  0.78099173
   0.74977027  0.25367346  0.39627182
   0.73610175  0.22453489  0.28099167
   0.75031621  0.75347473  0.10472805
   0.73686945  0.72848317  0.21965335
   0.75031621  0.25347476  0.60472807
   0.73686945  0.22848316  0.71965338
   0.24781439  0.24636492  0.89609920
   0.23368896  0.27376355  0.78112440
   0.24781439  0.74636495  0.39609923
   0.23368896  0.77376352  0.28112443
   0.24353571  0.24027409 -0.00235462
   0.24353571  0.74027409  0.49764538
   0.74346828  0.75985035  0.99587569
   0.74346828  0.25985035  0.49587563
   0.29522090  0.25039090  0.34686195
   0.29522090  0.75039090  0.84686198
   0.79509564  0.74994484  0.34718253
   0.79509564  0.24994484  0.84718253
   0.79526371  0.75026820  0.65315440
   0.79526371  0.25026821  0.15315442
   0.29107132  0.24640827  0.54920237
   0.29502056  0.24949166  0.65273736
   0.29502056  0.74949166  0.15273736
   0.29107132  0.74640825  0.04920236
   0.78926848  0.75502034  0.54926490
   0.78926848  0.25502034  0.04926490
   0.60297665  0.55276695  0.05644819
   0.32335156  0.32272605  0.40224563
   0.52702523  0.47292474  0.13800761
   0.29275103  0.18613031  0.30377312
   0.50266047  0.49467684  0.25139082
   0.01040590  0.95933234  0.03952915
   0.10446608  0.05301849  0.15076864
   0.60297665  0.05276696  0.55644816
   0.32335156  0.82272605  0.90224563
   0.52702523  0.97292477  0.63800759
   0.29275103  0.68613028  0.80377312
   0.50266047  0.99467687  0.75139085
   0.01040590  0.45933237  0.53952914
   0.10446608  0.55301854  0.65076867
   0.10648033  0.43956991  0.94497085
   0.82150520  0.67916977  0.59704530
   0.02702082  0.52728749  0.86185137
   0.79106878  0.81248409  0.69634525
   0.00257977  0.50422251  0.74861636
   0.51069027  0.04123000  0.96217892
   0.60495845  0.94688510  0.84883414
   0.10648033  0.93956994  0.44497082
   0.82150520  0.17916977  0.09704531
   0.02702082  0.02728751  0.36185137
   0.79106878  0.31248409  0.19634525
   0.00257977  0.00422254  0.24861637
   0.51069027  0.54123003  0.46217889
   0.60495845  0.44688516  0.34883417
   0.10730687  0.44196733  0.05518140
   0.82632033  0.67682228  0.40172911
   0.02719837  0.52471517  0.13812492
   0.79515330  0.81471105  0.30387809
   0.00242034  0.50544395  0.25130450
   0.50660229  0.04638885  0.04043470
   0.60620825  0.94495169  0.15130879
   0.10730687  0.94196730  0.55518145
   0.82632033  0.17682229  0.90172914
   0.02719837  0.02471514  0.63812489
   0.79515330  0.31471108  0.80387806
   0.00242034  0.00544395  0.75130450
   0.50660229  0.54638886  0.54043468
   0.60620825  0.44495169  0.65130882
   0.61176300  0.56440930  0.94643412
   0.32465594  0.32144550  0.59763304
   0.52748403  0.47520466  0.86174715
   0.29341853  0.18648122  0.69627045
   0.50259892  0.49572396  0.74871553
   0.00782291  0.95571275  0.96098254
   0.10656950  0.05497269  0.84823926
   0.61176300  0.06440926  0.44643418
   0.32465594  0.82144550  0.09763306
   0.52748403  0.97520463  0.36174712
   0.29341853  0.68648122  0.19627041
   0.50259892  0.99572396  0.24871550
   0.00782291  0.45571278  0.46098254
   0.10656950  0.55497271  0.34823932
   0.31743102  0.16081920  0.50089702
   0.31743102  0.66081926  1.00089705
   0.81793671  0.83769307  0.50111677
   0.81793671  0.33769313  0.00111677
   0.78978653  0.75261938  0.44956949
   0.78978653  0.25261938  0.94956946
   0.28731356  0.24564848  0.44943356
   0.28731356  0.74564848  0.94943356
