   0.25063533  0.25110729  0.10281716
   0.23268150  0.27356275  0.21927486
   0.25063533  0.75110729  0.60281718
   0.23268150  0.77356278  0.71927482
   0.74693658  0.75572134  0.89691636
   0.73068622  0.72600998  0.78098472
   0.74693658  0.25572134  0.39691639
   0.73068622  0.22600999  0.28098466
   0.75063627  0.74873644  0.10281517
   0.73263088  0.72655576  0.21927468
   0.75063627  0.24873647  0.60281520
   0.73263088  0.22655575  0.71927471
   0.24694339  0.24441156  0.89691745
   0.23063343  0.27391682  0.78098629
   0.24694339  0.74441159  0.39691748
   0.23063343  0.77391679  0.28098632
   0.24742217  0.24098825 -0.00431107
   0.24742217  0.74098825  0.49568893
   0.74741926  0.75901096  0.99569217
   0.74741926  0.25901096  0.49569211
   0.29474804  0.24945451  0.34833332
   0.29474804  0.74945451  0.84833334
   0.79475686  0.75075686  0.34834280
   0.79475686  0.25075686  0.84834280
   0.79594007  0.74818151  0.65166896
   0.79594007  0.24818152  0.15166898
   0.28982915  0.24887981  0.54876286
   0.29595001  0.25158476  0.65165857
   0.29595001  0.75158476  0.15165857
   0.28982915  0.74887979  0.04876285
   0.78982617  0.75102825  0.54876364
   0.78982617  0.25102825  0.04876364
   0.57887928  0.53000787  0.05675537
   0.32597834  0.31923313  0.40297129
   0.52585798  0.47177589  0.13682923
   0.29433130  0.18527614  0.30448705
   0.49902915  0.49476246  0.25114137
   0.02231083  0.97254308  0.03985591
   0.10961792  0.05781249  0.14994918
   0.57887928  0.03000788  0.55675534
   0.32597834  0.81923313  0.90297129
   0.52585798  0.97177592  0.63682921
   0.29433130  0.68527611  0.80448705
   0.49902915  0.99476249  0.75114140
   0.02231083  0.47254311  0.53985590
   0.10961792  0.55781254  0.64994921
   0.11595926  0.43662202  0.94730919
   0.82301560  0.67531744  0.59690366
   0.02711099  0.52624078  0.86300600
   0.79192694  0.81253257  0.69533412
  -0.00070923  0.50530522  0.74883032
   0.51895516  0.03691649  0.96140216
   0.60482745  0.94693114  0.84988314
   0.11595926  0.93662205  0.44730916
   0.82301560  0.17531744  0.09690367
   0.02711099  0.02624081  0.36300600
   0.79192694  0.31253257  0.19533412
  -0.00070923  0.00530525  0.24883034
   0.51895516  0.53691651  0.46140213
   0.60482745  0.44693120  0.34988317
   0.07888053  0.46987251  0.05675191
   0.82594424  0.68089275  0.40297216
   0.02587164  0.52797097  0.13682883
   0.79439947  0.81486221  0.30448839
  -0.00094735  0.50526161  0.25113768
   0.52232088  0.02738328  0.03985470
   0.60963639  0.94190391  0.14994540
   0.07888053  0.96987248  0.55675195
   0.82594424  0.18089276  0.90297219
   0.02587164  0.02797094  0.63682880
   0.79439947  0.31486224  0.80448836
  -0.00094735  0.00526161  0.75113768
   0.52232088  0.52738329  0.53985467
   0.60963639  0.44190391  0.64994543
   0.61597089  0.56352584  0.94731727
   0.32299137  0.32450290  0.59690346
   0.52711960  0.47397415  0.86300601
   0.29199097  0.18731197  0.69533268
   0.49931797  0.49469625  0.74883438
   0.01896871  0.96319955  0.96140509
   0.10484465  0.05332565  0.84988733
   0.61597089  0.06352580  0.44731733
   0.32299137  0.82450290  0.09690347
   0.52711960  0.97397412  0.36300598
   0.29199097  0.68731197  0.19533263
   0.49931797  0.99469625  0.24883435
   0.01896871  0.46319958  0.46140509
   0.10484465  0.55332567  0.34988739
   0.32246236  0.16716200  0.50078113
   0.32246236  0.66716206  1.00078116
   0.82247939  0.83285628  0.50077984
   0.82247939  0.33285634  0.00077984
   0.79149214  0.75419238  0.45010832
   0.79149214  0.25419238  0.95010829
   0.29148954  0.24592204  0.45010943
   0.29148954  0.74592204  0.95010943
