   0.25047184  0.24833848  0.10336717
   0.23787893  0.27268208  0.21963412
   0.25047184  0.74833848  0.60336718
   0.23787893  0.77268211  0.71963407
   0.74604723  0.75500965  0.89666524
   0.73571838  0.72664370  0.78116435
   0.74604723  0.25500965  0.39666527
   0.73571838  0.22664372  0.28116429
   0.75072212  0.75090057  0.10342002
   0.73730568  0.72731623  0.21960704
   0.75072212  0.25090060  0.60342004
   0.73730568  0.22731622  0.71960707
   0.24611567  0.24564423  0.89666491
   0.23511835  0.27342111  0.78120010
   0.24611567  0.74564425  0.39666494
   0.23511835  0.77342108  0.28120013
   0.24580305  0.24229383 -0.00436503
   0.24580305  0.74229383  0.49563497
   0.74597433  0.75775271  0.99557534
   0.74597433  0.25775271  0.49557528
   0.29433388  0.25022074  0.34794563
   0.29433388  0.75022074  0.84794566
   0.79439597  0.75048671  0.34796968
   0.79439597  0.25048671  0.84796968
   0.79495388  0.74915370  0.65232708
   0.79495388  0.24915372  0.15232709
   0.29031829  0.24852069  0.54878502
   0.29502140  0.25012719  0.65229919
   0.29502140  0.75012719  0.15229919
   0.29031829  0.74852068  0.04878501
   0.79020660  0.75140428  0.54878237
   0.79020660  0.25140428  0.04878237
   0.59127546  0.54181355  0.05613987
   0.32497605  0.32009054  0.40253551
   0.52621571  0.47319958  0.13745746
   0.29267062  0.18702549  0.30407779
   0.50249862  0.49559183  0.25143674
   0.01433397  0.96351853  0.04023310
   0.10512097  0.05390555  0.15017037
   0.59127546  0.04181356  0.55613985
   0.32497605  0.82009054  0.90253551
   0.52621571  0.97319961  0.63745745
   0.29267062  0.68702546  0.80407779
   0.50249862  0.99559185  0.75143677
   0.01433397  0.46351856  0.54023309
   0.10512097  0.55390560  0.65017040
   0.11278070  0.43768634  0.94702215
   0.82240022  0.67838467  0.59701236
   0.02577129  0.52743596  0.86254324
   0.79067416  0.81078276  0.69600166
   0.00259447  0.50451630  0.74893666
   0.51611377  0.03751928  0.96110963
   0.60606933  0.94547926  0.84937692
   0.11278070  0.93768637  0.44702212
   0.82240022  0.17838467  0.09701237
   0.02577129  0.02743598  0.36254324
   0.79067416  0.31078276  0.19600166
   0.00259447  0.00451633  0.24893668
   0.51611377  0.53751931  0.46110960
   0.60606933  0.44547932  0.34937695
   0.09126820  0.45809328  0.05606753
   0.82485363  0.68051667  0.40252183
   0.02622215  0.52599662  0.13750875
   0.79370606  0.81337208  0.30407735
   0.00250905  0.50436629  0.25140909
   0.51406166  0.03672097  0.04030204
   0.60525745  0.94518336  0.15017716
   0.09126820  0.95809325  0.55606757
   0.82485363  0.18051669  0.90252186
   0.02622215  0.02599659  0.63750872
   0.79370606  0.31337211  0.80407732
   0.00250905  0.00436629  0.75140909
   0.51406166  0.53672098  0.54030201
   0.60525745  0.44518336  0.65017719
   0.61278342  0.56239034  0.94700693
   0.32202499  0.32116188  0.59703315
   0.52579178  0.47335389  0.86250278
   0.29165520  0.18876437  0.69599804
   0.50261676  0.49552396  0.74896752
   0.01599202  0.96234370  0.96103878
   0.10618078  0.05541084  0.84939123
   0.61278342  0.06239029  0.44700699
   0.32202499  0.82116188  0.09703317
   0.52579178  0.97335386  0.36250275
   0.29165520  0.68876437  0.19599800
   0.50261676  0.99552396  0.24896749
   0.01599202  0.46234373  0.46103878
   0.10618078  0.55541087  0.34939129
   0.32119642  0.16783799  0.50069089
   0.32119642  0.66783805  1.00069092
   0.82092158  0.83199803  0.50067572
   0.82092158  0.33199809  0.00067572
   0.78953157  0.75330104  0.44976813
   0.78953157  0.25330104  0.94976810
   0.28954603  0.24679895  0.44976730
   0.28954603  0.74679895  0.94976730
