   0.25051175  0.25087629  0.10285360
   0.23335806  0.27354697  0.21931304
   0.25051175  0.75087629  0.60285362
   0.23335806  0.77354700  0.71931300
   0.74686729  0.75565861  0.89690848
   0.73131489  0.72601208  0.78101318
   0.74686729  0.25565861  0.39690851
   0.73131489  0.22601210  0.28101312
   0.75051727  0.74893613  0.10285152
   0.73328269  0.72656789  0.21931136
   0.75051727  0.24893616  0.60285155
   0.73328269  0.22656787  0.71931139
   0.24687884  0.24450625  0.89690963
   0.23123683  0.27392758  0.78101656
   0.24687884  0.74450628  0.39690966
   0.23123683  0.77392755  0.28101659
   0.24724479  0.24109293 -0.00431831
   0.24724479  0.74109293  0.49568169
   0.74724323  0.75890779  0.99568468
   0.74724323  0.25890779  0.49568462
   0.29472763  0.24952977  0.34833158
   0.29472763  0.74952977  0.84833161
   0.79474032  0.75070872  0.34834235
   0.79474032  0.25070872  0.84834235
   0.79577010  0.74829875  0.65171965
   0.79577010  0.24829876  0.15171966
   0.28977956  0.24883837  0.54874899
   0.29578408  0.25144383  0.65170788
   0.29578408  0.75144383  0.15170788
   0.28977956  0.74883835  0.04874898
   0.78977620  0.75105170  0.54874977
   0.78977620  0.25105170  0.04874977
   0.57993732  0.53107195  0.05668057
   0.32588915  0.31929424  0.40294430
   0.52580048  0.47190950  0.13686616
   0.29424733  0.18534019  0.30447024
   0.49950378  0.49483601  0.25117121
   0.02149499  0.97169517  0.03987508
   0.10912907  0.05745904  0.14994908
   0.57993732  0.03107195  0.55668055
   0.32588915  0.81929424  0.90294430
   0.52580048  0.97190953  0.63686615
   0.29424733  0.68534016  0.80447024
   0.49950378  0.99483604  0.75117124
   0.02149499  0.47169520  0.53987507
   0.10912907  0.55745909  0.64994911
   0.11568160  0.43671951  0.94728714
   0.82286389  0.67557778  0.59689949
   0.02700609  0.52633789  0.86298587
   0.79178845  0.81239970  0.69535883
  -0.00024148  0.50523612  0.74885350
   0.51867904  0.03699147  0.96137726
   0.60493638  0.94681561  0.84985544
   0.11568160  0.93671954  0.44728711
   0.82286389  0.17557778  0.09689951
   0.02700609  0.02633791  0.36298587
   0.79178845  0.31239970  0.19535883
  -0.00024148  0.00523615  0.24885351
   0.51867904  0.53699149  0.46137723
   0.60493638  0.44681567  0.34985547
   0.07994111  0.46878638  0.05667696
   0.82585715  0.68085878  0.40294498
   0.02581449  0.52780971  0.13686759
   0.79436222  0.81481695  0.30447122
  -0.00047355  0.50518912  0.25116656
   0.52150665  0.02821160  0.03987418
   0.60915108  0.94222841  0.14994410
   0.07994111  0.96878635  0.55667700
   0.82585715  0.18085879  0.90294501
   0.02581449  0.02780968  0.63686756
   0.79436222  0.31481698  0.80447119
  -0.00047355  0.00518912  0.75116656
   0.52150665  0.52821161  0.53987416
   0.60915108  0.44222841  0.64994413
   0.61569224  0.56343803  0.94729433
   0.32283597  0.32421647  0.59689953
   0.52701588  0.47390968  0.86298389
   0.29190052  0.18742860  0.69535789
   0.49978596  0.49477105  0.74885855
   0.01869116  0.96313172  0.96137995
   0.10495917  0.05347465  0.84986028
   0.61569224  0.06343799  0.44729439
   0.32283597  0.82421647  0.09689954
   0.52701588  0.97390965  0.36298386
   0.29190052  0.68742860  0.19535785
   0.49978596  0.99477105  0.24885852
   0.01869116  0.46313175  0.46137995
   0.10495917  0.55347467  0.34986034
   0.32231195  0.16722178  0.50076597
   0.32231195  0.66722184  1.00076600
   0.82232687  0.83279153  0.50076485
   0.82232687  0.33279159  0.00076485
   0.79128721  0.75413438  0.45008505
   0.79128721  0.25413438  0.95008502
   0.29128397  0.24599313  0.45008591
   0.29128397  0.74599313  0.95008591
