   0.25063373  0.25109517  0.10281911
   0.23270669  0.27356217  0.21927731
   0.25063373  0.75109517  0.60281912
   0.23270669  0.77356220  0.71927726
   0.74693518  0.75571967  0.89691571
   0.73071248  0.72601333  0.78098704
   0.74693518  0.25571967  0.39691574
   0.73071248  0.22601335  0.28098698
   0.75063479  0.74874731  0.10281711
   0.73265509  0.72655603  0.21927707
   0.75063479  0.24874734  0.60281714
   0.73265509  0.22655602  0.71927710
   0.24694224  0.24441447  0.89691681
   0.23065862  0.27391411  0.78098867
   0.24694224  0.74441450  0.39691684
   0.23065862  0.77391408  0.28098870
   0.24741806  0.24099032 -0.00431218
   0.24741806  0.74099032  0.49568782
   0.74741529  0.75900900  0.99569105
   0.74741529  0.25900900  0.49569099
   0.29474609  0.24945929  0.34833231
   0.29474609  0.74945929  0.84833234
   0.79475502  0.75075305  0.34834182
   0.79475502  0.25075305  0.84834182
   0.79593232  0.74817869  0.65166911
   0.79593232  0.24817870  0.15166912
   0.28982477  0.24887767  0.54876362
   0.29594233  0.25158677  0.65165870
   0.29594233  0.75158677  0.15165870
   0.28982477  0.74887766  0.04876361
   0.78982186  0.75102991  0.54876441
   0.78982186  0.25102991  0.04876440
   0.57892083  0.53004419  0.05675131
   0.32597370  0.31923519  0.40297073
   0.52585686  0.47178027  0.13683218
   0.29432821  0.18528367  0.30449055
   0.49904679  0.49476472  0.25114079
   0.02227739  0.97250950  0.03985571
   0.10959854  0.05779553  0.14995024
   0.57892083  0.03004419  0.55675129
   0.32597370  0.81923519  0.90297073
   0.52585686  0.97178030  0.63683217
   0.29432821  0.68528364  0.80449055
   0.49904679  0.99476475  0.75114082
   0.02227739  0.47250953  0.53985571
   0.10959854  0.55779558  0.64995027
   0.11594981  0.43662652  0.94730857
   0.82300600  0.67533009  0.59690168
   0.02710796  0.52624446  0.86300509
   0.79191891  0.81251692  0.69533191
  -0.00069143  0.50530269  0.74882984
   0.51894498  0.03692051  0.96140159
   0.60483091  0.94692949  0.84988287
   0.11594981  0.93662655  0.44730854
   0.82300600  0.17533009  0.09690170
   0.02710796  0.02624448  0.36300509
   0.79191891  0.31251692  0.19533191
  -0.00069143  0.00530272  0.24882986
   0.51894498  0.53692053  0.46140156
   0.60483091  0.44692955  0.34988290
   0.07892248  0.46983570  0.05674785
   0.82593968  0.68089177  0.40297162
   0.02587079  0.52796567  0.13683186
   0.79439852  0.81485566  0.30449194
  -0.00092961  0.50525949  0.25113707
   0.52228770  0.02741641  0.03985452
   0.60961756  0.94192018  0.14994641
   0.07892248  0.96983567  0.55674789
   0.82593968  0.18089178  0.90297165
   0.02587079  0.02796565  0.63683183
   0.79439852  0.31485569  0.80449191
  -0.00092961  0.00525949  0.75113707
   0.52228770  0.52741642  0.53985449
   0.60961756  0.44192018  0.64994644
   0.61596172  0.56352145  0.94731662
   0.32298165  0.32448920  0.59690149
   0.52711660  0.47397172  0.86300503
   0.29198472  0.18732687  0.69533051
   0.49933583  0.49469893  0.74883392
   0.01895859  0.96319577  0.96140450
   0.10484929  0.05332742  0.84988708
   0.61596172  0.06352141  0.44731668
   0.32298165  0.82448920  0.09690151
   0.52711660  0.97397169  0.36300500
   0.29198472  0.68732687  0.19533047
   0.49933583  0.99469893  0.24883389
   0.01895859  0.46319580  0.46140450
   0.10484929  0.55332744  0.34988714
   0.32245345  0.16716613  0.50078217
   0.32245345  0.66716619  1.00078220
   0.82247045  0.83285200  0.50078089
   0.82247045  0.33285206  0.00078089
   0.79148963  0.75419388  0.45010731
   0.79148963  0.25419388  0.95010728
   0.29148663  0.24592085  0.45010837
   0.29148663  0.74592085  0.95010837
