   0.25026803  0.25012348  0.10296691
   0.23519812  0.27339816  0.21942135
   0.25026803  0.75012348  0.60296692
   0.23519812  0.77339819  0.71942131
   0.74667394  0.75548486  0.89688492
   0.73310885  0.72607002  0.78109677
   0.74667394  0.25548486  0.39688495
   0.73310885  0.22607004  0.28109671
   0.75029579  0.74957476  0.10296398
   0.73501449  0.72669704  0.21941344
   0.75029579  0.24957479  0.60296400
   0.73501449  0.22669702  0.71941347
   0.24670799  0.24479376  0.89688635
   0.23291954  0.27390781  0.78110764
   0.24670799  0.74479379  0.39688638
   0.23291954  0.77390778  0.28110767
   0.24687997  0.24141303 -0.00433616
   0.24687997  0.74141303  0.49566384
   0.74687994  0.75858571  0.99566620
   0.74687994  0.25858571  0.49566614
   0.29458181  0.24967441  0.34825346
   0.29458181  0.74967441  0.84825349
   0.79461212  0.75066791  0.34826738
   0.79461212  0.25066791  0.84826738
   0.79533601  0.74862809  0.65186598
   0.79533601  0.24862810  0.15186599
   0.28976618  0.24870860  0.54872852
   0.29536804  0.25102326  0.65185107
   0.29536804  0.75102326  0.15185107
   0.28976618  0.74870858  0.04872851
   0.78976316  0.75111912  0.54872962
   0.78976316  0.25111912  0.04872961
   0.58306882  0.53418129  0.05646574
   0.32554090  0.31946529  0.40285486
   0.52566582  0.47229321  0.13698652
   0.29375463  0.18570651  0.30441500
   0.50075892  0.49506143  0.25125438
   0.01920250  0.96925586  0.03994394
   0.10773406  0.05642137  0.14995797
   0.58306882  0.03418129  0.55646572
   0.32554090  0.81946529  0.90285486
   0.52566582  0.97229324  0.63698650
   0.29375463  0.68570649  0.80441500
   0.50075892  0.99506146  0.75125441
   0.01920250  0.46925589  0.53994393
   0.10773406  0.55642142  0.64995800
   0.11487759  0.43702436  0.94722394
   0.82247048  0.67638350  0.59688958
   0.02655179  0.52668519  0.86291324
   0.79139918  0.81203343  0.69551128
   0.00098590  0.50503343  0.74891099
   0.51794340  0.03718953  0.96129484
   0.60526428  0.94637642  0.84976281
   0.11487759  0.93702439  0.44722391
   0.82247048  0.17638350  0.09688960
   0.02655179  0.02668521  0.36291324
   0.79139918  0.31203343  0.19551128
   0.00098590  0.00503346  0.24891101
   0.51794340  0.53718955  0.46129481
   0.60526428  0.44637648  0.34976284
   0.08307677  0.46561082  0.05646297
   0.82551656  0.68078508  0.40285458
   0.02567802  0.52732863  0.13699592
   0.79407541  0.81451406  0.30441669
   0.00077830  0.50495774  0.25124534
   0.51921451  0.03059111  0.03994482
   0.60776585  0.94316090  0.14994742
   0.08307677  0.96561079  0.55646301
   0.82551656  0.18078510  0.90285461
   0.02567802  0.02732860  0.63699589
   0.79407541  0.31451409  0.80441666
   0.00077830  0.00495775  0.75124534
   0.51921451  0.53059112  0.53994479
   0.60776585  0.44316090  0.64994745
   0.61488675  0.56317007  0.94722826
   0.32242639  0.32331868  0.59689079
   0.52656534  0.47367897  0.86290285
   0.29172207  0.18773358  0.69550932
   0.50101339  0.49498806  0.74892072
   0.01795214  0.96296372  0.96129757
   0.10530356  0.05404189  0.84977083
   0.61488675  0.06317002  0.44722832
   0.32242639  0.82331868  0.09689081
   0.52656534  0.97367894  0.36290282
   0.29172207  0.68773358  0.19550927
   0.50101339  0.99498806  0.24892069
   0.01795214  0.46296375  0.46129757
   0.10530356  0.55404191  0.34977089
   0.32190899  0.16742879  0.50071699
   0.32190899  0.66742885  1.00071702
   0.82191829  0.83257432  0.50071638
   0.82191829  0.33257438  0.00071638
   0.79080505  0.75393234  0.45001301
   0.79080505  0.25393234  0.95001298
   0.29080005  0.24624022  0.45001295
   0.29080005  0.74624022  0.95001295
