   0.25013825  0.24946392  0.10309525
   0.23660537  0.27319509  0.21951872
   0.25013825  0.74946392  0.60309526
   0.23660537  0.77319512  0.71951867
   0.74643895  0.75532828  0.89683563
   0.73456653  0.72620223  0.78115392
   0.74643895  0.25532828  0.39683566
   0.73456653  0.22620225  0.28115386
   0.75017880  0.75010908  0.10308559
   0.73630492  0.72686847  0.21950431
   0.75017880  0.25010911  0.60308561
   0.73630492  0.22686846  0.71950434
   0.24649873  0.24508168  0.89683883
   0.23425509  0.27380953  0.78117273
   0.24649873  0.74508170  0.39683886
   0.23425509  0.77380950  0.28117276
   0.24665415  0.24174244 -0.00436718
   0.24665415  0.74174244  0.49563282
   0.74662604  0.75819849  0.99563765
   0.74662604  0.25819849  0.49563759
   0.29437586  0.24986519  0.34817485
   0.29437586  0.74986519  0.84817488
   0.79443139  0.75058603  0.34819571
   0.79443139  0.25058603  0.84819571
   0.79501899  0.74885424  0.65200693
   0.79501899  0.24885425  0.15200695
   0.28983809  0.24859366  0.54872130
   0.29507245  0.25070373  0.65198670
   0.29507245  0.75070373  0.15198670
   0.28983809  0.74859365  0.04872129
   0.78985022  0.75115131  0.54872251
   0.78985022  0.25115131  0.04872251
   0.58613487  0.53708425  0.05627438
   0.32520272  0.31961801  0.40274928
   0.52565849  0.47265069  0.13713659
   0.29308503  0.18628648  0.30432495
   0.50175175  0.49530430  0.25133186
   0.01716375  0.96690978  0.04004769
   0.10650553  0.05543177  0.14999148
   0.58613487  0.03708425  0.55627436
   0.32520272  0.81961801  0.90274928
   0.52565849  0.97265072  0.63713657
   0.29308503  0.68628645  0.80432495
   0.50175175  0.99530433  0.75133189
   0.01716375  0.46690981  0.54004768
   0.10650553  0.55543182  0.64999151
   0.11413449  0.43737314  0.94716675
   0.82225540  0.67717093  0.59690315
   0.02600061  0.52709474  0.86280593
   0.79105087  0.81146018  0.69568198
   0.00194825  0.50480132  0.74894892
   0.51730184  0.03738831  0.96120104
   0.60561181  0.94586767  0.84965410
   0.11413449  0.93737317  0.44716672
   0.82225540  0.17717093  0.09690316
   0.02600061  0.02709477  0.36280593
   0.79105087  0.31146018  0.19568198
   0.00194825  0.00480135  0.24894894
   0.51730184  0.53738833  0.46120101
   0.60561181  0.44586773  0.34965413
   0.08612322  0.46266165  0.05628138
   0.82518981  0.68074855  0.40274927
   0.02566124  0.52686697  0.13715659
   0.79367586  0.81402175  0.30432511
   0.00176680  0.50470325  0.25131826
   0.51717076  0.03288165  0.04005314
   0.60653677  0.94404432  0.14996937
   0.08612322  0.96266162  0.55628142
   0.82518981  0.18074857  0.90274930
   0.02566124  0.02686694  0.63715656
   0.79367586  0.31402178  0.80432508
   0.00176680  0.00470325  0.75131826
   0.51717076  0.53288166  0.54005312
   0.60653677  0.44404432  0.64996940
   0.61414512  0.56287716  0.94716763
   0.32218276  0.32241334  0.59690529
   0.52601760  0.47340655  0.86278523
   0.29163155  0.18821859  0.69568004
   0.50197767  0.49522494  0.74896437
   0.01732184  0.96281957  0.96121136
   0.10566563  0.05469095  0.84966951
   0.61414512  0.06287712  0.44716769
   0.32218276  0.82241334  0.09690530
   0.52601760  0.97340652  0.36278520
   0.29163155  0.68821859  0.19567999
   0.50197767  0.99522494  0.24896434
   0.01732184  0.46281960  0.46121136
   0.10566563  0.55469097  0.34966957
   0.32165898  0.16770258  0.50068973
   0.32165898  0.66770264  1.00068976
   0.82166231  0.83229760  0.50069030
   0.82166231  0.33229766  0.00069030
   0.79048634  0.75374619  0.44994190
   0.79048634  0.25374619  0.94994187
   0.29046617  0.24647929  0.44993988
   0.29046617  0.74647929  0.94993988
