   0.25179548  0.24678996  0.10401296
   0.23901100  0.27267714  0.21979774
   0.25179548  0.74678996  0.60401298
   0.23901100  0.77267717  0.71979770
   0.74768660  0.75377617  0.89639161
   0.73613375  0.72600004  0.78110258
   0.74768660  0.25377617  0.39639164
   0.73613375  0.22600006  0.28110252
   0.75125782  0.75308778  0.10429675
   0.73722004  0.72821295  0.21970240
   0.75125782  0.25308781  0.60429677
   0.73722004  0.22821294  0.71970243
   0.24709256  0.24654560  0.89629635
   0.23423287  0.27308642  0.78121389
   0.24709256  0.74654563  0.39629638
   0.23423287  0.77308639  0.28121392
   0.24374428  0.24077082 -0.00335990
   0.24374428  0.74077082  0.49664010
   0.74404656  0.75926173  0.99541907
   0.74404656  0.25926173  0.49541901
   0.29496923  0.25079177  0.34746976
   0.29496923  0.75079177  0.84746979
   0.79491970  0.75005042  0.34756970
   0.79491970  0.25005042  0.84756970
   0.79542416  0.74967647  0.65284993
   0.79542416  0.24967648  0.15284994
   0.29101385  0.24729868  0.54889692
   0.29522767  0.24948740  0.65272181
   0.29522767  0.74948740  0.15272181
   0.29101385  0.74729867  0.04889691
   0.79021293  0.75325190  0.54893045
   0.79021293  0.25325190  0.04893045
   0.60023136  0.55017524  0.05638610
   0.32468908  0.32197719  0.40228955
   0.52697787  0.47344886  0.13795187
   0.29290518  0.18619812  0.30355521
   0.50283810  0.49537825  0.25145632
   0.01151430  0.95947695  0.04003384
   0.10434095  0.05258823  0.15062295
   0.60023136  0.05017525  0.55638608
   0.32468908  0.82197719  0.90228955
   0.52697787  0.97344889  0.63795185
   0.29290518  0.68619809  0.80355521
   0.50283810  0.99537828  0.75145635
   0.01151430  0.45947698  0.54003383
   0.10434095  0.55258829  0.65062298
   0.10891792  0.43835351  0.94591198
   0.82206177  0.67958503  0.59712888
   0.02679071  0.52728663  0.86201269
   0.79061806  0.81177619  0.69641332
   0.00255090  0.50458002  0.74870907
   0.51259613  0.03960354  0.96172899
   0.60558269  0.94636290  0.84888929
   0.10891792  0.93835354  0.44591195
   0.82206177  0.17958503  0.09712889
   0.02679071  0.02728665  0.36201269
   0.79061806  0.31177619  0.19641332
   0.00255090  0.00458005  0.24870908
   0.51259613  0.53960356  0.46172896
   0.60558269  0.44636296  0.34888932
   0.10252164  0.44786582  0.05561584
   0.82529218  0.67784196  0.40209322
   0.02716966  0.52486713  0.13803134
   0.79486000  0.81438082  0.30361937
   0.00268453  0.50469131  0.25138177
   0.50833944  0.04373358  0.04053115
   0.60527796  0.94555958  0.15096688
   0.10252164  0.94786579  0.55561588
   0.82529218  0.17784198  0.90209325
   0.02716966  0.02486710  0.63803131
   0.79486000  0.31438085  0.80361934
   0.00268453  0.00469132  0.75138177
   0.50833944  0.54373359  0.54053112
   0.60527796  0.44555958  0.65096691
   0.61105410  0.56325395  0.94666178
   0.32277192  0.32041740  0.59732756
   0.52720346  0.47450613  0.86193871
   0.29254984  0.18747199  0.69632204
   0.50247808  0.49541301  0.74880037
   0.01137862  0.95930726  0.96095183
   0.10635279  0.05542128  0.84851713
   0.61105410  0.06325391  0.44666184
   0.32277192  0.82041740  0.09732757
   0.52720346  0.97450610  0.36193868
   0.29254984  0.68747199  0.19632200
   0.50247808  0.99541301  0.24880034
   0.01137862  0.45930729  0.46095183
   0.10635279  0.55542130  0.34851719
   0.31854832  0.16399568  0.50092942
   0.31854832  0.66399574  1.00092945
   0.81884264  0.83460449  0.50090734
   0.81884264  0.33460455  0.00090734
   0.78884608  0.75311618  0.44953975
   0.78884608  0.25311618  0.94953972
   0.28722492  0.24599633  0.44946235
   0.28722492  0.74599633  0.94946235
