   0.25152946  0.24699676  0.10382503
   0.23884988  0.27249210  0.21976486
   0.25152946  0.74699676  0.60382504
   0.23884988  0.77249213  0.71976482
   0.74681578  0.75414132  0.89643496
   0.73612044  0.72646291  0.78111646
   0.74681578  0.25414132  0.39643499
   0.73612044  0.22646293  0.28111640
   0.75144859  0.75254533  0.10406465
   0.73739567  0.72803735  0.21968935
   0.75144859  0.25254536  0.60406468
   0.73739567  0.22803734  0.71968938
   0.24658897  0.24638550  0.89638356
   0.23459582  0.27300833  0.78120961
   0.24658897  0.74638553  0.39638359
   0.23459582  0.77300830  0.28120964
   0.24408069  0.24139932 -0.00375529
   0.24408069  0.74139932  0.49624471
   0.74449242  0.75871299  0.99540502
   0.74449242  0.25871299  0.49540496
   0.29477774  0.25065888  0.34754887
   0.29477774  0.75065888  0.84754890
   0.79480522  0.75025873  0.34761426
   0.79480522  0.25025873  0.84761426
   0.79532733  0.74959261  0.65276081
   0.79532733  0.24959262  0.15276082
   0.29100924  0.24772851  0.54887774
   0.29523298  0.24950210  0.65267432
   0.29523298  0.74950210  0.15267432
   0.29100924  0.74772850  0.04887773
   0.79038110  0.75262087  0.54889198
   0.79038110  0.25262087  0.04889198
   0.59837079  0.54831072  0.05628744
   0.32499648  0.32145823  0.40232055
   0.52691537  0.47353842  0.13786727
   0.29288942  0.18664457  0.30370214
   0.50284143  0.49556045  0.25148550
   0.01187717  0.96014180  0.04017402
   0.10431931  0.05261071  0.15051449
   0.59837079  0.04831072  0.55628742
   0.32499648  0.82145823  0.90232055
   0.52691537  0.97353845  0.63786725
   0.29288942  0.68664454  0.80370214
   0.50284143  0.99556048  0.75148553
   0.01187717  0.46014183  0.54017402
   0.10431931  0.55261076  0.65051452
   0.11008858  0.43796074  0.94632924
   0.82227410  0.67953282  0.59712336
   0.02656246  0.52729860  0.86214335
   0.79051481  0.81131215  0.69633945
   0.00259768  0.50454924  0.74878740
   0.51361910  0.03870150  0.96147601
   0.60588914  0.94603069  0.84898444
   0.11008858  0.93796077  0.44632921
   0.82227410  0.17953282  0.09712338
   0.02656246  0.02729862  0.36214335
   0.79051481  0.31131215  0.19633945
   0.00259768  0.00454927  0.24878742
   0.51361910  0.53870152  0.46147598
   0.60588914  0.44603075  0.34898447
   0.09965063  0.45059645  0.05575291
   0.82497249  0.67863304  0.40221281
   0.02704442  0.52503912  0.13793816
   0.79457139  0.81386300  0.30372564
   0.00275838  0.50446279  0.25142069
   0.50963988  0.04223123  0.04050816
   0.60496531  0.94573913  0.15074511
   0.09965063  0.95059642  0.55575295
   0.82497249  0.17863305  0.90221284
   0.02704442  0.02503909  0.63793813
   0.79457139  0.31386303  0.80372561
   0.00275838  0.00446280  0.75142069
   0.50963988  0.54223124  0.54050814
   0.60496531  0.44573913  0.65074514
   0.61113899  0.56281006  0.94674311
   0.32224133  0.32030312  0.59724114
   0.52681013  0.47414542  0.86207869
   0.29217594  0.18802235  0.69629582
   0.50254875  0.49547038  0.74886542
   0.01293223  0.96058553  0.96093454
   0.10641714  0.05557586  0.84875167
   0.61113899  0.06281001  0.44674317
   0.32224133  0.82030312  0.09724115
   0.52681013  0.97414539  0.36207866
   0.29217594  0.68802235  0.19629578
   0.50254875  0.99547038  0.24886539
   0.01293223  0.46058556  0.46093454
   0.10641714  0.55557588  0.34875173
   0.31929844  0.16541707  0.50083475
   0.31929844  0.66541713  1.00083477
   0.81935293  0.83342638  0.50079653
   0.81935293  0.33342644  0.00079653
   0.78864429  0.75317252  0.44958041
   0.78864429  0.25317252  0.94958038
   0.28762982  0.24631213  0.44953352
   0.28762982  0.74631213  0.94953352
