   0.25050836  0.24825976  0.10339234
   0.23795154  0.27264454  0.21964161
   0.25050836  0.74825976  0.60339235
   0.23795154  0.77264457  0.71964156
   0.74600752  0.75499180  0.89664644
   0.73577822  0.72667292  0.78116601
   0.74600752  0.25499180  0.39664647
   0.73577822  0.22667294  0.28116595
   0.75078445  0.75094434  0.10345148
   0.73735990  0.72734527  0.21961375
   0.75078445  0.25094437  0.60345150
   0.73735990  0.22734526  0.71961378
   0.24607328  0.24568658  0.89664777
   0.23516162  0.27339908  0.78120287
   0.24607328  0.74568661  0.39664780
   0.23516162  0.77339905  0.28120290
   0.24571879  0.24235635 -0.00436843
   0.24571879  0.74235635  0.49563157
   0.74592241  0.75771510  0.99557177
   0.74592241  0.25771510  0.49557171
   0.29433544  0.25023092  0.34791528
   0.29433544  0.75023092  0.84791530
   0.79440331  0.75050040  0.34794030
   0.79440331  0.25050040  0.84794030
   0.79496595  0.74917244  0.65235890
   0.79496595  0.24917245  0.15235891
   0.29036206  0.24851584  0.54879398
   0.29504127  0.25007734  0.65233003
   0.29504127  0.75007734  0.15233003
   0.29036206  0.74851583  0.04879397
   0.79023779  0.75143188  0.54879030
   0.79023779  0.25143188  0.04879030
   0.59172966  0.54223741  0.05613129
   0.32496896  0.32013340  0.40251831
   0.52627420  0.47324452  0.13748527
   0.29265772  0.18708509  0.30406241
   0.50254651  0.49561603  0.25144379
   0.01410208  0.96323596  0.04024881
   0.10501126  0.05377046  0.15018716
   0.59172966  0.04223741  0.55613127
   0.32496896  0.82013340  0.90251831
   0.52627420  0.97324455  0.63748525
   0.29265772  0.68708506  0.80406241
   0.50254651  0.99561605  0.75144382
   0.01410208  0.46323599  0.54024881
   0.10501126  0.55377051  0.65018719
   0.11266384  0.43770260  0.94701116
   0.82241955  0.67848799  0.59702045
   0.02578285  0.52744986  0.86251956
   0.79064273  0.81074147  0.69602895
   0.00262907  0.50449810  0.74893335
   0.51600608  0.03751140  0.96110571
   0.60610274  0.94546061  0.84935089
   0.11266384  0.93770263  0.44701113
   0.82241955  0.17848799  0.09702046
   0.02578285  0.02744989  0.36251956
   0.79064273  0.31074147  0.19602895
   0.00262907  0.00449813  0.24893337
   0.51600608  0.53751142  0.46110568
   0.60610274  0.44546067  0.34935092
   0.09172333  0.45769605  0.05604718
   0.82483055  0.68049171  0.40250350
   0.02628094  0.52591965  0.13753919
   0.79373084  0.81331863  0.30406005
   0.00255648  0.50433667  0.25141440
   0.51379816  0.03706009  0.04032477
   0.60516132  0.94527886  0.15019881
   0.09172333  0.95769602  0.55604722
   0.82483055  0.18049173  0.90250353
   0.02628094  0.02591962  0.63753916
   0.79373084  0.31331866  0.80406002
   0.00255648  0.00433668  0.75141440
   0.51379816  0.53706010  0.54032474
   0.60516132  0.44527886  0.65019884
   0.61265663  0.56235073  0.94699206
   0.32200626  0.32106143  0.59704329
   0.52579736  0.47336385  0.86247744
   0.29165965  0.18879534  0.69602645
   0.50264974  0.49554460  0.74896637
   0.01586732  0.96230223  0.96102376
   0.10622623  0.05546199  0.84936419
   0.61265663  0.06235069  0.44699212
   0.32200626  0.82106143  0.09704330
   0.52579736  0.97336382  0.36247741
   0.29165965  0.68879534  0.19602640
   0.50264974  0.99554460  0.24896634
   0.01586732  0.46230226  0.46102376
   0.10622623  0.55546201  0.34936425
   0.32113996  0.16783804  0.50069282
   0.32113996  0.66783810  1.00069285
   0.82083632  0.83197427  0.50067567
   0.82083632  0.33197433  0.00067567
   0.78945056  0.75327700  0.44975393
   0.78945056  0.25327700  0.94975390
   0.28947891  0.24680920  0.44975455
   0.28947891  0.74680920  0.94975455
