   0.25071971  0.25123237  0.10279496
   0.23234300  0.27357875  0.21924780
   0.25071971  0.75123237  0.60279497
   0.23234300  0.77357878  0.71924775
   0.74698596  0.75575030  0.89691847
   0.73037461  0.72602152  0.78096871
   0.74698596  0.25575030  0.39691849
   0.73037461  0.22602153  0.28096865
   0.75071866  0.74862631  0.10279303
   0.73230339  0.72654228  0.21924834
   0.75071866  0.24862634  0.60279305
   0.73230339  0.22654226  0.71924837
   0.24699045  0.24436975  0.89691953
   0.23033339  0.27389915  0.78096951
   0.24699045  0.74436978  0.39691956
   0.23033339  0.77389912  0.28096954
   0.24752500  0.24093915 -0.00430327
   0.24752500  0.74093915  0.49569673
   0.74752219  0.75906053  0.99570013
   0.74752219  0.25906053  0.49570007
   0.29475117  0.24943088  0.34833679
   0.29475117  0.74943088  0.84833682
   0.79475850  0.75077054  0.34834601
   0.79475850  0.25077054  0.84834601
   0.79600466  0.74815843  0.65166279
   0.79600466  0.24815844  0.15166281
   0.28984996  0.24888815  0.54876966
   0.29601304  0.25161717  0.65165266
   0.29601304  0.75161717  0.15165266
   0.28984996  0.74888814  0.04876965
   0.78984686  0.75102658  0.54877035
   0.78984686  0.25102658  0.04877034
   0.57828866  0.52944451  0.05679478
   0.32602392  0.31919213  0.40298750
   0.52587334  0.47169639  0.13681082
   0.29434760  0.18525225  0.30448642
   0.49876445  0.49472282  0.25112787
   0.02276180  0.97301885  0.03984538
   0.10988615  0.05801317  0.14995213
   0.57828866  0.02944452  0.55679476
   0.32602392  0.81919213  0.90298750
   0.52587334  0.97169642  0.63681081
   0.29434760  0.68525222  0.80448642
   0.49876445  0.99472285  0.75112790
   0.02276180  0.47301888  0.53984538
   0.10988615  0.55801322  0.64995216
   0.11612601  0.43658362  0.94732148
   0.82309029  0.67515959  0.59691499
   0.02716072  0.52619063  0.86301319
   0.79198402  0.81256009  0.69531099
  -0.00097477  0.50533186  0.74881936
   0.51913103  0.03687731  0.96141299
   0.60476953  0.94698536  0.84989395
   0.11612601  0.93658365  0.44732145
   0.82309029  0.17515959  0.09691501
   0.02716072  0.02619065  0.36301319
   0.79198402  0.31256009  0.19531099
  -0.00097477  0.00533189  0.24881937
   0.51913103  0.53687733  0.46141296
   0.60476953  0.44698542  0.34989398
   0.07828773  0.47044554  0.05679137
   0.82598875  0.68091959  0.40298843
   0.02588550  0.52806303  0.13680951
   0.79439408  0.81487766  0.30448759
  -0.00121160  0.50530069  0.25112463
   0.52277064  0.02691642  0.03984402
   0.60990269  0.94171658  0.14994896
   0.07828773  0.97044551  0.55679141
   0.82598875  0.18091960  0.90298846
   0.02588550  0.02806300  0.63680948
   0.79439408  0.31487769  0.80448756
  -0.00121160  0.00530070  0.75112463
   0.52277064  0.52691643  0.53984400
   0.60990269  0.44171658  0.64994899
   0.61613846  0.56355934  0.94733004
   0.32306752  0.32467376  0.59691460
   0.52716679  0.47400979  0.86301419
   0.29202401  0.18729157  0.69530975
   0.49905252  0.49466619  0.74882297
   0.01914524  0.96323493  0.96141604
   0.10478449  0.05325531  0.84989778
   0.61613846  0.06355930  0.44733010
   0.32306752  0.82467376  0.09691462
   0.52716679  0.97400976  0.36301416
   0.29202401  0.68729157  0.19530971
   0.49905252  0.99466619  0.24882294
   0.01914524  0.46323496  0.46141604
   0.10478449  0.55325534  0.34989784
   0.32254924  0.16712688  0.50078244
   0.32254924  0.66712694  1.00078247
   0.82256741  0.83289379  0.50078103
   0.82256741  0.33289385  0.00078103
   0.79160894  0.75423685  0.45012413
   0.79160894  0.25423685  0.95012410
   0.29160393  0.24587146  0.45012510
   0.29160393  0.74587146  0.95012510
