   0.25039304  0.25055169  0.10290049
   0.23416057  0.27347565  0.21936104
   0.25039304  0.75055169  0.60290050
   0.23416057  0.77347568  0.71936100
   0.74680104  0.75559482  0.89690311
   0.73208110  0.72603882  0.78104914
   0.74680104  0.25559482  0.39690314
   0.73208110  0.22603883  0.28104908
   0.75040696  0.74921680  0.10289825
   0.73404653  0.72663416  0.21935711
   0.75040696  0.24921683  0.60289827
   0.73404653  0.22663415  0.71935714
   0.24682069  0.24461351  0.89690429
   0.23196342  0.27391708  0.78105527
   0.24682069  0.74461354  0.39690432
   0.23196342  0.77391705  0.28105530
   0.24708835  0.24122011 -0.00432689
   0.24708835  0.74122011  0.49567311
   0.74708789  0.75878034  0.99567574
   0.74708789  0.25878034  0.49567568
   0.29468025  0.24958574  0.34829779
   0.29468025  0.74958574  0.84829782
   0.79469877  0.75069351  0.34830944
   0.79469877  0.25069351  0.84830944
   0.79558445  0.74842069  0.65177272
   0.79558445  0.24842071  0.15177274
   0.28975124  0.24878679  0.54874000
   0.29560468  0.25128664  0.65176005
   0.29560468  0.75128664  0.15176005
   0.28975124  0.74878677  0.04873999
   0.78974792  0.75107789  0.54874098
   0.78974792  0.25107789  0.04874098
   0.58122505  0.53237061  0.05658797
   0.32574624  0.31936460  0.40290543
   0.52572320  0.47206383  0.13691877
   0.29406599  0.18548315  0.30444482
   0.50005515  0.49493098  0.25120562
   0.02051443  0.97067053  0.03989946
   0.10854602  0.05703553  0.14995567
   0.58122505  0.03237062  0.55658795
   0.32574624  0.81936460  0.90290543
   0.52572320  0.97206386  0.63691875
   0.29406599  0.68548312  0.80444482
   0.50005515  0.99493101  0.75120565
   0.02051443  0.47067056  0.53989945
   0.10854602  0.55703558  0.64995570
   0.11534942  0.43683729  0.94725898
   0.82268098  0.67590625  0.59689286
   0.02683560  0.52647614  0.86295474
   0.79160805  0.81227107  0.69543820
   0.00030163  0.50515454  0.74887793
   0.51836041  0.03707781  0.96134221
   0.60507580  0.94664354  0.84981532
   0.11534942  0.93683732  0.44725895
   0.82268098  0.17590625  0.09689287
   0.02683560  0.02647616  0.36295474
   0.79160805  0.31227107  0.19543820
   0.00030163  0.00515457  0.24887795
   0.51836041  0.53707784  0.46134218
   0.60507580  0.44664360  0.34981535
   0.08123104  0.46745909  0.05658433
   0.82571683  0.68082657  0.40290569
   0.02573639  0.52761647  0.13692306
   0.79425495  0.81469916  0.30444625
   0.00007666  0.50509397  0.25119941
   0.52052617  0.02921048  0.03989911
   0.60857149  0.94261003  0.14994882
   0.08123104  0.96745906  0.55658437
   0.82571683  0.18082659  0.90290572
   0.02573639  0.02761645  0.63692303
   0.79425495  0.31469919  0.80444622
   0.00007666  0.00509398  0.75119941
   0.52052617  0.52921049  0.53989909
   0.60857149  0.44261003  0.64994884
   0.61535939  0.56333370  0.94726503
   0.32264726  0.32385196  0.59689337
   0.52684637  0.47381787  0.86294971
   0.29179611  0.18753538  0.69543660
   0.50032924  0.49486007  0.74888464
   0.01837079  0.96305572  0.96134473
   0.10510415  0.05369790  0.84982121
   0.61535939  0.06333366  0.44726509
   0.32264726  0.82385196  0.09689338
   0.52684637  0.97381784  0.36294968
   0.29179611  0.68753538  0.19543655
   0.50032924  0.99486007  0.24888461
   0.01837079  0.46305575  0.46134473
   0.10510415  0.55369792  0.34982127
   0.32212220  0.16730187  0.50074425
   0.32212220  0.66730193  1.00074428
   0.82213457  0.83270568  0.50074334
   0.82213457  0.33270574  0.00074334
   0.79108732  0.75405552  0.45005666
   0.79108732  0.25405552  0.95005663
   0.29108385  0.24608827  0.45005719
   0.29108385  0.74608827  0.95005719
