   0.25049498  0.25078194  0.10286481
   0.23358133  0.27351635  0.21932422
   0.25049498  0.75078194  0.60286482
   0.23358133  0.77351638  0.71932417
   0.74687157  0.75563965  0.89690991
   0.73153004  0.72602435  0.78102701
   0.74687157  0.25563965  0.39690994
   0.73153004  0.22602436  0.28102695
   0.75050280  0.74901993  0.10286270
   0.73349629  0.72659777  0.21932196
   0.75050280  0.24901996  0.60286272
   0.73349629  0.22659776  0.71932199
   0.24688523  0.24453568  0.89691104
   0.23144222  0.27391930  0.78103107
   0.24688523  0.74453571  0.39691107
   0.23144222  0.77391927  0.28103110
   0.24721198  0.24112511 -0.00431883
   0.24721198  0.74112511  0.49568117
   0.74721065  0.75887574  0.99568406
   0.74721065  0.25887574  0.49568400
   0.29471457  0.24952705  0.34831200
   0.29471457  0.74952705  0.84831203
   0.79472865  0.75072259  0.34832284
   0.79472865  0.25072259  0.84832284
   0.79571918  0.74833885  0.65173757
   0.79571918  0.24833887  0.15173759
   0.28978103  0.24882848  0.54874867
   0.29573468  0.25139417  0.65172575
   0.29573468  0.75139417  0.15172575
   0.28978103  0.74882846  0.04874866
   0.78977759  0.75105450  0.54874956
   0.78977759  0.25105450  0.04874955
   0.58026931  0.53142711  0.05665482
   0.32584173  0.31930807  0.40293365
   0.52576994  0.47195216  0.13687881
   0.29419806  0.18538625  0.30446410
   0.49965338  0.49486414  0.25117942
   0.02121682  0.97142575  0.03988069
   0.10896876  0.05735225  0.14995080
   0.58026931  0.03142712  0.55665480
   0.32584173  0.81930807  0.90293365
   0.52576994  0.97195219  0.63687879
   0.29419806  0.68538622  0.80446410
   0.49965338  0.99486417  0.75117945
   0.02121682  0.47142578  0.53988068
   0.10896876  0.55735230  0.64995083
   0.11558614  0.43674856  0.94727968
   0.82280542  0.67567399  0.59689641
   0.02695682  0.52637365  0.86297822
   0.79173770  0.81237017  0.69538652
  -0.00009250  0.50521522  0.74885849
   0.51858865  0.03701310  0.96136736
   0.60497228  0.94676527  0.84984469
   0.11558614  0.93674859  0.44727965
   0.82280542  0.17567399  0.09689642
   0.02695682  0.02637367  0.36297822
   0.79173770  0.31237017  0.19538652
  -0.00009250  0.00521525  0.24885850
   0.51858865  0.53701313  0.46136733
   0.60497228  0.44676533  0.34984472
   0.08027355  0.46842374  0.05665119
   0.82581050  0.68085453  0.40293419
   0.02578371  0.52775741  0.13688095
   0.79433116  0.81477699  0.30446537
  -0.00032414  0.50516098  0.25117439
   0.52122817  0.02847419  0.03987992
   0.60899113  0.94232433  0.14994536
   0.08027355  0.96842371  0.55665124
   0.82581050  0.18085455  0.90293422
   0.02578371  0.02775738  0.63688092
   0.79433116  0.31477702  0.80446534
  -0.00032414  0.00516099  0.75117439
   0.52122817  0.52847420  0.53987989
   0.60899113  0.44232433  0.64994539
   0.61559663  0.56341218  0.94728656
   0.32277613  0.32411130  0.59689658
   0.52696677  0.47388542  0.86297549
   0.29186856  0.18745324  0.69538517
   0.49993513  0.49479435  0.74886395
   0.01860028  0.96311269  0.96137000
   0.10499572  0.05353850  0.84984979
   0.61559663  0.06341214  0.44728662
   0.32277613  0.82411130  0.09689660
   0.52696677  0.97388539  0.36297546
   0.29186856  0.68745324  0.19538513
   0.49993513  0.99479435  0.24886392
   0.01860028  0.46311272  0.46137000
   0.10499572  0.55353852  0.34984984
   0.32225200  0.16724302  0.50075920
   0.32225200  0.66724308  1.00075923
   0.82226625  0.83276884  0.50075814
   0.82226625  0.33276890  0.00075814
   0.79124793  0.75411275  0.45007743
   0.79124793  0.25411275  0.95007740
   0.29124486  0.24601823  0.45007822
   0.29124486  0.74601823  0.95007822
