   0.25189970  0.24677776  0.10423158
   0.23907468  0.27327459  0.21985995
   0.25189970  0.74677776  0.60423160
   0.23907468  0.77327462  0.71985991
   0.74871819  0.75371653  0.89631858
   0.73627179  0.72527044  0.78110760
   0.74871819  0.25371653  0.39631861
   0.73627179  0.22527045  0.28110754
   0.75089139  0.75354373  0.10454804
   0.73671707  0.72823355  0.21975699
   0.75089139  0.25354376  0.60454806
   0.73671707  0.22823354  0.71975702
   0.24748086  0.24634778  0.89617062
   0.23387850  0.27322826  0.78122540
   0.24748086  0.74634781  0.39617065
   0.23387850  0.77322823  0.28122543
   0.24345474  0.24019774 -0.00295420
   0.24345474  0.74019774  0.49704580
   0.74369025  0.75987152  0.99540622
   0.74369025  0.25987152  0.49540616
   0.29531081  0.25143986  0.34802173
   0.29531081  0.75143986  0.84802176
   0.79497073  0.74926782  0.34809179
   0.79497073  0.24926782  0.84809179
   0.79549436  0.74983977  0.65311823
   0.79549436  0.24983978  0.15311824
   0.29024988  0.24708359  0.54862505
   0.29506806  0.24925581  0.65312735
   0.29506806  0.74925581  0.15312735
   0.29024988  0.74708358  0.04862504
   0.78996057  0.75367150  0.54872094
   0.78996057  0.25367150  0.04872094
   0.60167489  0.55269000  0.05655356
   0.32396605  0.32259285  0.40230645
   0.52696092  0.47327917  0.13798713
   0.29274475  0.18489119  0.30289166
   0.50279469  0.49502759  0.25137867
   0.01171516  0.95866852  0.03985890
   0.10442445  0.05272074  0.15070822
   0.60167489  0.05269001  0.55655354
   0.32396605  0.82259285  0.90230645
   0.52696092  0.97327920  0.63798711
   0.29274475  0.68489116  0.80289166
   0.50279469  0.99502762  0.75137870
   0.01171516  0.45866855  0.53985889
   0.10442445  0.55272079  0.65070825
   0.10732867  0.43896442  0.94535541
   0.82175618  0.67917410  0.59723120
   0.02704677  0.52730287  0.86180326
   0.79090649  0.81216240  0.69629285
   0.00252708  0.50457277  0.74860993
   0.51117116  0.04087671  0.96214118
   0.60516890  0.94678795  0.84874054
   0.10732867  0.93896445  0.44535538
   0.82175618  0.17917410  0.09723122
   0.02704677  0.02730289  0.36180326
   0.79090649  0.31216240  0.19629285
   0.00252708  0.00457280  0.24860995
   0.51117116  0.54087673  0.46214115
   0.60516890  0.44678801  0.34874057
   0.10635051  0.44456353  0.05545411
   0.82600267  0.67705785  0.40190432
   0.02724756  0.52474619  0.13808616
   0.79509135  0.81568725  0.30312158
   0.00254327  0.50497148  0.25129572
   0.50690248  0.04507401  0.04061325
   0.60580032  0.94523004  0.15119070
   0.10635051  0.94456350  0.55545416
   0.82600267  0.17705786  0.90190435
   0.02724756  0.02474616  0.63808613
   0.79509135  0.31568728  0.80312155
   0.00254327  0.00497148  0.75129572
   0.50690248  0.54507402  0.54061323
   0.60580032  0.44523004  0.65119073
   0.61161026  0.56400091  0.94658803
   0.32397985  0.32094797  0.59759838
   0.52760890  0.47489168  0.86171114
   0.29319470  0.18721635  0.69595061
   0.50251562  0.49545142  0.74870584
   0.00871769  0.95696518  0.96108038
   0.10635497  0.05515876  0.84820662
   0.61161026  0.06400087  0.44658809
   0.32397985  0.82094797  0.09759839
   0.52760890  0.97489165  0.36171111
   0.29319470  0.68721635  0.19595056
   0.50251562  0.99545142  0.24870581
   0.00871769  0.45696521  0.46108038
   0.10635497  0.55515878  0.34820668
   0.31772068  0.16220433  0.50125540
   0.31772068  0.66220439  1.00125543
   0.81821964  0.83644846  0.50127330
   0.81821964  0.33644852  0.00127330
   0.78949225  0.75299730  0.44943487
   0.78949225  0.25299730  0.94943484
   0.28732924  0.24565559  0.44929467
   0.28732924  0.74565559  0.94929467
