   0.25066311  0.25117719  0.10280817
   0.23249999  0.27357508  0.21926634
   0.25066311  0.75117719  0.60280819
   0.23249999  0.77357511  0.71926630
   0.74694311  0.75573451  0.89691420
   0.73052228  0.72601608  0.78097375
   0.74694311  0.25573451  0.39691423
   0.73052228  0.22601609  0.28097369
   0.75066276  0.74867409  0.10280621
   0.73245512  0.72654405  0.21926651
   0.75066276  0.24867412  0.60280623
   0.73245512  0.22654403  0.71926654
   0.24694835  0.24439128  0.89691529
   0.23047560  0.27390764  0.78097492
   0.24694835  0.74439131  0.39691532
   0.23047560  0.77390761  0.28097495
   0.24746173  0.24096663 -0.00431079
   0.24746173  0.74096663  0.49568921
   0.74745859  0.75903259  0.99569254
   0.74745859  0.25903259  0.49569248
   0.29475087  0.24944584  0.34833852
   0.29475087  0.74944584  0.84833855
   0.79475870  0.75075812  0.34834800
   0.79475870  0.25075812  0.84834800
   0.79598507  0.74816417  0.65166631
   0.79598507  0.24816419  0.15166632
   0.28984114  0.24889383  0.54876413
   0.29599391  0.25160841  0.65165594
   0.29599391  0.75160841  0.15165594
   0.28984114  0.74889381  0.04876412
   0.78983804  0.75101897  0.54876485
   0.78983804  0.25101897  0.04876485
   0.57857287  0.52969429  0.05677894
   0.32600992  0.31921886  0.40298072
   0.52587797  0.47173623  0.13681840
   0.29434181  0.18525900  0.30448910
   0.49889183  0.49474137  0.25113360
   0.02255929  0.97279297  0.03985213
   0.10976131  0.05791301  0.14994762
   0.57857287  0.02969430  0.55677892
   0.32600992  0.81921886  0.90298072
   0.52587797  0.97173626  0.63681839
   0.29434181  0.68525897  0.80448910
   0.49889183  0.99474140  0.75113363
   0.02255929  0.47279300  0.53985212
   0.10976131  0.55791306  0.64994765
   0.11604545  0.43659261  0.94731681
   0.82306749  0.67523179  0.59690789
   0.02714112  0.52621349  0.86301069
   0.79196148  0.81254081  0.69531213
  -0.00084673  0.50531925  0.74882392
   0.51903678  0.03689267  0.96141044
   0.60479476  0.94696621  0.84989097
   0.11604545  0.93659264  0.44731678
   0.82306749  0.17523179  0.09690790
   0.02714112  0.02621351  0.36301069
   0.79196148  0.31254081  0.19531213
  -0.00084673  0.00531928  0.24882393
   0.51903678  0.53689269  0.46141041
   0.60479476  0.44696627  0.34989100
   0.07857343  0.47019182  0.05677553
   0.82597532  0.68089955  0.40298172
   0.02589149  0.52801786  0.13681755
   0.79439833  0.81487456  0.30449036
  -0.00108444  0.50528223  0.25113016
   0.52256920  0.02713866  0.03985084
   0.60977918  0.94181122  0.14994415
   0.07857343  0.97019179  0.55677557
   0.82597532  0.18089956  0.90298175
   0.02589149  0.02801784  0.63681752
   0.79439833  0.31487459  0.80449033
  -0.00108444  0.00528224  0.75113016
   0.52256920  0.52713867  0.53985082
   0.60977918  0.44181122  0.64994418
   0.61605712  0.56355289  0.94732514
   0.32304411  0.32459541  0.59690758
   0.52714922  0.47399288  0.86301120
   0.29201276  0.18730743  0.69531087
   0.49918054  0.49468046  0.74882772
   0.01905050  0.96322148  0.96141345
   0.10481151  0.05328070  0.84989498
   0.61605712  0.06355284  0.44732520
   0.32304411  0.82459541  0.09690760
   0.52714922  0.97399285  0.36301117
   0.29201276  0.68730743  0.19531083
   0.49918054  0.99468046  0.24882769
   0.01905050  0.46322151  0.46141345
   0.10481151  0.55328072  0.34989504
   0.32251611  0.16714446  0.50078665
   0.32251611  0.66714452  1.00078667
   0.82253371  0.83287504  0.50078531
   0.82253371  0.33287510  0.00078531
   0.79153563  0.75421456  0.45011367
   0.79153563  0.25421456  0.95011364
   0.29153229  0.24589757  0.45011477
   0.29153229  0.74589757  0.95011477
