   0.25067370  0.25119753  0.10280404
   0.23243204  0.27357768  0.21925999
   0.25067370  0.75119753  0.60280405
   0.23243204  0.77357771  0.71925994
   0.74694631  0.75573965  0.89691728
   0.73045992  0.72601318  0.78097224
   0.74694631  0.25573965  0.39691731
   0.73045992  0.22601319  0.28097218
   0.75067309  0.74865673  0.10280208
   0.73238907  0.72654222  0.21926029
   0.75067309  0.24865676  0.60280211
   0.73238907  0.22654220  0.71926032
   0.24695122  0.24438326  0.89691836
   0.23041511  0.27390908  0.78097326
   0.24695122  0.74438329  0.39691839
   0.23041511  0.77390905  0.28097329
   0.24747816  0.24095568 -0.00430815
   0.24747816  0.74095568  0.49569185
   0.74747462  0.75904350  0.99569519
   0.74747462  0.25904350  0.49569513
   0.29474838  0.24943774  0.34833859
   0.29474838  0.74943774  0.84833862
   0.79475575  0.75076364  0.34834790
   0.79475575  0.25076364  0.84834790
   0.79600150  0.74813487  0.65164976
   0.79600150  0.24813489  0.15164978
   0.28984510  0.24889474  0.54876938
   0.29600994  0.25163995  0.65163961
   0.29600994  0.75163995  0.15163961
   0.28984510  0.74889472  0.04876936
   0.78984215  0.75101983  0.54877012
   0.78984215  0.25101983  0.04877011
   0.57849017  0.52960451  0.05678574
   0.32602038  0.31921727  0.40298270
   0.52588596  0.47172403  0.13681633
   0.29434460  0.18526198  0.30449427
   0.49885572  0.49473601  0.25113128
   0.02262649  0.97286019  0.03985046
   0.10980496  0.05794017  0.14994954
   0.57849017  0.02960452  0.55678572
   0.32602038  0.81921727  0.90298270
   0.52588596  0.97172406  0.63681631
   0.29434460  0.68526195  0.80449427
   0.49885572  0.99473604  0.75113131
   0.02262649  0.47286022  0.53985046
   0.10980496  0.55794022  0.64994957
   0.11606873  0.43658841  0.94731834
   0.82308369  0.67521008  0.59690705
   0.02714952  0.52620680  0.86301134
   0.79196946  0.81255145  0.69531327
  -0.00088268  0.50532376  0.74882238
   0.51906276  0.03688933  0.96141244
   0.60478561  0.94697689  0.84989202
   0.11606873  0.93658844  0.44731831
   0.82308369  0.17521008  0.09690706
   0.02714952  0.02620682  0.36301134
   0.79196946  0.31255145  0.19531327
  -0.00088268  0.00532379  0.24882240
   0.51906276  0.53688935  0.46141241
   0.60478561  0.44697695  0.34989205
   0.07849074  0.47028340  0.05678234
   0.82598563  0.68089922  0.40298374
   0.02589980  0.52803221  0.13681536
   0.79439788  0.81487019  0.30449552
  -0.00112060  0.50528745  0.25112789
   0.52263650  0.02707308  0.03984915
   0.60982284  0.94178630  0.14994615
   0.07849074  0.97028337  0.55678238
   0.82598563  0.18089924  0.90298377
   0.02589980  0.02803218  0.63681533
   0.79439788  0.31487022  0.80449549
  -0.00112060  0.00528746  0.75112789
   0.52263650  0.52707308  0.53984913
   0.60982284  0.44178630  0.64994618
   0.61608045  0.56355634  0.94732673
   0.32306054  0.32461885  0.59690674
   0.52715764  0.47399730  0.86301197
   0.29201734  0.18729794  0.69531197
   0.49914449  0.49467540  0.74882611
   0.01907653  0.96322429  0.96141547
   0.10480262  0.05326700  0.84989599
   0.61608045  0.06355630  0.44732679
   0.32306054  0.82461885  0.09690676
   0.52715764  0.97399727  0.36301194
   0.29201734  0.68729794  0.19531192
   0.49914449  0.99467540  0.24882608
   0.01907653  0.46322432  0.46141547
   0.10480262  0.55326702  0.34989605
   0.32253167  0.16713923  0.50078689
   0.32253167  0.66713929  1.00078692
   0.82254943  0.83288052  0.50078554
   0.82254943  0.33288058  0.00078554
   0.79155421  0.75422440  0.45011709
   0.79155421  0.25422440  0.95011706
   0.29155056  0.24588654  0.45011817
   0.29155056  0.74588654  0.95011817
