   0.25058435  0.25100478  0.10283005
   0.23297450  0.27357153  0.21928814
   0.25058435  0.75100478  0.60283007
   0.23297450  0.77357156  0.71928810
   0.74691494  0.75568747  0.89691601
   0.73095357  0.72599604  0.78100235
   0.74691494  0.25568747  0.39691604
   0.73095357  0.22599605  0.28100229
   0.75058721  0.74882585  0.10282801
   0.73291332  0.72654510  0.21928731
   0.75058721  0.24882587  0.60282803
   0.73291332  0.22654509  0.71928734
   0.24692378  0.24445953  0.89691713
   0.23088993  0.27393662  0.78100472
   0.24692378  0.74445956  0.39691716
   0.23088993  0.77393659  0.28100475
   0.24733969  0.24103492 -0.00431342
   0.24733969  0.74103492  0.49568658
   0.74733739  0.75896572  0.99568971
   0.74733739  0.25896572  0.49568965
   0.29473821  0.24948064  0.34833120
   0.29473821  0.74948064  0.84833123
   0.79474859  0.75074196  0.34834121
   0.79474859  0.25074196  0.84834121
   0.79586207  0.74824004  0.65169255
   0.79586207  0.24824005  0.15169257
   0.28981525  0.24886701  0.54875705
   0.29587354  0.25151615  0.65168167
   0.29587354  0.75151615  0.15168167
   0.28981525  0.74886699  0.04875703
   0.78981212  0.75103352  0.54875783
   0.78981212  0.25103352  0.04875783
   0.57934350  0.53048342  0.05672347
   0.32593866  0.31925780  0.40296023
   0.52583665  0.47183816  0.13684169
   0.29430422  0.18530174  0.30448315
   0.49923326  0.49479030  0.25115383
   0.02194302  0.97217581  0.03986431
   0.10939578  0.05765292  0.14994689
   0.57934350  0.03048343  0.55672345
   0.32593866  0.81925780  0.90296023
   0.52583665  0.97183819  0.63684167
   0.29430422  0.68530171  0.80448315
   0.49923326  0.99479033  0.75115386
   0.02194302  0.47217584  0.53986431
   0.10939578  0.55765297  0.64994692
   0.11583495  0.43666327  0.94730075
   0.82295285  0.67543450  0.59690348
   0.02706997  0.52627996  0.86299851
   0.79187531  0.81248125  0.69534163
  -0.00050556  0.50527648  0.74883943
   0.51883648  0.03694534  0.96139273
   0.60486888  0.94688568  0.84987025
   0.11583495  0.93666330  0.44730072
   0.82295285  0.17543450  0.09690350
   0.02706997  0.02627998  0.36299851
   0.79187531  0.31248125  0.19534163
  -0.00050556  0.00527651  0.24883944
   0.51883648  0.53694536  0.46139270
   0.60486888  0.44688574  0.34987028
   0.07934601  0.46938771  0.05671993
   0.82590550  0.68087913  0.40296106
   0.02585040  0.52789711  0.13684203
   0.79439226  0.81484418  0.30448443
  -0.00074349  0.50523410  0.25114976
   0.52195393  0.02774234  0.03986324
   0.60941608  0.94205180  0.14994260
   0.07934601  0.96938768  0.55671998
   0.82590550  0.18087914  0.90296109
   0.02585040  0.02789708  0.63684200
   0.79439226  0.31484421  0.80448440
  -0.00074349  0.00523411  0.75114976
   0.52195393  0.52774234  0.53986321
   0.60941608  0.44205180  0.64994263
   0.61584618  0.56348849  0.94730845
   0.32292714  0.32437500  0.59690338
   0.52707882  0.47394842  0.86299770
   0.29195919  0.18735671  0.69534031
   0.49952191  0.49472739  0.74884389
   0.01884933  0.96317356  0.96139555
   0.10488914  0.05338402  0.84987471
   0.61584618  0.06348845  0.44730851
   0.32292714  0.82437500  0.09690340
   0.52707882  0.97394839  0.36299767
   0.29195919  0.68735671  0.19534026
   0.49952191  0.99472739  0.24884386
   0.01884933  0.46317359  0.46139555
   0.10488914  0.55338404  0.34987477
   0.32239961  0.16718408  0.50077238
   0.32239961  0.66718414  1.00077240
   0.82241574  0.83283203  0.50077115
   0.82241574  0.33283209  0.00077115
   0.79139928  0.75416758  0.45009822
   0.79139928  0.25416758  0.95009819
   0.29139624  0.24595268  0.45009922
   0.29139624  0.74595268  0.95009922
