   0.25025245  0.25003733  0.10298209
   0.23539230  0.27336847  0.21943528
   0.25025245  0.75003733  0.60298210
   0.23539230  0.77336850  0.71943523
   0.74664716  0.75547085  0.89688037
   0.73330526  0.72608999  0.78110399
   0.74664716  0.25547085  0.39688040
   0.73330526  0.22609001  0.28110393
   0.75028317  0.74964667  0.10297893
   0.73519430  0.72672324  0.21942657
   0.75028317  0.24964670  0.60297895
   0.73519430  0.22672322  0.71942660
   0.24668448  0.24482241  0.89688189
   0.23310109  0.27389172  0.78111583
   0.24668448  0.74482244  0.39688192
   0.23310109  0.77389169  0.28111586
   0.24685002  0.24144945 -0.00433983
   0.24685002  0.74144945  0.49566017
   0.74684971  0.75854790  0.99566258
   0.74684971  0.25854790  0.49566252
   0.29455844  0.24970450  0.34824597
   0.29455844  0.74970450  0.84824600
   0.79459166  0.75065168  0.34826041
   0.79459166  0.25065168  0.84826041
   0.79529011  0.74865290  0.65188245
   0.79529011  0.24865292  0.15188246
   0.28977005  0.24869287  0.54872621
   0.29532489  0.25098656  0.65186703
   0.29532489  0.75098656  0.15186703
   0.28977005  0.74869286  0.04872620
   0.78976746  0.75112684  0.54872736
   0.78976746  0.25112684  0.04872736
   0.58345108  0.53454955  0.05643970
   0.32549823  0.31948371  0.40284186
   0.52565554  0.47233886  0.13700372
   0.29367490  0.18576629  0.30440447
   0.50089524  0.49508973  0.25126420
   0.01894412  0.96895841  0.03995552
   0.10757212  0.05629506  0.14996041
   0.58345108  0.03454955  0.55643968
   0.32549823  0.81948371  0.90284186
   0.52565554  0.97233889  0.63700370
   0.29367490  0.68576626  0.80440447
   0.50089524  0.99508976  0.75126423
   0.01894412  0.46895844  0.53995551
   0.10757212  0.55629511  0.64996044
   0.11478605  0.43706458  0.94721696
   0.82242868  0.67648171  0.59688937
   0.02648952  0.52673126  0.86290103
   0.79135114  0.81197458  0.69553250
   0.00111887  0.50500790  0.74891648
   0.51786309  0.03721405  0.96128489
   0.60530562  0.94631801  0.84975015
   0.11478605  0.93706461  0.44721693
   0.82242868  0.17648171  0.09688939
   0.02648952  0.02673128  0.36290103
   0.79135114  0.31197458  0.19553250
   0.00111887  0.00500793  0.24891650
   0.51786309  0.53721408  0.46128486
   0.60530562  0.44631807  0.34975018
   0.08345849  0.46523507  0.05643740
   0.82547509  0.68077981  0.40284145
   0.02566695  0.52727003  0.13701424
   0.79402637  0.81446329  0.30440620
   0.00091412  0.50492829  0.25125454
   0.51895578  0.03088131  0.03995678
   0.60760470  0.94327335  0.14994891
   0.08345849  0.96523504  0.55643744
   0.82547509  0.18077983  0.90284148
   0.02566695  0.02727001  0.63701421
   0.79402637  0.31446332  0.80440617
   0.00091412  0.00492830  0.75125454
   0.51895578  0.53088132  0.53995675
   0.60760470  0.44327335  0.64994894
   0.61479534  0.56313497  0.94722090
   0.32238196  0.32320769  0.59689076
   0.52650311  0.47364882  0.86288943
   0.29170459  0.18778317  0.69553045
   0.50114632  0.49501471  0.74892690
   0.01787182  0.96294388  0.96128787
   0.10534700  0.05411775  0.84975869
   0.61479534  0.06313492  0.44722096
   0.32238196  0.82320769  0.09689078
   0.52650311  0.97364879  0.36288940
   0.29170459  0.68778317  0.19553040
   0.50114632  0.99501471  0.24892687
   0.01787182  0.46294391  0.46128787
   0.10534700  0.55411777  0.34975875
   0.32186626  0.16746030  0.50071523
   0.32186626  0.66746036  1.00071526
   0.82187497  0.83254222  0.50071469
   0.82187497  0.33254228  0.00071469
   0.79075764  0.75390940  0.45000365
   0.79075764  0.25390940  0.95000362
   0.29075237  0.24626867  0.45000344
   0.29075237  0.74626867  0.95000344
