   0.25047504  0.25075878  0.10286815
   0.23364565  0.27352152  0.21932623
   0.25047504  0.75075878  0.60286817
   0.23364565  0.77352155  0.71932618
   0.74685560  0.75563293  0.89690862
   0.73158973  0.72601670  0.78102935
   0.74685560  0.25563293  0.39690865
   0.73158973  0.22601672  0.28102929
   0.75048362  0.74903954  0.10286603
   0.73355731  0.72659207  0.21932379
   0.75048362  0.24903957  0.60286605
   0.73355731  0.22659205  0.71932382
   0.24686999  0.24454607  0.89690977
   0.23149862  0.27392831  0.78103365
   0.24686999  0.74454610  0.39690980
   0.23149862  0.77392828  0.28103368
   0.24718900  0.24113748 -0.00431818
   0.24718900  0.74113748  0.49568182
   0.74718786  0.75886354  0.99568468
   0.74718786  0.25886354  0.49568462
   0.29471025  0.24953221  0.34831155
   0.29471025  0.74953221  0.84831157
   0.79472478  0.75072060  0.34832241
   0.79472478  0.25072060  0.84832241
   0.79570265  0.74834853  0.65173727
   0.79570265  0.24834855  0.15173729
   0.28977653  0.24882189  0.54874870
   0.29571850  0.25138167  0.65172546
   0.29571850  0.75138167  0.15172546
   0.28977653  0.74882188  0.04874869
   0.78977319  0.75105912  0.54874960
   0.78977319  0.25105912  0.04874960
   0.58036397  0.53152048  0.05664822
   0.32583901  0.31931823  0.40293137
   0.52577137  0.47196483  0.13688216
   0.29418973  0.18539321  0.30446289
   0.49969020  0.49486974  0.25118307
   0.02114904  0.97135005  0.03988225
   0.10891962  0.05731089  0.14995010
   0.58036397  0.03152048  0.55664819
   0.32583901  0.81931823  0.90293137
   0.52577137  0.97196486  0.63688214
   0.29418973  0.68539318  0.80446289
   0.49969020  0.99486977  0.75118310
   0.02114904  0.47135008  0.53988225
   0.10891962  0.55731094  0.64995013
   0.11556207  0.43675975  0.94727723
   0.82279747  0.67569724  0.59689717
   0.02694820  0.52638205  0.86297639
   0.79173002  0.81236709  0.69539296
  -0.00005672  0.50521051  0.74886076
   0.51857000  0.03702013  0.96136466
   0.60498034  0.94675496  0.84984146
   0.11556207  0.93675978  0.44727720
   0.82279747  0.17569724  0.09689719
   0.02694820  0.02638207  0.36297639
   0.79173002  0.31236709  0.19539296
  -0.00005672  0.00521054  0.24886078
   0.51857000  0.53702015  0.46136463
   0.60498034  0.44675502  0.34984149
   0.08036854  0.46832850  0.05664460
   0.82580809  0.68084691  0.40293192
   0.02578517  0.52774195  0.13688450
   0.79432793  0.81477164  0.30446426
  -0.00028734  0.50515554  0.25117794
   0.52116042  0.02854807  0.03988152
   0.60894282  0.94236322  0.14994453
   0.08036854  0.96832847  0.55664464
   0.82580809  0.18084693  0.90293194
   0.02578517  0.02774192  0.63688447
   0.79432793  0.31477167  0.80446423
  -0.00028734  0.00515554  0.75117794
   0.52116042  0.52854808  0.53988150
   0.60894282  0.44236322  0.64994456
   0.61557254  0.56340187  0.94728401
   0.32276789  0.32408554  0.59689737
   0.52695805  0.47388044  0.86297345
   0.29186628  0.18745498  0.69539147
   0.49997094  0.49479933  0.74886633
   0.01858151  0.96310635  0.96136727
   0.10500505  0.05355161  0.84984663
   0.61557254  0.06340182  0.44728407
   0.32276789  0.82408554  0.09689739
   0.52695805  0.97388041  0.36297342
   0.29186628  0.68745498  0.19539142
   0.49997094  0.99479933  0.24886630
   0.01858151  0.46310638  0.46136727
   0.10500505  0.55355163  0.34984669
   0.32224598  0.16724515  0.50075628
   0.32224598  0.66724521  1.00075630
   0.82226002  0.83276632  0.50075522
   0.82226002  0.33276638  0.00075522
   0.79122818  0.75410932  0.45007707
   0.79122818  0.25410932  0.95007704
   0.29122497  0.24602296  0.45007780
   0.29122497  0.74602296  0.95007780
