   0.25033234  0.25031429  0.10293322
   0.23471587  0.27342863  0.21939316
   0.25033234  0.75031429  0.60293324
   0.23471587  0.77342866  0.71939311
   0.74674833  0.75554337  0.89689729
   0.73262728  0.72606296  0.78107459
   0.74674833  0.25554337  0.39689732
   0.73262728  0.22606298  0.28107453
   0.75035363  0.74941721  0.10293069
   0.73456741  0.72667502  0.21938720
   0.75035363  0.24941724  0.60293071
   0.73456741  0.22667500  0.71938723
   0.24677562  0.24470141  0.89689851
   0.23247418  0.27390613  0.78108314
   0.24677562  0.74470144  0.39689854
   0.23247418  0.77390610  0.28108317
   0.24698157  0.24132176 -0.00433229
   0.24698157  0.74132176  0.49566771
   0.74698157  0.75867757  0.99567007
   0.74698157  0.25867757  0.49567001
   0.29463104  0.24963167  0.34827441
   0.29463104  0.74963167  0.84827443
   0.79465526  0.75068220  0.34828720
   0.79465526  0.25068220  0.84828720
   0.79544959  0.74853949  0.65182657
   0.79544959  0.24853951  0.15182659
   0.28975819  0.24874221  0.54873231
   0.29547551  0.25113764  0.65181281
   0.29547551  0.75113764  0.15181281
   0.28975819  0.74874220  0.04873230
   0.78975458  0.75110168  0.54873338
   0.78975458  0.25110168  0.04873338
   0.58216841  0.53330707  0.05652327
   0.32563250  0.31941301  0.40287715
   0.52568502  0.47217772  0.13695214
   0.29391295  0.18558853  0.30442373
   0.50042541  0.49499455  0.25122952
   0.01982464  0.96994279  0.03991986
   0.10813142  0.05672783  0.14995697
   0.58216841  0.03330707  0.55652325
   0.32563250  0.81941301  0.90287715
   0.52568502  0.97217775  0.63695213
   0.29391295  0.68558851  0.80442373
   0.50042541  0.99499458  0.75122955
   0.01982464  0.46994282  0.53991985
   0.10813142  0.55672788  0.64995700
   0.11510235  0.43692763  0.94724131
   0.82255782  0.67615147  0.59688943
   0.02669261  0.52658233  0.86293464
   0.79149566  0.81216110  0.69548374
   0.00066234  0.50509484  0.74889559
   0.51813650  0.03713374  0.96131778
   0.60517321  0.94650781  0.84978959
   0.11510235  0.93692766  0.44724128
   0.82255782  0.17615147  0.09688944
   0.02669261  0.02658235  0.36293464
   0.79149566  0.31216110  0.19548374
   0.00066234  0.00509487  0.24889561
   0.51813650  0.53713377  0.46131775
   0.60517321  0.44650787  0.34978962
   0.08217543  0.46650248  0.05651989
   0.82560546  0.68080766  0.40287716
   0.02569671  0.52747208  0.13695894
   0.79416582  0.81461272  0.30442529
   0.00044592  0.50502833  0.25122195
   0.51983612  0.02992059  0.03992003
   0.60816031  0.94288562  0.14994836
   0.08217543  0.96650245  0.55651994
   0.82560546  0.18080768  0.90287719
   0.02569671  0.02747206  0.63695891
   0.79416582  0.31461275  0.80442526
   0.00044592  0.00502834  0.75122195
   0.51983612  0.52992060  0.53992001
   0.60816031  0.44288562  0.64994839
   0.61511163  0.56325488  0.94724651
   0.32251914  0.32357930  0.59689024
   0.52670392  0.47374774  0.86292700
   0.29174911  0.18762664  0.69548198
   0.50069017  0.49492394  0.74890377
   0.01814572  0.96300942  0.96132029
   0.10520683  0.05387261  0.84979649
   0.61511163  0.06325484  0.44724657
   0.32251914  0.82357930  0.09689026
   0.52670392  0.97374771  0.36292697
   0.29174911  0.68762664  0.19548193
   0.50069017  0.99492394  0.24890374
   0.01814572  0.46300945  0.46132029
   0.10520683  0.55387263  0.34979655
   0.32199437  0.16736703  0.50073046
   0.32199437  0.66736709  1.00073049
   0.82200511  0.83263800  0.50072971
   0.82200511  0.33263806  0.00072971
   0.79095507  0.75399305  0.45003231
   0.79095507  0.25399305  0.95003228
   0.29095002  0.24616407  0.45003254
   0.29095002  0.74616407  0.95003254
