   0.25049700  0.25079707  0.10286367
   0.23353451  0.27351556  0.21932445
   0.25049700  0.75079707  0.60286368
   0.23353451  0.77351559  0.71932441
   0.74687028  0.75564625  0.89690990
   0.73148402  0.72602415  0.78102196
   0.74687028  0.25564625  0.39690993
   0.73148402  0.22602417  0.28102190
   0.75050450  0.74900734  0.10286156
   0.73345164  0.72659894  0.21932235
   0.75050450  0.24900737  0.60286158
   0.73345164  0.22659893  0.71932238
   0.24688355  0.24452653  0.89691104
   0.23139827  0.27391853  0.78102586
   0.24688355  0.74452655  0.39691107
   0.23139827  0.77391850  0.28102589
   0.24722176  0.24111840 -0.00431960
   0.24722176  0.74111840  0.49568040
   0.74722037  0.75888247  0.99568330
   0.74722037  0.25888247  0.49568324
   0.29471741  0.24952396  0.34831236
   0.29471741  0.74952396  0.84831239
   0.79473126  0.75072362  0.34832294
   0.79473126  0.25072362  0.84832294
   0.79573180  0.74832062  0.65172795
   0.79573180  0.24832064  0.15172796
   0.28978053  0.24882851  0.54875004
   0.29574690  0.25141407  0.65171648
   0.29574690  0.75141407  0.15171648
   0.28978053  0.74882850  0.04875003
   0.78977721  0.75105592  0.54875092
   0.78977721  0.25105592  0.04875092
   0.58017722  0.53132340  0.05666078
   0.32585076  0.31930316  0.40293590
   0.52577796  0.47193994  0.13687585
   0.29420920  0.18538613  0.30447193
   0.49961224  0.49485725  0.25117550
   0.02129215  0.97149765  0.03987939
   0.10901278  0.05737893  0.14994942
   0.58017722  0.03132341  0.55666076
   0.32585076  0.81930316  0.90293590
   0.52577796  0.97193997  0.63687584
   0.29420920  0.68538610  0.80447193
   0.49961224  0.99485728  0.75117553
   0.02129215  0.47149768  0.53987938
   0.10901278  0.55737898  0.64994945
   0.11561477  0.43673842  0.94728223
   0.82281559  0.67565209  0.59689360
   0.02697007  0.52636501  0.86297966
   0.79174987  0.81238345  0.69538234
  -0.00013249  0.50522134  0.74885641
   0.51861383  0.03700831  0.96137037
   0.60496288  0.94677939  0.84984829
   0.11561477  0.93673845  0.44728220
   0.82281559  0.17565209  0.09689362
   0.02697007  0.02636503  0.36297966
   0.79174987  0.31238345  0.19538234
  -0.00013249  0.00522137  0.24885642
   0.51861383  0.53700833  0.46137034
   0.60496288  0.44677945  0.34984832
   0.08018152  0.46852973  0.05665715
   0.82581929  0.68085667  0.40293648
   0.02579181  0.52777241  0.13687778
   0.79433721  0.81477508  0.30447335
  -0.00036521  0.50516783  0.25117058
   0.52130352  0.02840403  0.03987858
   0.60903510  0.94230072  0.14994413
   0.08018152  0.96852970  0.55665719
   0.82581929  0.18085668  0.90293651
   0.02579181  0.02777238  0.63687775
   0.79433721  0.31477511  0.80447332
  -0.00036521  0.00516784  0.75117058
   0.52130352  0.52840404  0.53987856
   0.60903510  0.44230072  0.64994416
   0.61562546  0.56342119  0.94728920
   0.32278674  0.32413567  0.59689376
   0.52697975  0.47389109  0.86297714
   0.29187571  0.18744183  0.69538074
   0.49989517  0.49478755  0.74886174
   0.01862568  0.96311660  0.96137303
   0.10498646  0.05352038  0.84985330
   0.61562546  0.06342114  0.44728926
   0.32278674  0.82413567  0.09689378
   0.52697975  0.97389106  0.36297711
   0.29187571  0.68744183  0.19538070
   0.49989517  0.99478755  0.24886171
   0.01862568  0.46311663  0.46137303
   0.10498646  0.55352041  0.34985336
   0.32226274  0.16723999  0.50076414
   0.32226274  0.66724005  1.00076417
   0.82227720  0.83277223  0.50076305
   0.82227720  0.33277229  0.00076305
   0.79125345  0.75411663  0.45007906
   0.79125345  0.25411663  0.95007903
   0.29125027  0.24601376  0.45007983
   0.29125027  0.74601376  0.95007983
