   0.25017748  0.24964206  0.10305345
   0.23622143  0.27326735  0.21948694
   0.25017748  0.74964206  0.60305347
   0.23622143  0.77326738  0.71948689
   0.74650888  0.75537934  0.89685417
   0.73416546  0.72616325  0.78113911
   0.74650888  0.25537934  0.39685420
   0.73416546  0.22616327  0.28113905
   0.75022087  0.74996935  0.10304772
   0.73595242  0.72680777  0.21947453
   0.75022087  0.24996938  0.60304774
   0.73595242  0.22680775  0.71947456
   0.24656410  0.24498835  0.89685673
   0.23388584  0.27383572  0.78115551
   0.24656410  0.74498838  0.39685676
   0.23388584  0.77383569  0.28115554
   0.24671103  0.24164329 -0.00435558
   0.24671103  0.74164329  0.49564442
   0.74670178  0.75833028  0.99564791
   0.74670178  0.25833028  0.49564785
   0.29444611  0.24982378  0.34820797
   0.29444611  0.74982378  0.84820800
   0.79449116  0.75060126  0.34822346
   0.79449116  0.25060126  0.84822346
   0.79510224  0.74880879  0.65197219
   0.79510224  0.24880881  0.15197220
   0.28982713  0.24863370  0.54871980
   0.29514834  0.25077152  0.65195519
   0.29514834  0.75077152  0.15195519
   0.28982713  0.74863369  0.04871979
   0.78982905  0.75114461  0.54872118
   0.78982905  0.25114461  0.04872118
   0.58518995  0.53622042  0.05633248
   0.32530582  0.31957647  0.40278388
   0.52564237  0.47254157  0.13708746
   0.29329561  0.18606897  0.30434444
   0.50147415  0.49522325  0.25131140
   0.01776818  0.96763199  0.04001064
   0.10686452  0.05573313  0.14998043
   0.58518995  0.03622043  0.55633246
   0.32530582  0.81957647  0.90278388
   0.52564237  0.97254160  0.63708744
   0.29329561  0.68606894  0.80434444
   0.50147415  0.99522328  0.75131143
   0.01776818  0.46763202  0.54001063
   0.10686452  0.55573318  0.64998046
   0.11435884  0.43725868  0.94718319
   0.82229458  0.67693021  0.59690113
   0.02617956  0.52696452  0.86284032
   0.79115614  0.81165644  0.69562476
   0.00167632  0.50487768  0.74894106
   0.51750006  0.03732343  0.96123235
   0.60550088  0.94603577  0.84968643
   0.11435884  0.93725871  0.44718316
   0.82229458  0.17693021  0.09690115
   0.02617956  0.02696454  0.36284032
   0.79115614  0.31165644  0.19562476
   0.00167632  0.00487771  0.24894108
   0.51750006  0.53732345  0.46123232
   0.60550088  0.44603583  0.34968646
   0.08519111  0.46353491  0.05633463
   0.82528954  0.68075155  0.40278315
   0.02564965  0.52700757  0.13710358
   0.79379825  0.81420508  0.30434850
   0.00149159  0.50478736  0.25129894
   0.51777762  0.03217497  0.04001437
   0.60689751  0.94377381  0.14996305
   0.08519111  0.96353488  0.55633467
   0.82528954  0.18075157  0.90278318
   0.02564965  0.02700754  0.63710355
   0.79379825  0.31420511  0.80434847
   0.00149159  0.00478737  0.75129894
   0.51777762  0.53217498  0.54001435
   0.60689751  0.44377381  0.64996308
   0.61437013  0.56297054  0.94718537
   0.32223393  0.32269255  0.59690336
   0.52619518  0.47349161  0.86282283
   0.29165618  0.18805442  0.69562067
   0.50170434  0.49514972  0.74895478
   0.01751208  0.96286406  0.96123846
   0.10555068  0.05448170  0.84969846
   0.61437013  0.06297050  0.44718543
   0.32223393  0.82269255  0.09690338
   0.52619518  0.97349158  0.36282280
   0.29165618  0.68805442  0.19562063
   0.50170434  0.99514972  0.24895475
   0.01751208  0.46286409  0.46123846
   0.10555068  0.55448172  0.34969852
   0.32171465  0.16760818  0.50069523
   0.32171465  0.66760824  1.00069525
   0.82172062  0.83239264  0.50069500
   0.82172062  0.33239270  0.00069500
   0.79054708  0.75379324  0.44996028
   0.79054708  0.25379324  0.94996025
   0.29053927  0.24641296  0.44995898
   0.29053927  0.74641296  0.94995898
