   0.25068804  0.25121865  0.10280114
   0.23238340  0.27358635  0.21925635
   0.25068804  0.75121865  0.60280116
   0.23238340  0.77358638  0.71925631
   0.74694820  0.75574480  0.89691683
   0.73041930  0.72601566  0.78097094
   0.74694820  0.25574480  0.39691686
   0.73041930  0.22601568  0.28097088
   0.75068702  0.74863727  0.10279920
   0.73234184  0.72653343  0.21925675
   0.75068702  0.24863730  0.60279922
   0.73234184  0.22653342  0.71925678
   0.24695283  0.24437657  0.89691791
   0.23037579  0.27390604  0.78097186
   0.24695283  0.74437660  0.39691794
   0.23037579  0.77390601  0.28097189
   0.24748965  0.24094885 -0.00430905
   0.24748965  0.74094885  0.49569095
   0.74748591  0.75905035  0.99569430
   0.74748591  0.25905035  0.49569424
   0.29474992  0.24944104  0.34834333
   0.29474992  0.74944104  0.84834336
   0.79475713  0.75075824  0.34835259
   0.79475713  0.25075824  0.84835259
   0.79601088  0.74813964  0.65165467
   0.79601088  0.24813966  0.15165468
   0.28985041  0.24890096  0.54876697
   0.29601920  0.25163691  0.65164451
   0.29601920  0.75163691  0.15164451
   0.28985041  0.74890095  0.04876696
   0.78984748  0.75101503  0.54876769
   0.78984748  0.25101503  0.04876768
   0.57842005  0.52953617  0.05679107
   0.32602544  0.31921273  0.40298413
   0.52589116  0.47171452  0.13681386
   0.29434781  0.18524971  0.30449104
   0.49882488  0.49473254  0.25112944
   0.02268205  0.97291686  0.03985005
   0.10983542  0.05796170  0.14994934
   0.57842005  0.02953618  0.55679105
   0.32602544  0.81921273  0.90298413
   0.52589116  0.97171455  0.63681384
   0.29434781  0.68524968  0.80449104
   0.49882488  0.99473257  0.75112947
   0.02268205  0.47291689  0.53985004
   0.10983542  0.55796175  0.64994937
   0.11608581  0.43657996  0.94731996
   0.82309328  0.67519324  0.59690980
   0.02715546  0.52620119  0.86301289
   0.79197961  0.81254459  0.69530242
  -0.00091424  0.50532840  0.74882063
   0.51908045  0.03688388  0.96141435
   0.60477854  0.94698468  0.84989422
   0.11608581  0.93657999  0.44731993
   0.82309328  0.17519324  0.09690981
   0.02715546  0.02620121  0.36301289
   0.79197961  0.31254459  0.19530242
  -0.00091424  0.00532843  0.24882065
   0.51908045  0.53688391  0.46141432
   0.60477854  0.44698474  0.34989425
   0.07842037  0.47035295  0.05678767
   0.82599063  0.68090213  0.40298519
   0.02590470  0.52804310  0.13681279
   0.79439862  0.81488136  0.30449226
  -0.00115146  0.50529087  0.25112611
   0.52269195  0.02701755  0.03984872
   0.60985336  0.94176664  0.14994602
   0.07842037  0.97035292  0.55678772
   0.82599063  0.18090215  0.90298522
   0.02590470  0.02804307  0.63681276
   0.79439862  0.31488139  0.80449223
  -0.00115146  0.00529088  0.75112611
   0.52269195  0.52701756  0.53984869
   0.60985336  0.44176664  0.64994605
   0.61609757  0.56356425  0.94732841
   0.32307033  0.32463729  0.59690946
   0.52716327  0.47400118  0.86301363
   0.29202506  0.18730556  0.69530121
   0.49911290  0.49467028  0.74882431
   0.01909433  0.96322932  0.96141739
   0.10479532  0.05325721  0.84989816
   0.61609757  0.06356420  0.44732847
   0.32307033  0.82463729  0.09690948
   0.52716327  0.97400115  0.36301360
   0.29202506  0.68730556  0.19530116
   0.49911290  0.99467028  0.24882428
   0.01909433  0.46322935  0.46141739
   0.10479532  0.55325723  0.34989822
   0.32254125  0.16713748  0.50079041
   0.32254125  0.66713754  1.00079044
   0.82255916  0.83288257  0.50078905
   0.82255916  0.33288263  0.00078905
   0.79157163  0.75422601  0.45011944
   0.79157163  0.25422601  0.95011941
   0.29156801  0.24588406  0.45012051
   0.29156801  0.74588406  0.95012051
