   0.25044450  0.25070246  0.10288122
   0.23380848  0.27350808  0.21934111
   0.25044450  0.75070246  0.60288124
   0.23380848  0.77350811  0.71934106
   0.74683168  0.75561628  0.89690513
   0.73174563  0.72602304  0.78103414
   0.74683168  0.25561628  0.39690516
   0.73174563  0.22602306  0.28103408
   0.75045460  0.74908711  0.10287907
   0.73371239  0.72660424  0.21933822
   0.75045460  0.24908714  0.60287909
   0.73371239  0.22660422  0.71933825
   0.24684769  0.24457141  0.89690629
   0.23164627  0.27392543  0.78103900
   0.24684769  0.74457143  0.39690632
   0.23164627  0.77392540  0.28103903
   0.24715153  0.24116082 -0.00432367
   0.24715153  0.74116082  0.49567633
   0.74715058  0.75884040  0.99567912
   0.74715058  0.25884040  0.49567906
   0.29469958  0.24954833  0.34830481
   0.29469958  0.74954833  0.84830484
   0.79471542  0.75071061  0.34831585
   0.79471542  0.25071061  0.84831585
   0.79566693  0.74836293  0.65175000
   0.79566693  0.24836295  0.15175001
   0.28975805  0.24881573  0.54874484
   0.29568399  0.25136177  0.65173800
   0.29568399  0.75136177  0.15173800
   0.28975805  0.74881571  0.04874482
   0.78975470  0.75106159  0.54874576
   0.78975470  0.25106159  0.04874576
   0.58066601  0.53180482  0.05662827
   0.32581080  0.31933627  0.40292330
   0.52575770  0.47200130  0.13689326
   0.29415104  0.18542894  0.30446466
   0.49981987  0.49489264  0.25119045
   0.02093450  0.97110846  0.03988913
   0.10879423  0.05721854  0.14995005
   0.58066601  0.03180482  0.55662825
   0.32581080  0.81933627  0.90292330
   0.52575770  0.97200133  0.63689324
   0.29415104  0.68542891  0.80446466
   0.49981987  0.99489267  0.75119048
   0.02093450  0.47110849  0.53988912
   0.10879423  0.55721859  0.64995008
   0.11548880  0.43678678  0.94727164
   0.82276209  0.67576828  0.59689352
   0.02691153  0.52641499  0.86297099
   0.79169084  0.81232740  0.69539916
   0.00007140  0.50519102  0.74886660
   0.51849499  0.03704143  0.96135814
   0.60501425  0.94671882  0.84983466
   0.11548880  0.93678681  0.44727161
   0.82276209  0.17576828  0.09689353
   0.02691153  0.02641501  0.36297099
   0.79169084  0.31232740  0.19539916
   0.00007140  0.00519105  0.24886661
   0.51849499  0.53704146  0.46135811
   0.60501425  0.44671888  0.34983469
   0.08067143  0.46803786  0.05662460
   0.82578037  0.68083768  0.40292374
   0.02577157  0.52769705  0.13689624
   0.79430596  0.81474153  0.30446605
  -0.00015807  0.50513247  0.25118496
   0.52094635  0.02878399  0.03988852
   0.60881828  0.94244637  0.14994406
   0.08067143  0.96803783  0.55662464
   0.82578037  0.18083769  0.90292377
   0.02577157  0.02769702  0.63689621
   0.79430596  0.31474156  0.80446602
  -0.00015807  0.00513247  0.75118496
   0.52094635  0.52878400  0.53988850
   0.60881828  0.44244637  0.64994408
   0.61549907  0.56337796  0.94727817
   0.32273103  0.32400619  0.59689384
   0.52692226  0.47385731  0.86296735
   0.29184428  0.18748950  0.69539763
   0.50009893  0.49482053  0.74887253
   0.01850608  0.96308733  0.96136072
   0.10504038  0.05359868  0.84984006
   0.61549907  0.06337792  0.44727823
   0.32273103  0.82400619  0.09689386
   0.52692226  0.97385728  0.36296732
   0.29184428  0.68748950  0.19539759
   0.50009893  0.99482053  0.24887250
   0.01850608  0.46308736  0.46136072
   0.10504038  0.55359870  0.34984012
   0.32220637  0.16726550  0.50075489
   0.32220637  0.66726556  1.00075492
   0.82221975  0.83274454  0.50075386
   0.82221975  0.33274460  0.00075386
   0.79117929  0.75409527  0.45006962
   0.79117929  0.25409527  0.95006959
   0.29117627  0.24604013  0.45007036
   0.29117627  0.74604013  0.95007036
