   0.25077581  0.25134555  0.10278518
   0.23204379  0.27358692  0.21923352
   0.25077581  0.75134555  0.60278519
   0.23204379  0.77358695  0.71923347
   0.74699527  0.75576912  0.89692008
   0.73011353  0.72602538  0.78095768
   0.74699527  0.25576912  0.39692011
   0.73011353  0.22602540  0.28095762
   0.75077277  0.74852293  0.10278326
   0.73201199  0.72653289  0.21923451
   0.75077277  0.24852296  0.60278328
   0.73201199  0.22653287  0.71923454
   0.24699788  0.24434008  0.89692111
   0.23007974  0.27389204  0.78095793
   0.24699788  0.74434011  0.39692114
   0.23007974  0.77389201  0.28095796
   0.24759975  0.24089766 -0.00430565
   0.24759975  0.74089766  0.49569435
   0.74759501  0.75910172  0.99569782
   0.74759501  0.25910172  0.49569776
   0.29474669  0.24939312  0.34833302
   0.29474669  0.74939312  0.84833305
   0.79475217  0.75079414  0.34834199
   0.79475217  0.25079414  0.84834199
   0.79609501  0.74807873  0.65164042
   0.79609501  0.24807875  0.15164043
   0.28988129  0.24892324  0.54877487
   0.29610147  0.25170787  0.65163064
   0.29610147  0.75170787  0.15163064
   0.28988129  0.74892323  0.04877486
   0.78987840  0.75100053  0.54877556
   0.78987840  0.25100053  0.04877556
   0.57783380  0.52893695  0.05683190
   0.32606315  0.31917396  0.40299772
   0.52591573  0.47163491  0.13679781
   0.29435400  0.18525112  0.30450918
   0.49856836  0.49470102  0.25111404
   0.02314932  0.97339349  0.03984163
   0.11010418  0.05815433  0.14995236
   0.57783380  0.02893696  0.55683188
   0.32606315  0.81917396  0.90299772
   0.52591573  0.97163494  0.63679780
   0.29435400  0.68525109  0.80450918
   0.49856836  0.99470105  0.75111407
   0.02314932  0.47339352  0.53984163
   0.11010418  0.55815438  0.64995239
   0.11624147  0.43652399  0.94733202
   0.82316658  0.67505898  0.59691291
   0.02719974  0.52615341  0.86302046
   0.79203375  0.81256140  0.69527064
  -0.00116829  0.50535680  0.74880714
   0.51923468  0.03683340  0.96142799
   0.60471140  0.94704885  0.84990729
   0.11624147  0.93652402  0.44733199
   0.82316658  0.17505898  0.09691292
   0.02719974  0.02615343  0.36302046
   0.79203375  0.31256140  0.19527064
  -0.00116829  0.00535683  0.24880716
   0.51923468  0.53683343  0.46142796
   0.60471140  0.44704891  0.34990732
   0.07783284  0.47096208  0.05682859
   0.82602739  0.68092831  0.40299895
   0.02592902  0.52813480  0.13679601
   0.79438661  0.81487169  0.30451033
  -0.00140756  0.50532135  0.25111109
   0.52315850  0.02655003  0.03984016
   0.61012039  0.94158652  0.14994952
   0.07783284  0.97096205  0.55682863
   0.82602739  0.18092832  0.90299897
   0.02592902  0.02813478  0.63679598
   0.79438661  0.31487172  0.80451030
  -0.00140756  0.00532135  0.75111109
   0.52315850  0.52655004  0.53984014
   0.61012039  0.44158652  0.64994955
   0.61625345  0.56361630  0.94734090
   0.32314504  0.32478322  0.59691244
   0.52720681  0.47403427  0.86302198
   0.29205920  0.18729527  0.69526943
   0.49885888  0.49463903  0.74881046
   0.01924906  0.96327675  0.96143113
   0.10472601  0.05317766  0.84991098
   0.61625345  0.06361625  0.44734096
   0.32314504  0.82478322  0.09691245
   0.52720681  0.97403424  0.36302195
   0.29205920  0.68729527  0.19526938
   0.49885888  0.99463903  0.24881043
   0.01924906  0.46327678  0.46143113
   0.10472601  0.55317768  0.34991103
   0.32262410  0.16711597  0.50080257
   0.32262410  0.66711603  1.00080260
   0.82264316  0.83290637  0.50080113
   0.82264316  0.33290643  0.00080113
   0.79167086  0.75425732  0.45012902
   0.79167086  0.25425732  0.95012899
   0.29166750  0.24584836  0.45013022
   0.29166750  0.74584836  0.95013022
