   0.25015211  0.24952276  0.10307910
   0.23647026  0.27322082  0.21950629
   0.25015211  0.74952276  0.60307912
   0.23647026  0.77322085  0.71950624
   0.74646110  0.75535414  0.89684275
   0.73442080  0.72618882  0.78114673
   0.74646110  0.25535414  0.39684278
   0.73442080  0.22618883  0.28114667
   0.75019569  0.75006429  0.10307137
   0.73617992  0.72684762  0.21949266
   0.75019569  0.25006432  0.60307139
   0.73617992  0.22684760  0.71949269
   0.24652067  0.24503958  0.89684573
   0.23411887  0.27381743  0.78116460
   0.24652067  0.74503961  0.39684576
   0.23411887  0.77381740  0.28116463
   0.24667422  0.24170438 -0.00436156
   0.24667422  0.74170438  0.49563844
   0.74665490  0.75825045  0.99564267
   0.74665490  0.25825045  0.49564261
   0.29440281  0.24986627  0.34819239
   0.29440281  0.74986627  0.84819242
   0.79445365  0.75057984  0.34820918
   0.79445365  0.25057984  0.84820918
   0.79504523  0.74883610  0.65199395
   0.79504523  0.24883612  0.15199397
   0.28984042  0.24860806  0.54872216
   0.29509638  0.25072589  0.65197606
   0.29509638  0.75072589  0.15197606
   0.28984042  0.74860805  0.04872215
   0.78984536  0.75115289  0.54872351
   0.78984536  0.25115289  0.04872351
   0.58578154  0.53676236  0.05629576
   0.32524270  0.31960528  0.40276227
   0.52565320  0.47261199  0.13711804
   0.29316307  0.18619529  0.30432784
   0.50165075  0.49527123  0.25132527
   0.01738562  0.96718024  0.04003322
   0.10663694  0.05554111  0.14998716
   0.58578154  0.03676237  0.55629574
   0.32524270  0.81960528  0.90276227
   0.52565320  0.97261202  0.63711803
   0.29316307  0.68619526  0.80432784
   0.50165075  0.99527126  0.75132530
   0.01738562  0.46718027  0.54003321
   0.10663694  0.55554116  0.64998719
   0.11421917  0.43733160  0.94717304
   0.82226788  0.67708381  0.59690137
   0.02606622  0.52704617  0.86281840
   0.79109053  0.81154021  0.69566154
   0.00184920  0.50482935  0.74894710
   0.51738134  0.03736678  0.96121342
   0.60557295  0.94593536  0.84966593
   0.11421917  0.93733163  0.44717301
   0.82226788  0.17708381  0.09690138
   0.02606622  0.02704620  0.36281840
   0.79109053  0.31154021  0.19566154
   0.00184920  0.00482938  0.24894711
   0.51738134  0.53736680  0.46121339
   0.60557295  0.44593542  0.34966596
   0.08577641  0.46298596  0.05630072
   0.82522868  0.68074689  0.40276185
   0.02565937  0.52691887  0.13713646
   0.79372105  0.81409742  0.30433148
   0.00166742  0.50473656  0.25131204
   0.51739348  0.03261648  0.04003806
   0.60666875  0.94394639  0.14996694
   0.08577641  0.96298593  0.55630076
   0.82522868  0.18074690  0.90276187
   0.02565937  0.02691885  0.63713643
   0.79372105  0.31409745  0.80433145
   0.00166742  0.00473656  0.75131204
   0.51739348  0.53261648  0.54003803
   0.60666875  0.44394639  0.64996697
   0.61423050  0.56291047  0.94717448
   0.32220065  0.32251440  0.59690367
   0.52608513  0.47343507  0.86279886
   0.29164160  0.18815137  0.69565802
   0.50187754  0.49519859  0.74896193
   0.01739702  0.96283413  0.96122190
   0.10562343  0.05461062  0.84967990
   0.61423050  0.06291043  0.44717454
   0.32220065  0.82251440  0.09690369
   0.52608513  0.97343504  0.36279883
   0.29164160  0.68815137  0.19565798
   0.50187754  0.99519859  0.24896190
   0.01739702  0.46283416  0.46122190
   0.10562343  0.55461064  0.34967996
   0.32167829  0.16766646  0.50069078
   0.32167829  0.66766652  1.00069081
   0.82168293  0.83233390  0.50069093
   0.82168293  0.33233396  0.00069093
   0.79049355  0.75375528  0.44994779
   0.79049355  0.25375528  0.94994776
   0.29048037  0.24646086  0.44994614
   0.29048037  0.74646086  0.94994614
