   0.25031142  0.25027120  0.10294464
   0.23485373  0.27342532  0.21940288
   0.25031142  0.75027120  0.60294465
   0.23485373  0.77342535  0.71940283
   0.74671810  0.75552630  0.89689122
   0.73276053  0.72605960  0.78108026
   0.74671810  0.25552630  0.39689125
   0.73276053  0.22605961  0.28108020
   0.75033433  0.74945149  0.10294208
   0.73469472  0.72667591  0.21939634
   0.75033433  0.24945152  0.60294211
   0.73469472  0.22667589  0.71939637
   0.24674660  0.24472747  0.89689254
   0.23259664  0.27391295  0.78108952
   0.24674660  0.74472750  0.39689257
   0.23259664  0.77391292  0.28108955
   0.24694680  0.24134543 -0.00433440
   0.24694680  0.74134543  0.49566560
   0.74694672  0.75865406  0.99566799
   0.74694672  0.25865406  0.49566793
   0.29462272  0.24965535  0.34827945
   0.29462272  0.74965535  0.84827948
   0.79464855  0.75066233  0.34829241
   0.79464855  0.25066233  0.84829241
   0.79542237  0.74854387  0.65182533
   0.79542237  0.24854388  0.15182534
   0.28974723  0.24873682  0.54873038
   0.29544989  0.25112939  0.65181143
   0.29544989  0.75112939  0.15181143
   0.28974723  0.74873681  0.04873037
   0.78974396  0.75110552  0.54873150
   0.78974396  0.25110552  0.04873149
   0.58249901  0.53362127  0.05650068
   0.32560344  0.31943773  0.40287101
   0.52568015  0.47222837  0.13696301
   0.29385487  0.18562446  0.30442151
   0.50055868  0.49501895  0.25124016
   0.01960117  0.96968279  0.03992952
   0.10797121  0.05660315  0.14995478
   0.58249901  0.03362128  0.55650066
   0.32560344  0.81943773  0.90287101
   0.52568015  0.97222840  0.63696299
   0.29385487  0.68562443  0.80442151
   0.50055868  0.99501897  0.75124019
   0.01960117  0.46968282  0.53992952
   0.10797121  0.55660321  0.64995481
   0.11501820  0.43697242  0.94723535
   0.82252447  0.67624246  0.59688721
   0.02664085  0.52661789  0.86292798
   0.79146203  0.81211311  0.69548968
   0.00079106  0.50507131  0.74890214
   0.51806639  0.03715916  0.96131067
   0.60520595  0.94646015  0.84978050
   0.11501820  0.93697245  0.44723532
   0.82252447  0.17624246  0.09688722
   0.02664085  0.02661791  0.36292798
   0.79146203  0.31211311  0.19548968
   0.00079106  0.00507134  0.24890215
   0.51806639  0.53715919  0.46131064
   0.60520595  0.44646021  0.34978053
   0.08250691  0.46618235  0.05649750
   0.82557751  0.68079443  0.40287088
   0.02569320  0.52741260  0.13697085
   0.79413456  0.81458361  0.30442310
   0.00057859  0.50500227  0.25123202
   0.51961274  0.03017491  0.03992994
   0.60800029  0.94299823  0.14994544
   0.08250691  0.96618232  0.55649754
   0.82557751  0.18079444  0.90287091
   0.02569320  0.02741257  0.63697082
   0.79413456  0.31458364  0.80442307
   0.00057859  0.00500227  0.75123202
   0.51961274  0.53017492  0.53992991
   0.60800029  0.44299823  0.64994547
   0.61502760  0.56321451  0.94724014
   0.32248386  0.32347741  0.59688823
   0.52665383  0.47372386  0.86291927
   0.29174372  0.18766718  0.69548776
   0.50081855  0.49494914  0.74891092
   0.01807546  0.96298756  0.96131324
   0.10524136  0.05393443  0.84978783
   0.61502760  0.06321447  0.44724020
   0.32248386  0.82347741  0.09688825
   0.52665383  0.97372383  0.36291924
   0.29174372  0.68766718  0.19548771
   0.50081855  0.99494914  0.24891089
   0.01807546  0.46298759  0.46131324
   0.10524136  0.55393445  0.34978789
   0.32196720  0.16739036  0.50072900
   0.32196720  0.66739042  1.00072903
   0.82197721  0.83261406  0.50072832
   0.82197721  0.33261412  0.00072832
   0.79094465  0.75399366  0.45003377
   0.79094465  0.25399366  0.95003374
   0.29094065  0.24616301  0.45003395
   0.29094065  0.74616301  0.95003395
