   0.25073211  0.25130072  0.10279124
   0.23214989  0.27358243  0.21924555
   0.25073211  0.75130072  0.60279125
   0.23214989  0.77358246  0.71924550
   0.74696647  0.75576548  0.89691790
   0.73020355  0.72601834  0.78095814
   0.74696647  0.25576548  0.39691792
   0.73020355  0.22601835  0.28095808
   0.75072953  0.74856421  0.10278927
   0.73211562  0.72653748  0.21924639
   0.75072953  0.24856424  0.60278929
   0.73211562  0.22653747  0.71924642
   0.24696961  0.24434730  0.89691894
   0.23016682  0.27390026  0.78095857
   0.24696961  0.74434733  0.39691897
   0.23016682  0.77390023  0.28095860
   0.24755999  0.24091281 -0.00430728
   0.24755999  0.74091281  0.49569272
   0.74755614  0.75908637  0.99569620
   0.74755614  0.25908637  0.49569614
   0.29474908  0.24941468  0.34834113
   0.29474908  0.74941468  0.84834115
   0.79475501  0.75077586  0.34835017
   0.79475501  0.25077586  0.84835017
   0.79607449  0.74807901  0.65163217
   0.79607449  0.24807903  0.15163218
   0.28986847  0.24891698  0.54877341
   0.29608136  0.25170486  0.65162231
   0.29608136  0.75170486  0.15162231
   0.28986847  0.74891697  0.04877340
   0.78986561  0.75100462  0.54877412
   0.78986561  0.25100462  0.04877412
   0.57802101  0.52911814  0.05681859
   0.32605847  0.31919044  0.40299368
   0.52591035  0.47166251  0.13680257
   0.29435761  0.18523745  0.30449973
   0.49864836  0.49470924  0.25111785
   0.02300746  0.97324160  0.03984449
   0.11001596  0.05809180  0.14995026
   0.57802101  0.02911815  0.55681857
   0.32605847  0.81919044  0.90299368
   0.52591035  0.97166254  0.63680255
   0.29435761  0.68523742  0.80449973
   0.49864836  0.99470927  0.75111788
   0.02300746  0.47324163  0.53984449
   0.11001596  0.55809185  0.64995029
   0.11619895  0.43654081  0.94732882
   0.82314804  0.67509729  0.59690976
   0.02718671  0.52616713  0.86301852
   0.79201896  0.81258308  0.69529215
  -0.00108848  0.50534792  0.74881098
   0.51919091  0.03685085  0.96142498
   0.60473284  0.94702806  0.84990410
   0.11619895  0.93654084  0.44732879
   0.82314804  0.17509729  0.09690978
   0.02718671  0.02616715  0.36301852
   0.79201896  0.31258308  0.19529215
  -0.00108848  0.00534795  0.24881099
   0.51919091  0.53685088  0.46142495
   0.60473284  0.44702812  0.34990413
   0.07802054  0.47077803  0.05681525
   0.82602307  0.68091554  0.40299484
   0.02592376  0.52810369  0.13680098
   0.79439569  0.81488791  0.30450091
  -0.00132777  0.50531348  0.25111479
   0.52301691  0.02669922  0.03984307
   0.61003268  0.94164534  0.14994728
   0.07802054  0.97077800  0.55681529
   0.82602307  0.18091555  0.90299487
   0.02592376  0.02810366  0.63680095
   0.79439569  0.31488794  0.80450088
  -0.00132777  0.00531349  0.75111479
   0.52301691  0.52669923  0.53984305
   0.61003268  0.44164534  0.64994731
   0.61621097  0.56360045  0.94733756
   0.32312609  0.32474143  0.59690935
   0.52719410  0.47402487  0.86301981
   0.29205037  0.18727160  0.69529092
   0.49893860  0.49464877  0.74881440
   0.01920511  0.96326009  0.96142810
   0.10474821  0.05320294  0.84990786
   0.61621097  0.06360041  0.44733762
   0.32312609  0.82474143  0.09690936
   0.52719410  0.97402484  0.36301978
   0.29205037  0.68727160  0.19529087
   0.49893860  0.99464877  0.24881437
   0.01920511  0.46326012  0.46142810
   0.10474821  0.55320297  0.34990792
   0.32260395  0.16711966  0.50079873
   0.32260395  0.66711972  1.00079876
   0.82262264  0.83290195  0.50079732
   0.82262264  0.33290201  0.00079732
   0.79163378  0.75424651  0.45012647
   0.79163378  0.25424651  0.95012644
   0.29163011  0.24586060  0.45012759
   0.29163011  0.74586060  0.95012759
