   0.25019041  0.24974547  0.10303415
   0.23600073  0.27328973  0.21947689
   0.25019041  0.74974547  0.60303416
   0.23600073  0.77328976  0.71947684
   0.74654174  0.75540470  0.89686096
   0.73393835  0.72614321  0.78112797
   0.74654174  0.25540470  0.39686099
   0.73393835  0.22614322  0.28112791
   0.75023077  0.74988659  0.10302947
   0.73575101  0.72679009  0.21946542
   0.75023077  0.24988662  0.60302949
   0.73575101  0.22679008  0.71946545
   0.24659135  0.24494227  0.89686312
   0.23367998  0.27385074  0.78114318
   0.24659135  0.74494230  0.39686315
   0.23367998  0.77385071  0.28114321
   0.24674270  0.24159366 -0.00435265
   0.24674270  0.74159366  0.49564735
   0.74673816  0.75839086  0.99565037
   0.74673816  0.25839086  0.49565031
   0.29447999  0.24979238  0.34822029
   0.29447999  0.74979238  0.84822032
   0.79452176  0.75061200  0.34823601
   0.79452176  0.25061200  0.84823601
   0.79515274  0.74876047  0.65194368
   0.79515274  0.24876049  0.15194370
   0.28980573  0.24865055  0.54872042
   0.29519558  0.25083730  0.65192705
   0.29519558  0.75083730  0.15192705
   0.28980573  0.74865054  0.04872041
   0.78980561  0.75114077  0.54872169
   0.78980561  0.25114077  0.04872168
   0.58469773  0.53573892  0.05636317
   0.32535927  0.31955325  0.40279988
   0.52564281  0.47248320  0.13706423
   0.29340604  0.18597701  0.30436556
   0.50131676  0.49518487  0.25129496
   0.01810751  0.96801010  0.03999453
   0.10706396  0.05589189  0.14997342
   0.58469773  0.03573893  0.55636315
   0.32535927  0.81955325  0.90279988
   0.52564281  0.97248323  0.63706421
   0.29340604  0.68597698  0.80436556
   0.50131676  0.99518490  0.75129499
   0.01810751  0.46801013  0.53999453
   0.10706396  0.55589195  0.64997345
   0.11448213  0.43719547  0.94719286
   0.82232531  0.67680113  0.59689376
   0.02627214  0.52689621  0.86285762
   0.79120713  0.81175104  0.69559556
   0.00152558  0.50491659  0.74893444
   0.51759587  0.03729024  0.96124856
   0.60544399  0.94612081  0.84970595
   0.11448213  0.93719550  0.44719283
   0.82232531  0.17680113  0.09689378
   0.02627214  0.02689623  0.36285762
   0.79120713  0.31175104  0.19559556
   0.00152558  0.00491662  0.24893445
   0.51759587  0.53729027  0.46124853
   0.60544399  0.44612087  0.34970598
   0.08470160  0.46402363  0.05636350
   0.82534122  0.68075558  0.40279922
   0.02565067  0.52708168  0.13707864
   0.79386272  0.81428280  0.30436868
   0.00133430  0.50482844  0.25128332
   0.51811819  0.03180616  0.03999743
   0.60709886  0.94363332  0.14995807
   0.08470160  0.96402360  0.55636354
   0.82534122  0.18075559  0.90279925
   0.02565067  0.02708166  0.63707861
   0.79386272  0.31428283  0.80436865
   0.00133430  0.00482844  0.75128332
   0.51811819  0.53180616  0.53999741
   0.60709886  0.44363332  0.64995810
   0.61449212  0.56302495  0.94719557
   0.32226915  0.32284211  0.59689567
   0.52628654  0.47353871  0.86284188
   0.29166358  0.18797434  0.69559237
   0.50155315  0.49510935  0.74894714
   0.01760631  0.96288709  0.96125330
   0.10549282  0.05437250  0.84971672
   0.61449212  0.06302491  0.44719563
   0.32226915  0.82284211  0.09689568
   0.52628654  0.97353868  0.36284185
   0.29166358  0.68797434  0.19559233
   0.50155315  0.99510935  0.24894711
   0.01760631  0.46288712  0.46125330
   0.10549282  0.55437252  0.34971678
   0.32174974  0.16756657  0.50070450
   0.32174974  0.66756663  1.00070453
   0.82175652  0.83243460  0.50070421
   0.82175652  0.33243466  0.00070421
   0.79060808  0.75382950  0.44997389
   0.79060808  0.25382950  0.94997386
   0.29060135  0.24636695  0.44997331
   0.29060135  0.74636695  0.94997331
