   0.25047229  0.25075647  0.10286835
   0.23365676  0.27352529  0.21932642
   0.25047229  0.75075647  0.60286837
   0.23365676  0.77352532  0.71932638
   0.74685162  0.75563110  0.89690798
   0.73160069  0.72601695  0.78102948
   0.74685162  0.25563110  0.39690801
   0.73160069  0.22601696  0.28102942
   0.75048093  0.74904122  0.10286622
   0.73356779  0.72658813  0.21932395
   0.75048093  0.24904125  0.60286625
   0.73356779  0.22658811  0.71932398
   0.24686607  0.24454859  0.89690912
   0.23150898  0.27392842  0.78103383
   0.24686607  0.74454862  0.39690915
   0.23150898  0.77392839  0.28103386
   0.24718423  0.24114078 -0.00431797
   0.24718423  0.74114078  0.49568203
   0.74718315  0.75886031  0.99568489
   0.74718315  0.25886031  0.49568483
   0.29470927  0.24953475  0.34831296
   0.29470927  0.74953475  0.84831298
   0.79472384  0.75071810  0.34832398
   0.79472384  0.25071810  0.84832398
   0.79569868  0.74835572  0.65174179
   0.79569868  0.24835574  0.15174180
   0.28977475  0.24882104  0.54874820
   0.29571456  0.25137444  0.65172982
   0.29571456  0.75137444  0.15172982
   0.28977475  0.74882103  0.04874819
   0.78977140  0.75105990  0.54874909
   0.78977140  0.25105990  0.04874908
   0.58039764  0.53155420  0.05664623
   0.32583777  0.31932079  0.40293048
   0.52577056  0.47196937  0.13688353
   0.29418641  0.18539297  0.30446125
   0.49970596  0.49487121  0.25118446
   0.02112390  0.97132477  0.03988271
   0.10890509  0.05730106  0.14995065
   0.58039764  0.03155420  0.55664621
   0.32583777  0.81932079  0.90293048
   0.52577056  0.97196940  0.63688352
   0.29418641  0.68539294  0.80446125
   0.49970596  0.99487124  0.75118449
   0.02112390  0.47132480  0.53988271
   0.10890509  0.55730112  0.64995068
   0.11555315  0.43676326  0.94727632
   0.82279526  0.67570413  0.59689750
   0.02694541  0.52638487  0.86297582
   0.79172659  0.81235839  0.69539065
  -0.00004193  0.50520761  0.74886183
   0.51856212  0.03702206  0.96136368
   0.60498331  0.94675188  0.84984070
   0.11555315  0.93676329  0.44727629
   0.82279526  0.17570413  0.09689751
   0.02694541  0.02638489  0.36297582
   0.79172659  0.31235839  0.19539065
  -0.00004193  0.00520764  0.24886185
   0.51856212  0.53702208  0.46136365
   0.60498331  0.44675194  0.34984073
   0.08040233  0.46829410  0.05664261
   0.82580691  0.68084535  0.40293102
   0.02578449  0.52773653  0.13688595
   0.79432640  0.81477269  0.30446250
  -0.00027164  0.50515404  0.25117929
   0.52113537  0.02857277  0.03988200
   0.60892843  0.94237209  0.14994504
   0.08040233  0.96829407  0.55664265
   0.82580691  0.18084536  0.90293105
   0.02578449  0.02773650  0.63688592
   0.79432640  0.31477272  0.80446247
  -0.00027164  0.00515405  0.75117929
   0.52113537  0.52857278  0.53988197
   0.60892843  0.44237209  0.64994507
   0.61556356  0.56339877  0.94728307
   0.32276551  0.32407772  0.59689770
   0.52695547  0.47387860  0.86297279
   0.29186466  0.18746292  0.69538930
   0.49998574  0.49480248  0.74886744
   0.01857359  0.96310473  0.96136629
   0.10500822  0.05355579  0.84984590
   0.61556356  0.06339872  0.44728313
   0.32276551  0.82407772  0.09689772
   0.52695547  0.97387857  0.36297276
   0.29186466  0.68746292  0.19538925
   0.49998574  0.99480248  0.24886741
   0.01857359  0.46310476  0.46136629
   0.10500822  0.55355581  0.34984595
   0.32224344  0.16724701  0.50075508
   0.32224344  0.66724707  1.00075511
   0.82225742  0.83276432  0.50075403
   0.82225742  0.33276438  0.00075403
   0.79122841  0.75411087  0.45007762
   0.79122841  0.25411087  0.95007759
   0.29122512  0.24602129  0.45007836
   0.29122512  0.74602129  0.95007836
