   0.25056081  0.25097638  0.10283809
   0.23307024  0.27356692  0.21929504
   0.25056081  0.75097638  0.60283811
   0.23307024  0.77356695  0.71929500
   0.74689901  0.75567059  0.89691329
   0.73104227  0.72598691  0.78100517
   0.74689901  0.25567059  0.39691332
   0.73104227  0.22598692  0.28100511
   0.75056441  0.74885014  0.10283604
   0.73300550  0.72654967  0.21929403
   0.75056441  0.24885017  0.60283606
   0.73300550  0.22654965  0.71929406
   0.24690873  0.24448064  0.89691442
   0.23097493  0.27394720  0.78100776
   0.24690873  0.74448067  0.39691445
   0.23097493  0.77394717  0.28100779
   0.24730774  0.24104742 -0.00431128
   0.24730774  0.74104742  0.49568872
   0.74730557  0.75895334  0.99569181
   0.74730557  0.25895334  0.49569175
   0.29473108  0.24946417  0.34831149
   0.29473108  0.74946417  0.84831152
   0.79474204  0.75076250  0.34832139
   0.79474204  0.25076250  0.84832139
   0.79583842  0.74824575  0.65169353
   0.79583842  0.24824576  0.15169355
   0.28980617  0.24885370  0.54876082
   0.29585042  0.25150688  0.65168269
   0.29585042  0.75150688  0.15168269
   0.28980617  0.74885369  0.04876081
   0.78980315  0.75104429  0.54876166
   0.78980315  0.25104429  0.04876166
   0.57949797  0.53063711  0.05671038
   0.32593334  0.31927050  0.40295675
   0.52582737  0.47186039  0.13684569
   0.29429642  0.18533209  0.30449724
   0.49929906  0.49480279  0.25115830
   0.02182697  0.97205154  0.03986564
   0.10932182  0.05760378  0.14994556
   0.57949797  0.03063712  0.55671036
   0.32593334  0.81927050  0.90295675
   0.52582737  0.97186042  0.63684568
   0.29429642  0.68533206  0.80449724
   0.49929906  0.99480282  0.75115833
   0.02182697  0.47205157  0.53986563
   0.10932182  0.55760383  0.64994559
   0.11579446  0.43667985  0.94729632
   0.82293409  0.67547266  0.59689923
   0.02705333  0.52629250  0.86299915
   0.79185736  0.81247124  0.69534975
  -0.00043901  0.50526953  0.74884213
   0.51880151  0.03695695  0.96138814
   0.60488618  0.94686361  0.84986930
   0.11579446  0.93667988  0.44729629
   0.82293409  0.17547266  0.09689924
   0.02705333  0.02629252  0.36299915
   0.79185736  0.31247124  0.19534975
  -0.00043901  0.00526956  0.24884215
   0.51880151  0.53695697  0.46138811
   0.60488618  0.44686367  0.34986933
   0.07950092  0.46923087  0.05670683
   0.82590049  0.68087055  0.40295753
   0.02584126  0.52787095  0.13684631
   0.79439145  0.81481636  0.30449869
  -0.00067773  0.50522179  0.25115409
   0.52183787  0.02786364  0.03986461
   0.60934236  0.94209645  0.14994110
   0.07950092  0.96923084  0.55670687
   0.82590049  0.18087057  0.90295756
   0.02584126  0.02787092  0.63684628
   0.79439145  0.31481639  0.80449866
  -0.00067773  0.00522180  0.75115409
   0.52183787  0.52786364  0.53986458
   0.60934236  0.44209645  0.64994113
   0.61580569  0.56347324  0.94730388
   0.32290785  0.32433296  0.59689919
   0.52706249  0.47394055  0.86299804
   0.29194870  0.18736466  0.69534826
   0.49958843  0.49473517  0.74884673
   0.01881422  0.96316293  0.96139093
   0.10490685  0.05341152  0.84987386
   0.61580569  0.06347320  0.44730394
   0.32290785  0.82433296  0.09689921
   0.52706249  0.97394052  0.36299801
   0.29194870  0.68736466  0.19534821
   0.49958843  0.99473517  0.24884670
   0.01881422  0.46316296  0.46139093
   0.10490685  0.55341155  0.34987391
   0.32238587  0.16718878  0.50076725
   0.32238587  0.66718884  1.00076728
   0.82240163  0.83282667  0.50076605
   0.82240163  0.33282673  0.00076605
   0.79137151  0.75416371  0.45009806
   0.79137151  0.25416371  0.95009803
   0.29136847  0.24595796  0.45009900
   0.29136847  0.74595796  0.95009900
