   0.25074630  0.25132612  0.10278644
   0.23208817  0.27359512  0.21923799
   0.25074630  0.75132612  0.60278646
   0.23208817  0.77359515  0.71923795
   0.74697355  0.75577080  0.89691872
   0.73014923  0.72601446  0.78095632
   0.74697355  0.25577080  0.39691875
   0.73014923  0.22601447  0.28095626
   0.75074363  0.74854064  0.10278453
   0.73205501  0.72652484  0.21923891
   0.75074363  0.24854067  0.60278455
   0.73205501  0.22652483  0.71923894
   0.24697644  0.24434012  0.89691973
   0.23011422  0.27390356  0.78095666
   0.24697644  0.74434015  0.39691976
   0.23011422  0.77390353  0.28095669
   0.24757472  0.24090615 -0.00430366
   0.24757472  0.74090615  0.49569634
   0.74757022  0.75909311  0.99569979
   0.74757022  0.25909311  0.49569973
   0.29474970  0.24941351  0.34834584
   0.29474970  0.74941351  0.84834587
   0.79475563  0.75077607  0.34835479
   0.79475563  0.25077607  0.84835479
   0.79608488  0.74807798  0.65162603
   0.79608488  0.24807800  0.15162605
   0.28987513  0.24891410  0.54877572
   0.29609167  0.25170687  0.65161622
   0.29609167  0.75170687  0.15161622
   0.28987513  0.74891409  0.04877571
   0.78987243  0.75100821  0.54877644
   0.78987243  0.25100821  0.04877644
   0.57791611  0.52902380  0.05682655
   0.32606629  0.31918406  0.40299672
   0.52591513  0.47164697  0.13680049
   0.29435797  0.18522737  0.30449459
   0.49860514  0.49470340  0.25111688
   0.02308518  0.97332914  0.03984120
   0.11006387  0.05812635  0.14995312
   0.57791611  0.02902380  0.55682653
   0.32606629  0.81918406  0.90299672
   0.52591513  0.97164700  0.63680048
   0.29435797  0.68522734  0.80449459
   0.49860514  0.99470343  0.75111691
   0.02308518  0.47332917  0.53984119
   0.11006387  0.55812640  0.64995315
   0.11622266  0.43653895  0.94732949
   0.82316388  0.67506803  0.59691506
   0.02719755  0.52616001  0.86301917
   0.79202935  0.81259522  0.69529440
  -0.00113167  0.50535259  0.74880976
   0.51922355  0.03684378  0.96142512
   0.60472047  0.94704160  0.84990431
   0.11622266  0.93653898  0.44732946
   0.82316388  0.17506803  0.09691508
   0.02719755  0.02616004  0.36301917
   0.79202935  0.31259522  0.19529440
  -0.00113167  0.00535262  0.24880977
   0.51922355  0.53684380  0.46142509
   0.60472047  0.44704166  0.34990434
   0.07791526  0.47087393  0.05682323
   0.82603069  0.68091984  0.40299791
   0.02592830  0.52812113  0.13679877
   0.79439289  0.81489658  0.30449579
  -0.00137090  0.50531910  0.25111388
   0.52309431  0.02661305  0.03983975
   0.61008024  0.94161293  0.14995023
   0.07791526  0.97087390  0.55682327
   0.82603069  0.18091985  0.90299793
   0.02592830  0.02812110  0.63679874
   0.79439289  0.31489661  0.80449576
  -0.00137090  0.00531911  0.75111388
   0.52309431  0.52661306  0.53983972
   0.61008024  0.44161293  0.64995026
   0.61623469  0.56360175  0.94733831
   0.32314221  0.32477271  0.59691462
   0.52720458  0.47402960  0.86302059
   0.29205727  0.18726057  0.69529317
   0.49889544  0.49464366  0.74881312
   0.01923778  0.96326678  0.96142825
   0.10473528  0.05318689  0.84990801
   0.61623469  0.06360170  0.44733837
   0.32314221  0.82477271  0.09691464
   0.52720458  0.97402957  0.36302056
   0.29205727  0.68726057  0.19529313
   0.49889544  0.99464366  0.24881309
   0.01923778  0.46326681  0.46142825
   0.10473528  0.55318692  0.34990807
   0.32262210  0.16711024  0.50079435
   0.32262210  0.66711030  1.00079438
   0.82264096  0.83291188  0.50079293
   0.82264096  0.33291194  0.00079293
   0.79165311  0.75425226  0.45012928
   0.79165311  0.25425226  0.95012925
   0.29164910  0.24585397  0.45013039
   0.29164910  0.74585397  0.95013039
