   0.25141194  0.24688930  0.10512251
   0.23809538  0.27384635  0.22025644
   0.25141194  0.74688930  0.60512253
   0.23809538  0.77384638  0.72025639
   0.74968692  0.75430103  0.89631130
   0.73708583  0.72344157  0.78125783
   0.74968692  0.25430103  0.39631133
   0.73708583  0.22344159  0.28125777
   0.74984579  0.75370906  0.10541615
   0.73528136  0.72832380  0.22014952
   0.74984579  0.25370909  0.60541617
   0.73528136  0.22832379  0.72014955
   0.24782900  0.24523873  0.89606778
   0.23408443  0.27425633  0.78138067
   0.24782900  0.74523876  0.39606781
   0.23408443  0.77425630  0.28138070
   0.24391700  0.24039534 -0.00250733
   0.24391700  0.74039534  0.49749267
   0.74352550  0.76016868  0.99534954
   0.74352550  0.26016868  0.49534948
   0.29529700  0.25066291  0.34813599
   0.29529700  0.75066291  0.84813602
   0.79463830  0.74972373  0.34826049
   0.79463830  0.24972373  0.84826049
   0.79563585  0.75034218  0.65385876
   0.79563585  0.25034220  0.15385877
   0.28959542  0.24643977  0.54818055
   0.29491271  0.24916603  0.65377593
   0.29491271  0.74916603  0.15377593
   0.28959542  0.74643975  0.04818054
   0.78921095  0.75446251  0.54862265
   0.78921095  0.25446251  0.04862265
   0.60012439  0.55783338  0.05654784
   0.32226472  0.32359401  0.40228343
   0.52683236  0.47288587  0.13778879
   0.29235881  0.18455439  0.30274689
   0.50256457  0.49522879  0.25090356
   0.01338218  0.95698692  0.03943916
   0.10495641  0.05365034  0.15061631
   0.60012439  0.05783339  0.55654782
   0.32226472  0.82359401  0.90228343
   0.52683236  0.97288590  0.63778878
   0.29235881  0.68455436  0.80274689
   0.50256457  0.99522882  0.75090359
   0.01338218  0.45698695  0.53943915
   0.10495641  0.55365039  0.65061634
   0.10391137  0.43922156  0.94449952
   0.82129445  0.67766079  0.59725092
   0.02758154  0.52730564  0.86154282
   0.79162282  0.81232503  0.69572722
   0.00288082  0.50510557  0.74818917
   0.50882349  0.04257349  0.96291797
   0.60454110  0.94728253  0.84865319
   0.10391137  0.93922159  0.44449949
   0.82129445  0.17766079  0.09725093
   0.02758154  0.02730566  0.36154282
   0.79162282  0.31232503  0.19572722
   0.00288082  0.00510560  0.24818919
   0.50882349  0.54257352  0.46291794
   0.60454110  0.44728259  0.34865322
   0.11343912  0.44110157  0.05490808
   0.82763778  0.67638784  0.40123123
   0.02705814  0.52465649  0.13793040
   0.79509009  0.81615820  0.30318545
   0.00250200  0.50470684  0.25081665
   0.50368858  0.04484257  0.04065180
   0.60728938  0.94454204  0.15128668
   0.11343912  0.94110154  0.55490812
   0.82763778  0.17638786  0.90123126
   0.02705814  0.02465646  0.63793037
   0.79509009  0.31615823  0.80318542
   0.00250200  0.00470685  0.75081665
   0.50368858  0.54484257  0.54065177
   0.60728938  0.44454204  0.65128671
   0.61427154  0.56561261  0.94644844
   0.32670719  0.32213534  0.59797382
   0.52789303  0.47525311  0.86141362
   0.29420638  0.18703099  0.69527350
   0.50285006  0.49498040  0.74827679
   0.00199384  0.95209677  0.96160311
   0.10689039  0.05441675  0.84795479
   0.61427154  0.06561257  0.44644850
   0.32670719  0.82213534  0.09797383
   0.52789303  0.97525308  0.36141359
   0.29420638  0.68703099  0.19527346
   0.50285006  0.99498040  0.24827676
   0.00199384  0.45209680  0.46160311
   0.10689039  0.55441677  0.34795485
   0.31667212  0.15965847  0.50211084
   0.31667212  0.65965853  1.00211087
   0.81751431  0.84001979  0.50202603
   0.81751431  0.34001985  0.00202603
   0.79094723  0.75375121  0.44931686
   0.79094723  0.25375121  0.94931683
   0.29015609  0.24507320  0.44884629
   0.29015609  0.74507320  0.94884629
