   0.25199030  0.24653042  0.10482966
   0.23874659  0.27306988  0.21994131
   0.25199030  0.74653042  0.60482967
   0.23874659  0.77306991  0.71994127
   0.75015430  0.75393461  0.89635983
   0.73667575  0.72382234  0.78122365
   0.75015430  0.25393461  0.39635985
   0.73667575  0.22382235  0.28122359
   0.74987365  0.75382186  0.10511334
   0.73629915  0.72879206  0.21982296
   0.74987365  0.25382189  0.60511336
   0.73629915  0.22879204  0.71982299
   0.24810407  0.24583459  0.89614282
   0.23394659  0.27412563  0.78135637
   0.24810407  0.74583462  0.39614285
   0.23394659  0.77412560  0.28135640
   0.24382509  0.24038655 -0.00217601
   0.24382509  0.74038655  0.49782399
   0.74344770  0.75994761  0.99585388
   0.74344770  0.25994761  0.49585382
   0.29517514  0.25035704  0.34735269
   0.29517514  0.75035704  0.84735272
   0.79485149  0.74996483  0.34761360
   0.79485149  0.24996483  0.84761360
   0.79557113  0.74915150  0.65257318
   0.79557113  0.24915151  0.15257319
   0.29073783  0.24622147  0.54908381
   0.29503153  0.25085121  0.65209425
   0.29503153  0.75085121  0.15209425
   0.29073783  0.74622145  0.04908380
   0.78905665  0.75507115  0.54932581
   0.78905665  0.25507115  0.04932581
   0.60173371  0.55539805  0.05641588
   0.32259830  0.32319881  0.40218404
   0.52699629  0.47278287  0.13799787
   0.29252494  0.18549467  0.30333256
   0.50245060  0.49494631  0.25110854
   0.01138605  0.95839505  0.03933428
   0.10466113  0.05339889  0.15082234
   0.60173371  0.05539806  0.55641586
   0.32259830  0.82319881  0.90218404
   0.52699629  0.97278290  0.63799786
   0.29252494  0.68549464  0.80333256
   0.50245060  0.99494634  0.75110857
   0.01138605  0.45839508  0.53933427
   0.10466113  0.55339894  0.65082237
   0.10491028  0.43955936  0.94459983
   0.82133014  0.67844142  0.59704672
   0.02730626  0.52729012  0.86167829
   0.79125988  0.81370026  0.69688159
   0.00272109  0.50463240  0.74833164
   0.50972503  0.04194643  0.96251262
   0.60463641  0.94714005  0.84872392
   0.10491028  0.93955939  0.44459980
   0.82133014  0.17844142  0.09704673
   0.02730626  0.02729014  0.36167829
   0.79125988  0.31370026  0.19688159
   0.00272109  0.00463243  0.24833165
   0.50972503  0.54194645  0.46251259
   0.60463641  0.44714011  0.34872395
   0.11067786  0.44086511  0.05491495
   0.82703001  0.67657946  0.40137616
   0.02710905  0.52464948  0.13813237
   0.79510854  0.81532238  0.30359358
   0.00234830  0.50515583  0.25102040
   0.50487226  0.04589890  0.04043524
   0.60686722  0.94473571  0.15144464
   0.11067786  0.94086508  0.55491499
   0.82703001  0.17657948  0.90137619
   0.02710905  0.02464945  0.63813234
   0.79510854  0.31532241  0.80359355
   0.00234830  0.00515584  0.75102040
   0.50487226  0.54589891  0.54043522
   0.60686722  0.44473571  0.65144467
   0.61306910  0.56505401  0.94635600
   0.32588721  0.32190189  0.59776950
   0.52764600  0.47530811  0.86155901
   0.29377086  0.18520801  0.69678693
   0.50265427  0.49536093  0.74842869
   0.00474479  0.95365657  0.96122247
   0.10676391  0.05458483  0.84806308
   0.61306910  0.06505396  0.44635606
   0.32588721  0.82190189  0.09776952
   0.52764600  0.97530808  0.36155898
   0.29377086  0.68520801  0.19678689
   0.50265427  0.99536093  0.24842866
   0.00474479  0.45365660  0.46122247
   0.10676391  0.55458485  0.34806314
   0.31698860  0.15973890  0.50125766
   0.31698860  0.65973896  1.00125769
   0.81764643  0.83932334  0.50138547
   0.81764643  0.33932340  0.00138547
   0.79033277  0.75307417  0.44953574
   0.79033277  0.25307417  0.94953571
   0.28875542  0.24537476  0.44923675
   0.28875542  0.74537476  0.94923675
