   0.25020864  0.24984232  0.10301675
   0.23581102  0.27332189  0.21946165
   0.25020864  0.74984232  0.60301676
   0.23581102  0.77332192  0.71946160
   0.74657172  0.75542583  0.89686749
   0.73373982  0.72612148  0.78112037
   0.74657172  0.25542583  0.39686752
   0.73373982  0.22612149  0.28112031
   0.75024599  0.74980696  0.10301270
   0.73557758  0.72676176  0.21945101
   0.75024599  0.24980699  0.60301272
   0.73557758  0.22676174  0.71945104
   0.24661738  0.24490326  0.89686937
   0.23349877  0.27386834  0.78113453
   0.24661738  0.74490329  0.39686940
   0.23349877  0.77386831  0.28113456
   0.24677324  0.24154579 -0.00434831
   0.24677324  0.74154579  0.49565169
   0.74677105  0.75844477  0.99565446
   0.74677105  0.25844477  0.49565440
   0.29450636  0.24976800  0.34823252
   0.29450636  0.74976800  0.84823255
   0.79454533  0.75061970  0.34824778
   0.79454533  0.25061970  0.84824778
   0.79519370  0.74873067  0.65192475
   0.79519370  0.24873069  0.15192476
   0.28978928  0.24866402  0.54872156
   0.29523397  0.25088137  0.65190855
   0.29523397  0.75088137  0.15190855
   0.28978928  0.74866400  0.04872155
   0.78978793  0.75113731  0.54872281
   0.78978793  0.25113731  0.04872281
   0.58429526  0.53535912  0.05638866
   0.32540580  0.31953335  0.40281538
   0.52564392  0.47243594  0.13704395
   0.29349489  0.18589509  0.30437443
   0.50118711  0.49515231  0.25128653
   0.01837031  0.96831845  0.03998033
   0.10722600  0.05602005  0.14996947
   0.58429526  0.03535913  0.55638863
   0.32540580  0.81953335  0.90281538
   0.52564392  0.97243597  0.63704394
   0.29349489  0.68589506  0.80437443
   0.50118711  0.99515234  0.75128656
   0.01837031  0.46831848  0.53998033
   0.10722600  0.55602010  0.64996950
   0.11458166  0.43715408  0.94719994
   0.82235735  0.67669614  0.59689406
   0.02634247  0.52684174  0.86287264
   0.79125316  0.81182381  0.69557237
   0.00139967  0.50494485  0.74893003
   0.51768146  0.03726803  0.96126060
   0.60540089  0.94618545  0.84971978
   0.11458166  0.93715411  0.44719991
   0.82235735  0.17669614  0.09689408
   0.02634247  0.02684176  0.36287264
   0.79125316  0.31182381  0.19557237
   0.00139967  0.00494488  0.24893004
   0.51768146  0.53726805  0.46126057
   0.60540089  0.44618551  0.34971981
   0.08430136  0.46441046  0.05638786
   0.82538588  0.68076071  0.40281469
   0.02565517  0.52714507  0.13705711
   0.79391644  0.81435484  0.30437702
   0.00120494  0.50486213  0.25127546
   0.51838159  0.03150532  0.03998261
   0.60725929  0.94351743  0.14995551
   0.08430136  0.96441043  0.55638790
   0.82538588  0.18076073  0.90281472
   0.02565517  0.02714504  0.63705708
   0.79391644  0.31435487  0.80437699
   0.00120494  0.00486214  0.75127546
   0.51838159  0.53150532  0.53998258
   0.60725929  0.44351743  0.64995554
   0.61459159  0.56305874  0.94720306
   0.32230445  0.32296231  0.59689591
   0.52635841  0.47357358  0.86285822
   0.29167538  0.18791291  0.69556937
   0.50142722  0.49508020  0.74894199
   0.01769100  0.96290246  0.96126454
   0.10544679  0.05428995  0.84972975
   0.61459159  0.06305870  0.44720312
   0.32230445  0.82296231  0.09689593
   0.52635841  0.97357355  0.36285819
   0.29167538  0.68791291  0.19556933
   0.50142722  0.99508020  0.24894196
   0.01769100  0.46290249  0.46126454
   0.10544679  0.55428997  0.34972981
   0.32178769  0.16752754  0.50070592
   0.32178769  0.66752760  1.00070595
   0.82179525  0.83247401  0.50070552
   0.82179525  0.33247407  0.00070552
   0.79065577  0.75385657  0.44998484
   0.79065577  0.25385657  0.94998481
   0.29064975  0.24633373  0.44998436
   0.29064975  0.74633373  0.94998436
