   0.25076777  0.25135014  0.10278465
   0.23202373  0.27358930  0.21923442
   0.25076777  0.75135014  0.60278466
   0.23202373  0.77358933  0.71923438
   0.74698392  0.75577606  0.89691930
   0.73009416  0.72602232  0.78095436
   0.74698392  0.25577606  0.39691933
   0.73009416  0.22602233  0.28095430
   0.75076469  0.74851881  0.10278274
   0.73199235  0.72653043  0.21923543
   0.75076469  0.24851884  0.60278276
   0.73199235  0.22653041  0.71923546
   0.24698645  0.24433259  0.89692032
   0.23006075  0.27389502  0.78095458
   0.24698645  0.74433262  0.39692035
   0.23006075  0.77389499  0.28095461
   0.24759890  0.24089513 -0.00430537
   0.24759890  0.74089513  0.49569463
   0.74759424  0.75910425  0.99569810
   0.74759424  0.25910425  0.49569804
   0.29474887  0.24940802  0.34834330
   0.29474887  0.74940802  0.84834332
   0.79475433  0.75077863  0.34835220
   0.79475433  0.25077863  0.84835220
   0.79610308  0.74805893  0.65162657
   0.79610308  0.24805895  0.15162658
   0.28988009  0.24892285  0.54877602
   0.29610948  0.25172820  0.65161683
   0.29610948  0.75172820  0.15161683
   0.28988009  0.74892284  0.04877601
   0.78987733  0.75100134  0.54877671
   0.78987733  0.25100134  0.04877670
   0.57781055  0.52890866  0.05683409
   0.32607103  0.31917670  0.40299828
   0.52591975  0.47163258  0.13679788
   0.29435563  0.18523248  0.30449993
   0.49855983  0.49469901  0.25111332
   0.02317352  0.97341322  0.03984103
   0.11011432  0.05816193  0.14995327
   0.57781055  0.02890867  0.55683407
   0.32607103  0.81917670  0.90299828
   0.52591975  0.97163261  0.63679787
   0.29435563  0.68523245  0.80449993
   0.49855983  0.99469904  0.75111335
   0.02317352  0.47341325  0.53984103
   0.11011432  0.55816198  0.64995330
   0.11625028  0.43652389  0.94733219
   0.82317562  0.67504723  0.59691336
   0.02720353  0.52615042  0.86302024
   0.79203637  0.81258541  0.69528269
  -0.00117639  0.50535730  0.74880701
   0.51924457  0.03683380  0.96142858
   0.60470785  0.94705188  0.84990717
   0.11625028  0.93652392  0.44733216
   0.82317562  0.17504723  0.09691337
   0.02720353  0.02615044  0.36302024
   0.79203637  0.31258541  0.19528269
  -0.00117639  0.00535733  0.24880702
   0.51924457  0.53683382  0.46142855
   0.60470785  0.44705194  0.34990720
   0.07780959  0.47099083  0.05683079
   0.82603521  0.68092510  0.40299950
   0.02593295  0.52813760  0.13679605
   0.79438758  0.81488999  0.30450112
  -0.00141617  0.50532328  0.25111038
   0.52318258  0.02653062  0.03983956
   0.61013046  0.94157949  0.14995045
   0.07780959  0.97099080  0.55683083
   0.82603521  0.18092511  0.90299953
   0.02593295  0.02813757  0.63679602
   0.79438758  0.31489002  0.80450109
  -0.00141617  0.00532329  0.75111038
   0.52318258  0.52653063  0.53983953
   0.61013046  0.44157949  0.64995048
   0.61626229  0.56361621  0.94734108
   0.32315417  0.32479543  0.59691289
   0.52721051  0.47403665  0.86302178
   0.29206111  0.18727147  0.69528147
   0.49885069  0.49463846  0.74881030
   0.01925892  0.96327625  0.96143173
   0.10472237  0.05317392  0.84991084
   0.61626229  0.06361616  0.44734114
   0.32315417  0.82479543  0.09691291
   0.52721051  0.97403662  0.36302175
   0.29206111  0.68727147  0.19528142
   0.49885069  0.99463846  0.24881027
   0.01925892  0.46327628  0.46143173
   0.10472237  0.55317394  0.34991090
   0.32263333  0.16711060  0.50080127
   0.32263333  0.66711066  1.00080130
   0.82265241  0.83291190  0.50079983
   0.82265241  0.33291196  0.00079983
   0.79167426  0.75425826  0.45013025
   0.79167426  0.25425826  0.95013022
   0.29167085  0.24584720  0.45013144
   0.29167085  0.74584720  0.95013144
