   0.25018224  0.24967907  0.10304603
   0.23611911  0.27327009  0.21948208
   0.25018224  0.74967907  0.60304605
   0.23611911  0.77327012  0.71948204
   0.74652631  0.75539159  0.89686043
   0.73405929  0.72615073  0.78113344
   0.74652631  0.25539159  0.39686046
   0.73405929  0.22615075  0.28113338
   0.75022267  0.74994152  0.10304086
   0.73586019  0.72680655  0.21946999
   0.75022267  0.24994155  0.60304088
   0.73586019  0.22680654  0.71947002
   0.24657558  0.24496733  0.89686276
   0.23379216  0.27384725  0.78114941
   0.24657558  0.74496736  0.39686279
   0.23379216  0.77384722  0.28114944
   0.24672632  0.24162134 -0.00435192
   0.24672632  0.74162134  0.49564808
   0.74671969  0.75835799  0.99565135
   0.74671969  0.25835799  0.49565129
   0.29445826  0.24980147  0.34820541
   0.29445826  0.74980147  0.84820544
   0.79450351  0.75061044  0.34822414
   0.79450351  0.25061044  0.84822414
   0.79512585  0.74875575  0.65194019
   0.79512585  0.24875576  0.15194021
   0.28981786  0.24863023  0.54872734
   0.29517166  0.25083456  0.65192118
   0.29517166  0.75083456  0.15192118
   0.28981786  0.74863022  0.04872733
   0.78981771  0.75115417  0.54872842
   0.78981771  0.25115417  0.04872841
   0.58495894  0.53598004  0.05634421
   0.32533304  0.31956788  0.40278832
   0.52564388  0.47251190  0.13707914
   0.29335044  0.18603184  0.30436167
   0.50140121  0.49520625  0.25130290
   0.01793176  0.96780817  0.04000162
   0.10696144  0.05580016  0.14997937
   0.58495894  0.03598005  0.55634419
   0.32533304  0.81956788  0.90278832
   0.52564388  0.97251193  0.63707913
   0.29335044  0.68603181  0.80436167
   0.50140121  0.99520628  0.75130293
   0.01793176  0.46780820  0.54000161
   0.10696144  0.55580022  0.64997940
   0.11441960  0.43722672  0.94718585
   0.82230468  0.67687415  0.59689190
   0.02622356  0.52692870  0.86284813
   0.79117682  0.81172231  0.69562650
   0.00160666  0.50489662  0.74893852
   0.51754798  0.03730783  0.96123906
   0.60547478  0.94608205  0.84969598
   0.11441960  0.93722675  0.44718582
   0.82230468  0.17687415  0.09689192
   0.02622356  0.02692872  0.36284813
   0.79117682  0.31172231  0.19562650
   0.00160666  0.00489665  0.24893853
   0.51754798  0.53730785  0.46123903
   0.60547478  0.44608211  0.34969601
   0.08496127  0.46377857  0.05634541
   0.82531625  0.68075073  0.40278773
   0.02565317  0.52704650  0.13709443
   0.79382953  0.81423654  0.30436313
   0.00141864  0.50480622  0.25129084
   0.51794201  0.03200315  0.04000495
   0.60699302  0.94371281  0.14996296
   0.08496127  0.96377854  0.55634545
   0.82531625  0.18075074  0.90278776
   0.02565317  0.02704648  0.63709440
   0.79382953  0.31423657  0.80436310
   0.00141864  0.00480622  0.75129084
   0.51794201  0.53200316  0.54000493
   0.60699302  0.44371281  0.64996298
   0.61442932  0.56299896  0.94718834
   0.32224621  0.32275853  0.59689382
   0.52624278  0.47351311  0.86283146
   0.29165542  0.18799399  0.69562472
   0.50163510  0.49512935  0.74895175
   0.01755978  0.96287416  0.96124446
   0.10551900  0.05442987  0.84970744
   0.61442932  0.06299891  0.44718840
   0.32224621  0.82275853  0.09689383
   0.52624278  0.97351308  0.36283143
   0.29165542  0.68799399  0.19562467
   0.50163510  0.99512935  0.24895172
   0.01755978  0.46287419  0.46124446
   0.10551900  0.55442989  0.34970750
   0.32172876  0.16758909  0.50069986
   0.32172876  0.66758915  1.00069989
   0.82173515  0.83241184  0.50069965
   0.82173515  0.33241190  0.00069965
   0.79056495  0.75380356  0.44996764
   0.79056495  0.25380356  0.94996761
   0.29055615  0.24639813  0.44996707
   0.29055615  0.74639813  0.94996707
