   0.25069181  0.25122011  0.10280123
   0.23237667  0.27358263  0.21925577
   0.25069181  0.75122011  0.60280124
   0.23237667  0.77358266  0.71925573
   0.74695769  0.75574097  0.89691678
   0.73041229  0.72601597  0.78097285
   0.74695769  0.25574097  0.39691681
   0.73041229  0.22601599  0.28097279
   0.75069077  0.74863611  0.10279928
   0.73233529  0.72653705  0.21925617
   0.75069077  0.24863614  0.60279930
   0.73233529  0.22653703  0.71925620
   0.24696226  0.24438025  0.89691786
   0.23036896  0.27390580  0.78097375
   0.24696226  0.74438028  0.39691789
   0.23036896  0.77390577  0.28097378
   0.24749533  0.24094758 -0.00430792
   0.24749533  0.74094758  0.49569208
   0.74749146  0.75905172  0.99569544
   0.74749146  0.25905172  0.49569538
   0.29474751  0.24943031  0.34833844
   0.29474751  0.74943031  0.84833847
   0.79475462  0.75076849  0.34834771
   0.79475462  0.25076849  0.84834771
   0.79601440  0.74813530  0.65165339
   0.79601440  0.24813532  0.15165341
   0.28985442  0.24890464  0.54876827
   0.29602253  0.25164177  0.65164327
   0.29602253  0.75164177  0.15164327
   0.28985442  0.74890462  0.04876826
   0.78985147  0.75101181  0.54876900
   0.78985147  0.25101181  0.04876899
   0.57842095  0.52953937  0.05679032
   0.32602101  0.31921040  0.40298383
   0.52588712  0.47171387  0.13681369
   0.29434832  0.18525709  0.30449576
   0.49882158  0.49473148  0.25112840
   0.02267440  0.97291636  0.03984948
   0.10983532  0.05796511  0.14994968
   0.57842095  0.02953937  0.55679029
   0.32602101  0.81921040  0.90298383
   0.52588712  0.97171390  0.63681367
   0.29434832  0.68525706  0.80449576
   0.49882158  0.99473151  0.75112843
   0.02267440  0.47291639  0.53984947
   0.10983532  0.55796516  0.64994971
   0.11608157  0.43658041  0.94731961
   0.82309007  0.67519510  0.59690888
   0.02715279  0.52620142  0.86301299
   0.79197599  0.81254637  0.69530459
  -0.00091702  0.50532744  0.74881920
   0.51907679  0.03688259  0.96141372
   0.60477669  0.94698411  0.84989429
   0.11608157  0.93658044  0.44731958
   0.82309007  0.17519510  0.09690890
   0.02715279  0.02620145  0.36301299
   0.79197599  0.31254637  0.19530459
  -0.00091702  0.00532747  0.24881921
   0.51907679  0.53688262  0.46141369
   0.60477669  0.44698417  0.34989432
   0.07842135  0.47034981  0.05678692
   0.82598620  0.68090458  0.40298490
   0.02590098  0.52804403  0.13681263
   0.79439914  0.81487401  0.30449697
  -0.00115474  0.50529192  0.25112508
   0.52268435  0.02701811  0.03984815
   0.60985310  0.94176302  0.14994636
   0.07842135  0.97034978  0.55678696
   0.82598620  0.18090459  0.90298493
   0.02590098  0.02804400  0.63681260
   0.79439914  0.31487404  0.80449694
  -0.00115474  0.00529192  0.75112508
   0.52268435  0.52701812  0.53984813
   0.60985310  0.44176302  0.64994639
   0.61609332  0.56356386  0.94732806
   0.32306708  0.32463541  0.59690856
   0.52716081  0.47400084  0.86301372
   0.29202138  0.18730392  0.69530333
   0.49911012  0.49467133  0.74882287
   0.01909066  0.96323067  0.96141676
   0.10479357  0.05325790  0.84989821
   0.61609332  0.06356382  0.44732812
   0.32306708  0.82463541  0.09690857
   0.52716081  0.97400081  0.36301369
   0.29202138  0.68730392  0.19530329
   0.49911012  0.99467133  0.24882284
   0.01909066  0.46323070  0.46141676
   0.10479357  0.55325792  0.34989827
   0.32253788  0.16713706  0.50078887
   0.32253788  0.66713712  1.00078889
   0.82255579  0.83288305  0.50078751
   0.82255579  0.33288311  0.00078751
   0.79160408  0.75422915  0.45012203
   0.79160408  0.25422915  0.95012200
   0.29160159  0.24587953  0.45012327
   0.29160159  0.74587953  0.95012327
