   0.25021525  0.24989028  0.10300732
   0.23569825  0.27333262  0.21945513
   0.25021525  0.74989028  0.60300733
   0.23569825  0.77333265  0.71945508
   0.74659060  0.75543866  0.89687252
   0.73362000  0.72610893  0.78111607
   0.74659060  0.25543866  0.39687255
   0.73362000  0.22610895  0.28111601
   0.75025052  0.74976830  0.10300356
   0.73547483  0.72675315  0.21944499
   0.75025052  0.24976833  0.60300358
   0.73547483  0.22675313  0.71944502
   0.24663350  0.24488071  0.89687428
   0.23338938  0.27387926  0.78112962
   0.24663350  0.74488073  0.39687431
   0.23338938  0.77387923  0.28112965
   0.24679156  0.24151924 -0.00434561
   0.24679156  0.74151924  0.49565439
   0.74679007  0.75847369  0.99565703
   0.74679007  0.25847369  0.49565697
   0.29452044  0.24975070  0.34823761
   0.29452044  0.74975070  0.84823764
   0.79455770  0.75062680  0.34825301
   0.79455770  0.25062680  0.84825301
   0.79522131  0.74868973  0.65190169
   0.79522131  0.24868974  0.15190171
   0.28977768  0.24867216  0.54872475
   0.29525989  0.25093110  0.65188538
   0.29525989  0.75093110  0.15188538
   0.28977768  0.74867215  0.04872474
   0.78977568  0.75113497  0.54872593
   0.78977568  0.25113497  0.04872592
   0.58406696  0.53513710  0.05640203
   0.32543301  0.31952237  0.40282095
   0.52564722  0.47240838  0.13703372
   0.29354531  0.18585838  0.30438390
   0.50111179  0.49513487  0.25128028
   0.01852586  0.96848997  0.03997269
   0.10731924  0.05609453  0.14996853
   0.58406696  0.03513711  0.55640201
   0.32543301  0.81952237  0.90282095
   0.52564722  0.97240841  0.63703370
   0.29354531  0.68585835  0.80438390
   0.50111179  0.99513489  0.75128031
   0.01852586  0.46849000  0.53997268
   0.10731924  0.55609458  0.64996856
   0.11463689  0.43713116  0.94720353
   0.82237607  0.67663676  0.59689149
   0.02638531  0.52681098  0.86287959
   0.79127758  0.81187883  0.69556894
   0.00132831  0.50496163  0.74892608
   0.51773124  0.03725422  0.96126682
   0.60537085  0.94622628  0.84972719
   0.11463689  0.93713119  0.44720350
   0.82237607  0.17663676  0.09689150
   0.02638531  0.02681100  0.36287959
   0.79127758  0.31187883  0.19556894
   0.00132831  0.00496166  0.24892610
   0.51773124  0.53725424  0.46126679
   0.60537085  0.44622634  0.34972722
   0.08407324  0.46463615  0.05640072
   0.82541216  0.68076325  0.40282039
   0.02565774  0.52717950  0.13704615
   0.79394707  0.81438608  0.30438586
   0.00112979  0.50488066  0.25126958
   0.51853752  0.03133834  0.03997466
   0.60735323  0.94345200  0.14995528
   0.08407324  0.96463612  0.55640076
   0.82541216  0.18076326  0.90282042
   0.02565774  0.02717947  0.63704612
   0.79394707  0.31438611  0.80438583
   0.00112979  0.00488067  0.75126958
   0.51853752  0.53133834  0.53997463
   0.60735323  0.44345200  0.64995531
   0.61464639  0.56307820  0.94720689
   0.32232493  0.32303056  0.59689315
   0.52639990  0.47359538  0.86286594
   0.29168070  0.18786333  0.69556665
   0.50135560  0.49506268  0.74893763
   0.01774041  0.96291274  0.96127043
   0.10541595  0.05423804  0.84973674
   0.61464639  0.06307815  0.44720695
   0.32232493  0.82303056  0.09689316
   0.52639990  0.97359535  0.36286591
   0.29168070  0.68786333  0.19556661
   0.50135560  0.99506268  0.24893760
   0.01774041  0.46291277  0.46127043
   0.10541595  0.55423806  0.34973680
   0.32180942  0.16750703  0.50070713
   0.32180942  0.66750709  1.00070716
   0.82181731  0.83249476  0.50070671
   0.82181731  0.33249482  0.00070671
   0.79069088  0.75387941  0.44999363
   0.79069088  0.25387941  0.94999360
   0.29068515  0.24630596  0.44999333
   0.29068515  0.74630596  0.94999333
