   0.25044254  0.25070546  0.10288033
   0.23379714  0.27351000  0.21934121
   0.25044254  0.75070546  0.60288035
   0.23379714  0.77351003  0.71934116
   0.74682843  0.75561932  0.89690530
   0.73173362  0.72601947  0.78103262
   0.74682843  0.25561932  0.39690532
   0.73173362  0.22601949  0.28103256
   0.75045257  0.74908471  0.10287819
   0.73370159  0.72660243  0.21933835
   0.75045257  0.24908474  0.60287821
   0.73370159  0.22660242  0.71933838
   0.24684437  0.24456790  0.89690645
   0.23163478  0.27392885  0.78103744
   0.24684437  0.74456793  0.39690648
   0.23163478  0.77392882  0.28103747
   0.24715109  0.24115921 -0.00432352
   0.24715109  0.74115921  0.49567648
   0.74715013  0.75884211  0.99567927
   0.74715013  0.25884211  0.49567921
   0.29469948  0.24955050  0.34830600
   0.29469948  0.74955050  0.84830603
   0.79471540  0.75070832  0.34831698
   0.79471540  0.25070832  0.84831698
   0.79566820  0.74835847  0.65174688
   0.79566820  0.24835848  0.15174690
   0.28975619  0.24881290  0.54874547
   0.29568533  0.25136644  0.65173494
   0.29568533  0.75136644  0.15173494
   0.28975619  0.74881288  0.04874546
   0.78975289  0.75106452  0.54874641
   0.78975289  0.25106452  0.04874640
   0.58064852  0.53178726  0.05662916
   0.32581598  0.31933699  0.40292327
   0.52575887  0.47200025  0.13689283
   0.29415418  0.18542520  0.30446370
   0.49981220  0.49489047  0.25118962
   0.02095038  0.97112232  0.03988860
   0.10880024  0.05722261  0.14995019
   0.58064852  0.03178727  0.55662913
   0.32581598  0.81933699  0.90292327
   0.52575887  0.97200028  0.63689282
   0.29415418  0.68542517  0.80446370
   0.49981220  0.99489050  0.75118965
   0.02095038  0.47112235  0.53988859
   0.10880024  0.55722266  0.64995022
   0.11549399  0.43678531  0.94727200
   0.82276632  0.67576051  0.59689368
   0.02691577  0.52641196  0.86297112
   0.79169360  0.81233662  0.69540229
   0.00006422  0.50519229  0.74886663
   0.51850101  0.03703986  0.96135865
   0.60501162  0.94672257  0.84983504
   0.11549399  0.93678534  0.44727197
   0.82276632  0.17576051  0.09689369
   0.02691577  0.02641198  0.36297112
   0.79169360  0.31233662  0.19540229
   0.00006422  0.00519232  0.24886665
   0.51850101  0.53703988  0.46135862
   0.60501162  0.44672263  0.34983507
   0.08065373  0.46805566  0.05662549
   0.82578550  0.68083638  0.40292369
   0.02577250  0.52769856  0.13689577
   0.79430798  0.81474483  0.30446515
  -0.00016575  0.50513470  0.25118415
   0.52096196  0.02877033  0.03988798
   0.60882385  0.94244250  0.14994422
   0.08065373  0.96805563  0.55662553
   0.82578550  0.18083640  0.90292372
   0.02577250  0.02769853  0.63689574
   0.79430798  0.31474486  0.80446512
  -0.00016575  0.00513470  0.75118415
   0.52096196  0.52877033  0.53988795
   0.60882385  0.44244250  0.64994425
   0.61550423  0.56337932  0.94727855
   0.32273535  0.32401453  0.59689401
   0.52692620  0.47385977  0.86296753
   0.29184599  0.18748073  0.69540071
   0.50009172  0.49481917  0.74887254
   0.01851202  0.96308884  0.96136123
   0.10503717  0.05359469  0.84984041
   0.61550423  0.06337927  0.44727861
   0.32273535  0.82401453  0.09689402
   0.52692620  0.97385974  0.36296750
   0.29184599  0.68748073  0.19540066
   0.50009172  0.99481917  0.24887251
   0.01851202  0.46308887  0.46136123
   0.10503717  0.55359471  0.34984047
   0.32221109  0.16726197  0.50075417
   0.32221109  0.66726203  1.00075420
   0.82222451  0.83274824  0.50075314
   0.82222451  0.33274830  0.00075314
   0.79118698  0.75409771  0.45007068
   0.79118698  0.25409771  0.95007065
   0.29118396  0.24603711  0.45007142
   0.29118396  0.74603711  0.95007142
