   0.25026754  0.25012630  0.10296576
   0.23518269  0.27339676  0.21942120
   0.25026754  0.75012630  0.60296577
   0.23518269  0.77339679  0.71942116
   0.74667252  0.75548970  0.89688584
   0.73309353  0.72607234  0.78109550
   0.74667252  0.25548970  0.39688587
   0.73309353  0.22607235  0.28109544
   0.75029513  0.74957301  0.10296285
   0.73500016  0.72669875  0.21941335
   0.75029513  0.24957304  0.60296287
   0.73500016  0.22669873  0.71941338
   0.24670632  0.24478790  0.89688728
   0.23290539  0.27390538  0.78110630
   0.24670632  0.74478793  0.39688731
   0.23290539  0.77390535  0.28110633
   0.24688193  0.24141017 -0.00433692
   0.24688193  0.74141017  0.49566308
   0.74688188  0.75858861  0.99566545
   0.74688188  0.25858861  0.49566539
   0.29458465  0.24968412  0.34826171
   0.29458465  0.74968412  0.84826174
   0.79461454  0.75065681  0.34827558
   0.79461454  0.25065681  0.84827558
   0.79534171  0.74861117  0.65185660
   0.79534171  0.24861119  0.15185662
   0.28976359  0.24871329  0.54872785
   0.29537332  0.25104142  0.65184176
   0.29537332  0.75104142  0.15184176
   0.28976359  0.74871327  0.04872784
   0.78976051  0.75111525  0.54872896
   0.78976051  0.25111525  0.04872896
   0.58304353  0.53415591  0.05646719
   0.32554405  0.31946483  0.40285505
   0.52566672  0.47229049  0.13698604
   0.29375822  0.18569361  0.30440957
   0.50075040  0.49505964  0.25125364
   0.01922140  0.96927416  0.03994350
   0.10774442  0.05642835  0.14995838
   0.58304353  0.03415591  0.55646717
   0.32554405  0.81946483  0.90285505
   0.52566672  0.97229052  0.63698602
   0.29375822  0.68569358  0.80440957
   0.50075040  0.99505967  0.75125367
   0.01922140  0.46927419  0.53994349
   0.10774442  0.55642840  0.64995841
   0.11488430  0.43702161  0.94722416
   0.82247279  0.67637723  0.59688935
   0.02655617  0.52668195  0.86291315
   0.79140094  0.81204682  0.69551630
   0.00097769  0.50503533  0.74891043
   0.51794784  0.03718858  0.96129556
   0.60526103  0.94638123  0.84976296
   0.11488430  0.93702164  0.44722413
   0.82247279  0.17637723  0.09688937
   0.02655617  0.02668197  0.36291315
   0.79140094  0.31204682  0.19551630
   0.00097769  0.00503536  0.24891044
   0.51794784  0.53718860  0.46129553
   0.60526103  0.44638129  0.34976299
   0.08305143  0.46563669  0.05646441
   0.82551965  0.68078481  0.40285478
   0.02567907  0.52733232  0.13699536
   0.79407734  0.81452642  0.30441125
   0.00076978  0.50495965  0.25124465
   0.51923341  0.03057331  0.03994435
   0.60777608  0.94315473  0.14994788
   0.08305143  0.96563666  0.55646445
   0.82551965  0.18078482  0.90285481
   0.02567907  0.02733229  0.63699533
   0.79407734  0.31452645  0.80441122
   0.00076978  0.00495966  0.75124465
   0.51923341  0.53057332  0.53994433
   0.60777608  0.44315473  0.64994791
   0.61489342  0.56317256  0.94722850
   0.32242887  0.32332576  0.59689056
   0.52656979  0.47368119  0.86290283
   0.29172210  0.18772083  0.69551432
   0.50100521  0.49498614  0.74892012
   0.01795658  0.96296445  0.96129829
   0.10530015  0.05403608  0.84977095
   0.61489342  0.06317251  0.44722856
   0.32242887  0.82332576  0.09689058
   0.52656979  0.97368116  0.36290280
   0.29172210  0.68772083  0.19551427
   0.50100521  0.99498614  0.24892009
   0.01795658  0.46296448  0.46129829
   0.10530015  0.55403610  0.34977101
   0.32191109  0.16742780  0.50071836
   0.32191109  0.66742786  1.00071839
   0.82192041  0.83257541  0.50071774
   0.82192041  0.33257547  0.00071774
   0.79081769  0.75393985  0.45001562
   0.79081769  0.25393985  0.95001559
   0.29081275  0.24623112  0.45001559
   0.29081275  0.74623112  0.95001559
