   0.25023577  0.24901149  0.10319113
   0.23719778  0.27299761  0.21956518
   0.25023577  0.74901149  0.60319115
   0.23719778  0.77299764  0.71956514
   0.74629723  0.75519030  0.89678291
   0.73512958  0.72636670  0.78116506
   0.74629723  0.25519030  0.39678294
   0.73512958  0.22636672  0.28116500
   0.75033911  0.75043719  0.10319838
   0.73679329  0.72703738  0.21954573
   0.75033911  0.25043722  0.60319841
   0.73679329  0.22703736  0.71954576
   0.24636531  0.24532123  0.89678452
   0.23470850  0.27366934  0.78119044
   0.24636531  0.74532126  0.39678455
   0.23470850  0.77366931  0.28119047
   0.24635920  0.24196263 -0.00436916
   0.24635920  0.74196263  0.49563084
   0.74637542  0.75798249  0.99561557
   0.74637542  0.25798249  0.49561551
   0.29431708  0.25000321  0.34808632
   0.29431708  0.75000321  0.84808634
   0.79437528  0.75054172  0.34810906
   0.79437528  0.25054172  0.84810906
   0.79494825  0.74898867  0.65212901
   0.79494825  0.24898869  0.15212903
   0.29000615  0.24855848  0.54874295
   0.29500815  0.25047020  0.65210571
   0.29500815  0.75047020  0.15210571
   0.29000615  0.74855847  0.04874294
   0.78998496  0.75122438  0.54874318
   0.78998496  0.25122438  0.04874318
   0.58804900  0.53885214  0.05620895
   0.32507978  0.31977327  0.40266633
   0.52582388  0.47286579  0.13725275
   0.29285597  0.18662929  0.30424197
   0.50210063  0.49543351  0.25137429
   0.01604527  0.96558219  0.04012039
   0.10593681  0.05485550  0.15005102
   0.58804900  0.03885215  0.55620893
   0.32507978  0.81977327  0.90266633
   0.52582388  0.97286582  0.63725273
   0.29285597  0.68662926  0.80424197
   0.50210063  0.99543353  0.75137432
   0.01604527  0.46558222  0.54012039
   0.10593681  0.55485555  0.65005105
   0.11362836  0.43752488  0.94711569
   0.82228936  0.67763914  0.59694248
   0.02583362  0.52726738  0.86271402
   0.79089606  0.81114563  0.69580033
   0.00227177  0.50467694  0.74894933
   0.51685753  0.03745777  0.96115223
   0.60579507  0.94566633  0.84955723
   0.11362836  0.93752491  0.44711566
   0.82228936  0.17763914  0.09694250
   0.02583362  0.02726740  0.36271402
   0.79089606  0.31114563  0.19580033
   0.00227177  0.00467697  0.24894935
   0.51685753  0.53745779  0.46115220
   0.60579507  0.44566639  0.34955726
   0.08803425  0.46093792  0.05619971
   0.82503851  0.68068758  0.40266249
   0.02582559  0.52654815  0.13728410
   0.79361767  0.81371996  0.30424364
   0.00211493  0.50455745  0.25135688
   0.51597367  0.03432388  0.04014401
   0.60599420  0.94450033  0.15003265
   0.08803425  0.96093789  0.55619975
   0.82503851  0.18068759  0.90266252
   0.02582559  0.02654812  0.63728407
   0.79361767  0.31371999  0.80424361
   0.00211493  0.00455746  0.75135688
   0.51597367  0.53432389  0.54014398
   0.60599420  0.44450033  0.65003268
   0.61363738  0.56268681  0.94711046
   0.32212807  0.32190878  0.59694960
   0.52585502  0.47334109  0.86268627
   0.29162783  0.18847772  0.69579714
   0.50229943  0.49535435  0.74896982
   0.01685074  0.96267439  0.96114492
   0.10585938  0.05500025  0.84957542
   0.61363738  0.06268677  0.44711052
   0.32212807  0.82190878  0.09694961
   0.52585502  0.97334106  0.36268624
   0.29162783  0.68847772  0.19579709
   0.50229943  0.99535435  0.24896979
   0.01685074  0.46267442  0.46114492
   0.10585938  0.55500027  0.34957548
   0.32152667  0.16779630  0.50068199
   0.32152667  0.66779636  1.00068202
   0.82144783  0.83216161  0.50067868
   0.82144783  0.33216167  0.00067868
   0.79014159  0.75355978  0.44987567
   0.79014159  0.25355978  0.94987564
   0.29012276  0.24663069  0.44987347
   0.29012276  0.74663069  0.94987347
