   0.25054679  0.24816805  0.10341334
   0.23801989  0.27261215  0.21964644
   0.25054679  0.74816805  0.60341336
   0.23801989  0.77261218  0.71964640
   0.74597005  0.75499014  0.89662823
   0.73582820  0.72670347  0.78116613
   0.74597005  0.25499014  0.39662826
   0.73582820  0.22670349  0.28116607
   0.75084077  0.75100715  0.10347940
   0.73740463  0.72737512  0.21961756
   0.75084077  0.25100718  0.60347942
   0.73740463  0.22737510  0.71961759
   0.24603267  0.24570921  0.89663121
   0.23518962  0.27336936  0.78120442
   0.24603267  0.74570924  0.39663124
   0.23518962  0.77336933  0.28120445
   0.24563951  0.24238978 -0.00436707
   0.24563951  0.74238978  0.49563293
   0.74587346  0.75770611  0.99556754
   0.74587346  0.25770611  0.49556748
   0.29434607  0.25027474  0.34789974
   0.29434607  0.75027474  0.84789977
   0.79442390  0.75047981  0.34792397
   0.79442390  0.25047981  0.84792397
   0.79498324  0.74916649  0.65238664
   0.79498324  0.24916651  0.15238665
   0.29039756  0.24852516  0.54880559
   0.29507114  0.25005477  0.65235765
   0.29507114  0.75005477  0.15235765
   0.29039756  0.74852514  0.04880558
   0.79026437  0.75144308  0.54880102
   0.79026437  0.25144308  0.04880102
   0.59215630  0.54264112  0.05612613
   0.32496736  0.32017561  0.40250546
   0.52632065  0.47328708  0.13751158
   0.29265380  0.18710333  0.30403460
   0.50258515  0.49563351  0.25145165
   0.01389587  0.96298372  0.04025993
   0.10491759  0.05365285  0.15020386
   0.59215630  0.04264113  0.55612611
   0.32496736  0.82017561  0.90250546
   0.52632065  0.97328711  0.63751157
   0.29265380  0.68710330  0.80403460
   0.50258515  0.99563354  0.75145168
   0.01389587  0.46298375  0.54025992
   0.10491759  0.55365291  0.65020389
   0.11254534  0.43771391  0.94699713
   0.82243679  0.67858322  0.59702799
   0.02579739  0.52744988  0.86249782
   0.79061495  0.81072160  0.69605544
   0.00265247  0.50448427  0.74893026
   0.51589587  0.03751089  0.96110658
   0.60613427  0.94544740  0.84932610
   0.11254534  0.93771394  0.44699710
   0.82243679  0.17858322  0.09702801
   0.02579739  0.02744990  0.36249782
   0.79061495  0.31072160  0.19605544
   0.00265247  0.00448430  0.24893027
   0.51589587  0.53751091  0.46110655
   0.60613427  0.44544746  0.34932613
   0.09216070  0.45730296  0.05602789
   0.82481230  0.68045652  0.40248892
   0.02633155  0.52584913  0.13756766
   0.79376323  0.81330114  0.30403281
   0.00259597  0.50431415  0.25142042
   0.51354531  0.03738718  0.04034354
   0.60508254  0.94535581  0.15022154
   0.09216070  0.95730293  0.55602793
   0.82481230  0.18045653  0.90248894
   0.02633155  0.02584910  0.63756763
   0.79376323  0.31330117  0.80403278
   0.00259597  0.00431415  0.75142042
   0.51354531  0.53738718  0.54034352
   0.60508254  0.44535581  0.65022157
   0.61253651  0.56232287  0.94697773
   0.32199348  0.32097148  0.59705359
   0.52581466  0.47338152  0.86245406
   0.29166720  0.18880710  0.69605280
   0.50267253  0.49556185  0.74896557
   0.01573992  0.96225819  0.96101110
   0.10626441  0.05551417  0.84933627
   0.61253651  0.06232282  0.44697779
   0.32199348  0.82097148  0.09705361
   0.52581466  0.97338149  0.36245403
   0.29166720  0.68880710  0.19605276
   0.50267253  0.99556185  0.24896554
   0.01573992  0.46225822  0.46101110
   0.10626441  0.55551419  0.34933633
   0.32107281  0.16780639  0.50069362
   0.32107281  0.66780645  1.00069365
   0.82075406  0.83197042  0.50067496
   0.82075406  0.33197048  0.00067496
   0.78936719  0.75324274  0.44973969
   0.78936719  0.25324274  0.94973966
   0.28941965  0.24683325  0.44974142
   0.28941965  0.74683325  0.94974142
