   0.25077956  0.25138827  0.10278178
   0.23193344  0.27359807  0.21923182
   0.25077956  0.75138827  0.60278179
   0.23193344  0.77359810  0.71923177
   0.74698492  0.75578003  0.89691640
   0.73001221  0.72601660  0.78094790
   0.74698492  0.25578003  0.39691643
   0.73001221  0.22601662  0.28094784
   0.75077604  0.74848457  0.10277988
   0.73190404  0.72652253  0.21923297
   0.75077604  0.24848460  0.60277990
   0.73190404  0.22652251  0.71923300
   0.24698694  0.24432527  0.89691741
   0.22998096  0.27389887  0.78094798
   0.24698694  0.74432530  0.39691744
   0.22998096  0.77389884  0.28094801
   0.24761803  0.24088388 -0.00430497
   0.24761803  0.74088388  0.49569503
   0.74761321  0.75911584  0.99569853
   0.74761321  0.25911584  0.49569847
   0.29474678  0.24939500  0.34833981
   0.29474678  0.74939500  0.84833984
   0.79475187  0.75078835  0.34834866
   0.79475187  0.25078835  0.84834866
   0.79612602  0.74805210  0.65162768
   0.79612602  0.24805211  0.15162770
   0.28988878  0.24892846  0.54877750
   0.29613203  0.25173764  0.65161802
   0.29613203  0.75173764  0.15161802
   0.28988878  0.74892845  0.04877749
   0.78988597  0.75099785  0.54877818
   0.78988597  0.25099785  0.04877817
   0.57767266  0.52876442  0.05684565
   0.32608338  0.31917313  0.40300150
   0.52592871  0.47161467  0.13679314
   0.29435793  0.18522932  0.30450293
   0.49850379  0.49469090  0.25111039
   0.02328615  0.97352623  0.03983876
   0.11017905  0.05820995  0.14995342
   0.57767266  0.02876442  0.55684563
   0.32608338  0.81917313  0.90300150
   0.52592871  0.97161470  0.63679312
   0.29435793  0.68522930  0.80450293
   0.49850379  0.99469093  0.75111042
   0.02328615  0.47352626  0.53983876
   0.11017905  0.55821000  0.64995345
   0.11628449  0.43651679  0.94733457
   0.82319950  0.67501162  0.59691527
   0.02721197  0.52613958  0.86302242
   0.79205196  0.81259532  0.69527716
  -0.00123197  0.50536377  0.74880380
   0.51928172  0.03682688  0.96143163
   0.60469175  0.94706369  0.84990996
   0.11628449  0.93651682  0.44733454
   0.82319950  0.17501162  0.09691529
   0.02721197  0.02613961  0.36302242
   0.79205196  0.31259532  0.19527716
  -0.00123197  0.00536380  0.24880382
   0.51928172  0.53682690  0.46143160
   0.60469175  0.44706375  0.34990999
   0.07767153  0.47113738  0.05684238
   0.82604735  0.68092616  0.40300274
   0.02594211  0.52815821  0.13679117
   0.79438639  0.81489131  0.30450408
  -0.00147215  0.50533109  0.25110752
   0.52329526  0.02641970  0.03983725
   0.61019503  0.94153440  0.14995069
   0.07767153  0.97113735  0.55684242
   0.82604735  0.18092617  0.90300277
   0.02594211  0.02815818  0.63679114
   0.79438639  0.31489134  0.80450405
  -0.00147215  0.00533110  0.75110752
   0.52329526  0.52641971  0.53983723
   0.61019503  0.44153440  0.64995072
   0.61629656  0.56362243  0.94734354
   0.32317841  0.32483336  0.59691479
   0.52721906  0.47404414  0.86302410
   0.29207282  0.18726272  0.69527598
   0.49879511  0.49463131  0.74880703
   0.01929618  0.96328257  0.96143480
   0.10470602  0.05315846  0.84991360
   0.61629656  0.06362239  0.44734360
   0.32317841  0.82483336  0.09691480
   0.52721906  0.97404411  0.36302407
   0.29207282  0.68726272  0.19527594
   0.49879511  0.99463131  0.24880700
   0.01929618  0.46328260  0.46143480
   0.10470602  0.55315849  0.34991366
   0.32265859  0.16710159  0.50080243
   0.32265859  0.66710165  1.00080246
   0.82267790  0.83292143  0.50080099
   0.82267790  0.33292149  0.00080099
   0.79170783  0.75426935  0.45013276
   0.79170783  0.25426935  0.95013273
   0.29170379  0.24583459  0.45013392
   0.29170379  0.74583459  0.95013392
