   0.25041227  0.25062392  0.10289045
   0.23399004  0.27349920  0.21935018
   0.25041227  0.75062392  0.60289046
   0.23399004  0.77349923  0.71935014
   0.74680941  0.75561072  0.89690375
   0.73191828  0.72602763  0.78104133
   0.74680941  0.25561072  0.39690378
   0.73191828  0.22602764  0.28104127
   0.75042436  0.74915473  0.10288826
   0.73388509  0.72661222  0.21934678
   0.75042436  0.24915476  0.60288828
   0.73388509  0.22661220  0.71934681
   0.24682733  0.24458771  0.89690491
   0.23180983  0.27392475  0.78104681
   0.24682733  0.74458774  0.39690494
   0.23180983  0.77392472  0.28104684
   0.24711665  0.24118969 -0.00432384
   0.24711665  0.74118969  0.49567616
   0.74711593  0.75881108  0.99567886
   0.74711593  0.25881108  0.49567880
   0.29469230  0.24957679  0.34830581
   0.29469230  0.74957679  0.84830583
   0.79470999  0.75069399  0.34831714
   0.79470999  0.25069399  0.84831714
   0.79562242  0.74839497  0.65175863
   0.79562242  0.24839499  0.15175865
   0.28975701  0.24879608  0.54874254
   0.29564161  0.25131982  0.65174629
   0.29564161  0.75131982  0.15174629
   0.28975701  0.74879607  0.04874253
   0.78975376  0.75107401  0.54874353
   0.78975376  0.25107401  0.04874352
   0.58095705  0.53211561  0.05660744
   0.32578147  0.31934952  0.40291560
   0.52573290  0.47203510  0.13690616
   0.29411172  0.18544062  0.30444480
   0.49994064  0.49491088  0.25119870
   0.02070963  0.97088531  0.03989328
   0.10867105  0.05713654  0.14995285
   0.58095705  0.03211562  0.55660742
   0.32578147  0.81934952  0.90291560
   0.52573290  0.97203513  0.63690615
   0.29411172  0.68544059  0.80444480
   0.49994064  0.99491091  0.75119873
   0.02070963  0.47088534  0.53989327
   0.10867105  0.55713659  0.64995288
   0.11542186  0.43680887  0.94726460
   0.82272362  0.67582935  0.59689709
   0.02687325  0.52644174  0.86296348
   0.79164938  0.81231337  0.69542845
   0.00019051  0.50517332  0.74887371
   0.51842847  0.03706077  0.96134881
   0.60504988  0.94667147  0.84982487
   0.11542186  0.93680890  0.44726457
   0.82272362  0.17582935  0.09689710
   0.02687325  0.02644176  0.36296348
   0.79164938  0.31231337  0.19542845
   0.00019051  0.00517335  0.24887373
   0.51842847  0.53706079  0.46134878
   0.60504988  0.44667153  0.34982490
   0.08096231  0.46771975  0.05660377
   0.82575149  0.68083300  0.40291592
   0.02574569  0.52765367  0.13690979
   0.79428288  0.81473600  0.30444619
  -0.00003758  0.50511447  0.25119287
   0.52072079  0.02900087  0.03989280
   0.60869543  0.94251840  0.14994647
   0.08096231  0.96771972  0.55660381
   0.82575149  0.18083302  0.90291595
   0.02574569  0.02765365  0.63690976
   0.79428288  0.31473603  0.80444616
  -0.00003758  0.00511448  0.75119287
   0.52072079  0.52900088  0.53989277
   0.60869543  0.44251840  0.64994650
   0.61543194  0.56335902  0.94727089
   0.32269115  0.32393715  0.59689751
   0.52688331  0.47384203  0.86295919
   0.29181934  0.18749844  0.69542690
   0.50021809  0.49483977  0.74888000
   0.01843927  0.96307045  0.96135135
   0.10507680  0.05365826  0.84983048
   0.61543194  0.06335897  0.44727095
   0.32269115  0.82393715  0.09689752
   0.52688331  0.97384200  0.36295916
   0.29181934  0.68749844  0.19542686
   0.50021809  0.99483977  0.24887997
   0.01843927  0.46307048  0.46135135
   0.10507680  0.55365828  0.34983054
   0.32216400  0.16727775  0.50074370
   0.32216400  0.66727781  1.00074373
   0.82217683  0.83273113  0.50074273
   0.82217683  0.33273119  0.00074273
   0.79112672  0.75406775  0.45006375
   0.79112672  0.25406775  0.95006372
   0.29112348  0.24607209  0.45006435
   0.29112348  0.74607209  0.95006435
