   0.25037275  0.24853892  0.10330574
   0.23768645  0.27278009  0.21961269
   0.25037275  0.74853892  0.60330576
   0.23768645  0.77278012  0.71961265
   0.74612165  0.75507187  0.89670732
   0.73555469  0.72656194  0.78116469
   0.74612165  0.25507187  0.39670735
   0.73555469  0.22656196  0.28116463
   0.75056626  0.75077252  0.10334169
   0.73716846  0.72722925  0.21958804
   0.75056626  0.25077255  0.60334171
   0.73716846  0.22722924  0.71958807
   0.24619361  0.24553312  0.89670570
   0.23501081  0.27349579  0.78119713
   0.24619361  0.74553315  0.39670573
   0.23501081  0.77349576  0.28119716
   0.24601221  0.24216839 -0.00436748
   0.24601221  0.74216839  0.49563252
   0.74611431  0.75782846  0.99558695
   0.74611431  0.25782846  0.49558689
   0.29432532  0.25018023  0.34800839
   0.29432532  0.75018023  0.84800842
   0.79438659  0.75046900  0.34803092
   0.79438659  0.25046900  0.84803092
   0.79493320  0.74908001  0.65225017
   0.79493320  0.24908003  0.15225019
   0.29020460  0.24854200  0.54877231
   0.29499925  0.25027033  0.65222451
   0.29499925  0.75027033  0.15222451
   0.29020460  0.74854198  0.04877230
   0.79013205  0.75132463  0.54877097
   0.79013205  0.25132463  0.04877097
   0.59016047  0.54078499  0.05615793
   0.32500023  0.31997368  0.40258034
   0.52607076  0.47309239  0.13738877
   0.29270837  0.18690537  0.30412942
   0.50238091  0.49553852  0.25141850
   0.01490324  0.96420747  0.04019589
   0.10538165  0.05423255  0.15012776
   0.59016047  0.04078500  0.55615791
   0.32500023  0.81997368  0.90258034
   0.52607076  0.97309242  0.63738876
   0.29270837  0.68690534  0.80412942
   0.50238091  0.99553855  0.75141853
   0.01490324  0.46420750  0.54019588
   0.10538165  0.55423260  0.65012779
   0.11307981  0.43764550  0.94705530
   0.82236417  0.67813694  0.59698763
   0.02575585  0.52739639  0.86260263
   0.79074778  0.81088118  0.69593370
   0.00251064  0.50456090  0.74894426
   0.51637692  0.03751307  0.96111825
   0.60598848  0.94551967  0.84944126
   0.11307981  0.93764553  0.44705527
   0.82236417  0.17813694  0.09698764
   0.02575585  0.02739642  0.36260263
   0.79074778  0.31088118  0.19593370
   0.00251064  0.00456093  0.24894427
   0.51637692  0.53751309  0.46111822
   0.60598848  0.44551973  0.34944129
   0.09014508  0.45907475  0.05611390
   0.82491152  0.68059132  0.40257031
   0.02607510  0.52618316  0.13743347
   0.79365232  0.81347749  0.30413174
   0.00239316  0.50442993  0.25139477
   0.51471203  0.03589476  0.04024690
   0.60548805  0.94495650  0.15012259
   0.09014508  0.95907472  0.55611394
   0.82491152  0.18059134  0.90257034
   0.02607510  0.02618313  0.63743344
   0.79365232  0.31347752  0.80413171
   0.00239316  0.00442994  0.75139477
   0.51471203  0.53589477  0.54024687
   0.60548805  0.44495650  0.65012261
   0.61308577  0.56248298  0.94704350
   0.32207110  0.32140222  0.59700297
   0.52578230  0.47333292  0.86256617
   0.29164191  0.18869073  0.69592917
   0.50253627  0.49547542  0.74897035
   0.01630458  0.96246009  0.96107497
   0.10607413  0.05528689  0.84945919
   0.61308577  0.06248293  0.44704356
   0.32207110  0.82140222  0.09700298
   0.52578230  0.97333289  0.36256614
   0.29164191  0.68869073  0.19592912
   0.50253627  0.99547542  0.24897032
   0.01630458  0.46246012  0.46107497
   0.10607413  0.55528691  0.34945925
   0.32133542  0.16784547  0.50068513
   0.32133542  0.66784553  1.00068516
   0.82113094  0.83204370  0.50067519
   0.82113094  0.33204376  0.00067519
   0.78971831  0.75336075  0.44979996
   0.78971831  0.25336075  0.94979993
   0.28973022  0.24677555  0.44979826
   0.28973022  0.74677555  0.94979826
