   0.25065897  0.25114778  0.10281171
   0.23256283  0.27356381  0.21926929
   0.25065897  0.75114778  0.60281173
   0.23256283  0.77356384  0.71926924
   0.74694729  0.75572986  0.89691701
   0.73058084  0.72601929  0.78097804
   0.74694729  0.25572986  0.39691704
   0.73058084  0.22601930  0.28097798
   0.75065907  0.74870090  0.10280973
   0.73251609  0.72655469  0.21926935
   0.75065907  0.24870093  0.60280975
   0.73251609  0.22655467  0.71926938
   0.24695326  0.24439876  0.89691812
   0.23053201  0.27390590  0.78097933
   0.24695326  0.74439878  0.39691815
   0.23053201  0.77390587  0.28097936
   0.24745366  0.24097457 -0.00431079
   0.24745366  0.74097457  0.49568921
   0.74745066  0.75902493  0.99569251
   0.74745066  0.25902493  0.49569245
   0.29474770  0.24944654  0.34833282
   0.29474770  0.74944654  0.84833285
   0.79475579  0.75075995  0.34834222
   0.79475579  0.25075995  0.84834222
   0.79596898  0.74815804  0.65166176
   0.79596898  0.24815806  0.15166177
   0.28983695  0.24888694  0.54876619
   0.29597806  0.25161232  0.65165149
   0.29597806  0.75161232  0.15165149
   0.28983695  0.74888692  0.04876618
   0.78983395  0.75102418  0.54876695
   0.78983395  0.25102418  0.04876694
   0.57867731  0.52979650  0.05676957
   0.32599667  0.31922298  0.40297612
   0.52587322  0.47174882  0.13682415
   0.29433650  0.18527459  0.30449329
   0.49893914  0.49474970  0.25113590
   0.02247384  0.97270555  0.03985345
   0.10971235  0.05787350  0.14994966
   0.57867731  0.02979651  0.55676955
   0.32599667  0.81922298  0.90297612
   0.52587322  0.97174885  0.63682413
   0.29433650  0.68527456  0.80449329
   0.49893914  0.99474973  0.75113593
   0.02247384  0.47270558  0.53985344
   0.10971235  0.55787355  0.64994969
   0.11601566  0.43660097  0.94731362
   0.82304483  0.67526642  0.59690375
   0.02713200  0.52622386  0.86300827
   0.79194649  0.81253235  0.69531989
  -0.00079946  0.50531538  0.74882609
   0.51900805  0.03690040  0.96140711
   0.60480580  0.94695791  0.84988812
   0.11601566  0.93660100  0.44731359
   0.82304483  0.17526642  0.09690376
   0.02713200  0.02622388  0.36300827
   0.79194649  0.31253235  0.19531989
  -0.00079946  0.00531541  0.24882610
   0.51900805  0.53690042  0.46140708
   0.60480580  0.44695797  0.34988815
   0.07867810  0.47008766  0.05676615
   0.82596225  0.68089788  0.40297707
   0.02588673  0.52800277  0.13682344
   0.79439695  0.81486060  0.30449459
  -0.00103722  0.50527401  0.25113237
   0.52248374  0.02722424  0.03985218
   0.60973037  0.94184803  0.14994608
   0.07867810  0.97008763  0.55676619
   0.82596225  0.18089789  0.90297710
   0.02588673  0.02800274  0.63682341
   0.79439695  0.31486063  0.80449456
  -0.00103722  0.00527402  0.75113237
   0.52248374  0.52722425  0.53985216
   0.60973037  0.44184803  0.64994611
   0.61602725  0.56354528  0.94732186
   0.32302120  0.32455845  0.59690351
   0.52714015  0.47398551  0.86300861
   0.29200200  0.18731469  0.69531852
   0.49922780  0.49468490  0.74882997
   0.01902166  0.96321433  0.96141009
   0.10482287  0.05329208  0.84989218
   0.61602725  0.06354524  0.44732192
   0.32302120  0.82455845  0.09690352
   0.52714015  0.97398548  0.36300858
   0.29200200  0.68731469  0.19531847
   0.49922780  0.99468490  0.24882994
   0.01902166  0.46321436  0.46141009
   0.10482287  0.55329210  0.34989224
   0.32249321  0.16715392  0.50078683
   0.32249321  0.66715398  1.00078686
   0.82251061  0.83286511  0.50078551
   0.82251061  0.33286517  0.00078551
   0.79151809  0.75420525  0.45011256
   0.79151809  0.25420525  0.95011253
   0.29151545  0.24590771  0.45011368
   0.29151545  0.74590771  0.95011368
