   0.25077372  0.25137545  0.10278307
   0.23197215  0.27359813  0.21923361
   0.25077372  0.75137545  0.60278308
   0.23197215  0.77359816  0.71923357
   0.74698263  0.75577815  0.89691671
   0.73004699  0.72601617  0.78094958
   0.74698263  0.25577815  0.39691674
   0.73004699  0.22601618  0.28094952
   0.75077048  0.74849571  0.10278117
   0.73194185  0.72652217  0.21923471
   0.75077048  0.24849574  0.60278119
   0.73194185  0.22652215  0.71923474
   0.24698489  0.24432868  0.89691773
   0.23001483  0.27390011  0.78094972
   0.24698489  0.74432871  0.39691776
   0.23001483  0.77390008  0.28094975
   0.24760766  0.24088901 -0.00430445
   0.24760766  0.74088901  0.49569555
   0.74760299  0.75911059  0.99569904
   0.74760299  0.25911059  0.49569898
   0.29474833  0.24940431  0.34834425
   0.29474833  0.74940431  0.84834428
   0.79475373  0.75078083  0.34835308
   0.79475373  0.25078083  0.84835308
   0.79611459  0.74805831  0.65162494
   0.79611459  0.24805832  0.15162496
   0.28988404  0.24892135  0.54877746
   0.29612080  0.25173001  0.65161528
   0.29612080  0.75173001  0.15161528
   0.28988404  0.74892134  0.04877745
   0.78988134  0.75100383  0.54877815
   0.78988134  0.25100383  0.04877815
   0.57772727  0.52882295  0.05684119
   0.32608019  0.31917449  0.40300092
   0.52592454  0.47162068  0.13679521
   0.29435786  0.18522538  0.30449857
   0.49852555  0.49469339  0.25111151
   0.02324142  0.97348275  0.03983906
   0.11015412  0.05819369  0.14995418
   0.57772727  0.02882295  0.55684117
   0.32608019  0.81917449  0.90300092
   0.52592454  0.97162071  0.63679520
   0.29435786  0.68522535  0.80449857
   0.49852555  0.99469342  0.75111154
   0.02324142  0.47348278  0.53983906
   0.11015412  0.55819374  0.64995421
   0.11627194  0.43652172  0.94733367
   0.82319193  0.67502116  0.59691560
   0.02720983  0.52614416  0.86302133
   0.79204680  0.81259741  0.69528284
  -0.00121019  0.50536102  0.74880542
   0.51926974  0.03683005  0.96143012
   0.60469823  0.94705915  0.84990815
   0.11627194  0.93652175  0.44733364
   0.82319193  0.17502116  0.09691562
   0.02720983  0.02614418  0.36302133
   0.79204680  0.31259741  0.19528284
  -0.00121019  0.00536105  0.24880543
   0.51926974  0.53683007  0.46143009
   0.60469823  0.44705921  0.34990818
   0.07772623  0.47107792  0.05683790
   0.82604418  0.68092570  0.40300214
   0.02593778  0.52815116  0.13679329
   0.79438745  0.81489590  0.30449977
  -0.00145046  0.50532867  0.25110862
   0.52325042  0.02646232  0.03983757
   0.61017016  0.94154957  0.14995143
   0.07772623  0.97107789  0.55683794
   0.82604418  0.18092571  0.90300217
   0.02593778  0.02815113  0.63679326
   0.79438745  0.31489593  0.80449974
  -0.00145046  0.00532867  0.75110862
   0.52325042  0.52646233  0.53983754
   0.61017016  0.44154957  0.64995146
   0.61628399  0.56361779  0.94734260
   0.32317071  0.32482296  0.59691513
   0.52721677  0.47404083  0.86302297
   0.29206901  0.18726020  0.69528163
   0.49881687  0.49463432  0.74880867
   0.01928414  0.96327959  0.96143329
   0.10471255  0.05316433  0.84991179
   0.61628399  0.06361775  0.44734266
   0.32317071  0.82482296  0.09691514
   0.52721677  0.97404080  0.36302294
   0.29206901  0.68726020  0.19528158
   0.49881687  0.99463432  0.24880864
   0.01928414  0.46327962  0.46143329
   0.10471255  0.55316435  0.34991185
   0.32265092  0.16710228  0.50079967
   0.32265092  0.66710234  1.00079970
   0.82267011  0.83292056  0.50079822
   0.82267011  0.33292062  0.00079822
   0.79168616  0.75426182  0.45013113
   0.79168616  0.25426182  0.95013110
   0.29168244  0.24584310  0.45013229
   0.29168244  0.74584310  0.95013229
