   0.25050359  0.25080493  0.10286164
   0.23352071  0.27351787  0.21932299
   0.25050359  0.75080493  0.60286165
   0.23352071  0.77351790  0.71932294
   0.74687464  0.75564595  0.89690974
   0.73147209  0.72602813  0.78102215
   0.74687464  0.25564595  0.39690977
   0.73147209  0.22602814  0.28102209
   0.75051079  0.74900002  0.10285953
   0.73343849  0.72659660  0.21932091
   0.75051079  0.24900005  0.60285955
   0.73343849  0.22659659  0.71932094
   0.24688764  0.24452629  0.89691088
   0.23138712  0.27391429  0.78102601
   0.24688764  0.74452632  0.39691091
   0.23138712  0.77391426  0.28102604
   0.24722623  0.24111741 -0.00431846
   0.24722623  0.74111741  0.49568154
   0.74722485  0.75888336  0.99568446
   0.74722485  0.25888336  0.49568440
   0.29471884  0.24952683  0.34831652
   0.29471884  0.74952683  0.84831655
   0.79473249  0.75071972  0.34832740
   0.79473249  0.25071972  0.84832740
   0.79573395  0.74832750  0.65173503
   0.79573395  0.24832752  0.15173505
   0.28978167  0.24883057  0.54874927
   0.29574894  0.25140813  0.65172325
   0.29574894  0.75140813  0.15172325
   0.28978167  0.74883056  0.04874926
   0.78977821  0.75105435  0.54875011
   0.78977821  0.25105435  0.04875011
   0.58018419  0.53133370  0.05666071
   0.32585027  0.31930187  0.40293499
   0.52577342  0.47194046  0.13687684
   0.29421022  0.18537795  0.30446805
   0.49962062  0.49485741  0.25117598
   0.02128764  0.97149536  0.03987938
   0.10901434  0.05738611  0.14995173
   0.58018419  0.03133371  0.55666069
   0.32585027  0.81930187  0.90293499
   0.52577342  0.97194049  0.63687683
   0.29421022  0.68537793  0.80446805
   0.49962062  0.99485744  0.75117601
   0.02128764  0.47149539  0.53987938
   0.10901434  0.55738616  0.64995176
   0.11561089  0.43673823  0.94728160
   0.82281575  0.67565098  0.59689410
   0.02696996  0.52636532  0.86297944
   0.79174741  0.81237177  0.69537689
  -0.00012550  0.50521780  0.74885689
   0.51860837  0.03700670  0.96136986
   0.60496374  0.94678006  0.84984857
   0.11561089  0.93673826  0.44728157
   0.82281575  0.17565098  0.09689411
   0.02696996  0.02636534  0.36297944
   0.79174741  0.31237177  0.19537689
  -0.00012550  0.00521783  0.24885690
   0.51860837  0.53700673  0.46136983
   0.60496374  0.44678012  0.34984860
   0.08018830  0.46851902  0.05665709
   0.82581877  0.68085846  0.40293554
   0.02578742  0.52777156  0.13687880
   0.79433825  0.81478382  0.30446916
  -0.00035691  0.50516753  0.25117106
   0.52129895  0.02840617  0.03987858
   0.60903618  0.94229275  0.14994640
   0.08018830  0.96851899  0.55665714
   0.82581877  0.18085848  0.90293557
   0.02578742  0.02777153  0.63687877
   0.79433825  0.31478385  0.80446913
  -0.00035691  0.00516754  0.75117106
   0.52129895  0.52840618  0.53987855
   0.60903618  0.44229275  0.64994643
   0.61562136  0.56342176  0.94728856
   0.32278678  0.32413637  0.59689424
   0.52697999  0.47389081  0.86297690
   0.29187323  0.18745276  0.69537569
   0.49990215  0.49479149  0.74886224
   0.01862009  0.96311854  0.96137250
   0.10498657  0.05352063  0.84985360
   0.61562136  0.06342172  0.44728862
   0.32278678  0.82413637  0.09689426
   0.52697999  0.97389078  0.36297687
   0.29187323  0.68745276  0.19537564
   0.49990215  0.99479149  0.24886221
   0.01862009  0.46311857  0.46137250
   0.10498657  0.55352066  0.34985366
   0.32226202  0.16724193  0.50076247
   0.32226202  0.66724199  1.00076250
   0.82227648  0.83277023  0.50076140
   0.82227648  0.33277029  0.00076140
   0.79125586  0.75411800  0.45007922
   0.79125586  0.25411800  0.95007919
   0.29125261  0.24601230  0.45008002
   0.29125261  0.74601230  0.95008002
