   0.25032781  0.25030050  0.10293564
   0.23475842  0.27343023  0.21939513
   0.25032781  0.75030050  0.60293566
   0.23475842  0.77343026  0.71939509
   0.74673777  0.75554222  0.89689626
   0.73266991  0.72606401  0.78107591
   0.74673777  0.25554222  0.39689629
   0.73266991  0.22606402  0.28107585
   0.75034987  0.74942839  0.10293309
   0.73460672  0.72667268  0.21938901
   0.75034987  0.24942842  0.60293311
   0.73460672  0.22667267  0.71938904
   0.24676562  0.24470525  0.89689752
   0.23251361  0.27390574  0.78108466
   0.24676562  0.74470528  0.39689755
   0.23251361  0.77390571  0.28108469
   0.24697118  0.24132902 -0.00433361
   0.24697118  0.74132902  0.49566639
   0.74697122  0.75867045  0.99566876
   0.74697122  0.25867045  0.49566870
   0.29462735  0.24964912  0.34828060
   0.29462735  0.74964912  0.84828063
   0.79465211  0.75066750  0.34829340
   0.79465211  0.25066750  0.84829340
   0.79543724  0.74854861  0.65183066
   0.79543724  0.24854863  0.15183068
   0.28975673  0.24873576  0.54873075
   0.29546366  0.25112583  0.65181705
   0.29546366  0.75112583  0.15181705
   0.28975673  0.74873575  0.04873074
   0.78975323  0.75110655  0.54873186
   0.78975323  0.25110655  0.04873185
   0.58225065  0.53338742  0.05651776
   0.32562684  0.31941845  0.40287632
   0.52568373  0.47218974  0.13695459
   0.29390012  0.18558421  0.30441527
   0.50045673  0.49499906  0.25123264
   0.01976913  0.96987950  0.03992249
   0.10809247  0.05669762  0.14995671
   0.58225065  0.03338743  0.55651773
   0.32562684  0.81941845  0.90287632
   0.52568373  0.97218977  0.63695457
   0.29390012  0.68558418  0.80441527
   0.50045673  0.99499909  0.75123267
   0.01976913  0.46987953  0.53992249
   0.10809247  0.55669767  0.64995674
   0.11508285  0.43693662  0.94724017
   0.82255015  0.67617299  0.59688979
   0.02668043  0.52659042  0.86293292
   0.79148911  0.81215038  0.69548504
   0.00069224  0.50508916  0.74889776
   0.51811963  0.03713908  0.96131660
   0.60518293  0.94649415  0.84978664
   0.11508285  0.93693665  0.44724014
   0.82255015  0.17617299  0.09688980
   0.02668043  0.02659044  0.36293292
   0.79148911  0.31215038  0.19548504
   0.00069224  0.00508919  0.24889777
   0.51811963  0.53713910  0.46131657
   0.60518293  0.44649421  0.34978667
   0.08225799  0.46642072  0.05651442
   0.82560000  0.68080487  0.40287627
   0.02569591  0.52745818  0.13696162
   0.79415948  0.81461856  0.30441699
   0.00047710  0.50502328  0.25122493
   0.51978050  0.02998227  0.03992273
   0.60812099  0.94291250  0.14994794
   0.08225799  0.96642069  0.55651446
   0.82560000  0.18080489  0.90287630
   0.02569591  0.02745815  0.63696159
   0.79415948  0.31461859  0.80441696
   0.00047710  0.00502328  0.75122493
   0.51978050  0.52998227  0.53992270
   0.60812099  0.44291250  0.64994797
   0.61509221  0.56324678  0.94724528
   0.32251098  0.32355524  0.59689067
   0.52669213  0.47374236  0.86292503
   0.29174916  0.18763595  0.69548292
   0.50072010  0.49493001  0.74890608
   0.01812876  0.96300489  0.96131912
   0.10521669  0.05388995  0.84979364
   0.61509221  0.06324674  0.44724534
   0.32251098  0.82355524  0.09689069
   0.52669213  0.97374233  0.36292500
   0.29174916  0.68763595  0.19548288
   0.50072010  0.99493001  0.24890605
   0.01812876  0.46300492  0.46131912
   0.10521669  0.55388997  0.34979369
   0.32198829  0.16737327  0.50073038
   0.32198829  0.66737333  1.00073041
   0.82199886  0.83263159  0.50072962
   0.82199886  0.33263165  0.00072962
   0.79093798  0.75398730  0.45003034
   0.79093798  0.25398730  0.95003031
   0.29093308  0.24617144  0.45003053
   0.29093308  0.74617144  0.95003053
