   0.25040810  0.25059496  0.10289592
   0.23406659  0.27348344  0.21935542
   0.25040810  0.75059496  0.60289593
   0.23406659  0.77348347  0.71935537
   0.74681337  0.75559862  0.89690177
   0.73199015  0.72603503  0.78104532
   0.74681337  0.25559862  0.39690180
   0.73199015  0.22603505  0.28104526
   0.75042095  0.74917940  0.10289371
   0.73395756  0.72662730  0.21935178
   0.75042095  0.24917943  0.60289373
   0.73395756  0.22662728  0.71935181
   0.24683193  0.24460407  0.89690294
   0.23187765  0.27391878  0.78105109
   0.24683193  0.74460410  0.39690297
   0.23187765  0.77391875  0.28105112
   0.24710685  0.24120486 -0.00432529
   0.24710685  0.74120486  0.49567471
   0.74710630  0.75879574  0.99567738
   0.74710630  0.25879574  0.49567732
   0.29468651  0.24957158  0.34829698
   0.29468651  0.74957158  0.84829701
   0.79470445  0.75070288  0.34830845
   0.79470445  0.25070288  0.84830845
   0.79560397  0.74841352  0.65177049
   0.79560397  0.24841354  0.15177050
   0.28975728  0.24879287  0.54874163
   0.29562349  0.25129811  0.65175800
   0.29562349  0.75129811  0.15175800
   0.28975728  0.74879286  0.04874162
   0.78975395  0.75107501  0.54874260
   0.78975395  0.25107501  0.04874260
   0.58106695  0.53221744  0.05659932
   0.32576114  0.31935380  0.40291178
   0.52572906  0.47204528  0.13691105
   0.29408981  0.18547010  0.30445069
   0.49998837  0.49491984  0.25120157
   0.02062452  0.97079694  0.03989623
   0.10861699  0.05709184  0.14995327
   0.58106695  0.03221744  0.55659930
   0.32576114  0.81935380  0.90291178
   0.52572906  0.97204531  0.63691104
   0.29408981  0.68547007  0.80445069
   0.49998837  0.99491987  0.75120160
   0.02062452  0.47079697  0.53989622
   0.10861699  0.55709189  0.64995330
   0.11538831  0.43682071  0.94726286
   0.82270025  0.67586833  0.59689350
   0.02685342  0.52645821  0.86296012
   0.79163040  0.81228117  0.69542390
   0.00023651  0.50516491  0.74887509
   0.51839675  0.03706690  0.96134634
   0.60506001  0.94665919  0.84982123
   0.11538831  0.93682074  0.44726283
   0.82270025  0.17586833  0.09689351
   0.02685342  0.02645823  0.36296012
   0.79163040  0.31228117  0.19542390
   0.00023651  0.00516494  0.24887511
   0.51839675  0.53706692  0.46134631
   0.60506001  0.44665925  0.34982126
   0.08107308  0.46761609  0.05659566
   0.82573137  0.68083251  0.40291209
   0.02574270  0.52764034  0.13691497
   0.79426843  0.81470892  0.30445212
   0.00001005  0.50510524  0.25119557
   0.52063647  0.02908738  0.03989580
   0.60864244  0.94255964  0.14994668
   0.08107308  0.96761606  0.55659571
   0.82573137  0.18083253  0.90291212
   0.02574270  0.02764032  0.63691494
   0.79426843  0.31470895  0.80445209
   0.00001005  0.00510525  0.75119557
   0.52063647  0.52908738  0.53989577
   0.60864244  0.44255964  0.64994671
   0.61539849  0.56334839  0.94726905
   0.32266727  0.32389446  0.59689395
   0.52686444  0.47382962  0.86295550
   0.29180795  0.18752844  0.69542231
   0.50026410  0.49484894  0.74888157
   0.01840747  0.96306521  0.96134888
   0.10508813  0.05367501  0.84982696
   0.61539849  0.06334834  0.44726911
   0.32266727  0.82389446  0.09689396
   0.52686444  0.97382959  0.36295547
   0.29180795  0.68752844  0.19542226
   0.50026410  0.99484894  0.24888154
   0.01840747  0.46306524  0.46134888
   0.10508813  0.55367503  0.34982702
   0.32214201  0.16729273  0.50074675
   0.32214201  0.66729279  1.00074678
   0.82215465  0.83271552  0.50074579
   0.82215465  0.33271558  0.00074579
   0.79112616  0.75406941  0.45006028
   0.79112616  0.25406941  0.95006025
   0.29112290  0.24607113  0.45006089
   0.29112290  0.74607113  0.95006089
