   0.25041397  0.25063107  0.10289266
   0.23398042  0.27348798  0.21935391
   0.25041397  0.75063107  0.60289268
   0.23398042  0.77348801  0.71935387
   0.74681454  0.75560609  0.89690155
   0.73190795  0.72603453  0.78104014
   0.74681454  0.25560609  0.39690158
   0.73190795  0.22603454  0.28104008
   0.75042578  0.74914847  0.10289047
   0.73387564  0.72662303  0.21935052
   0.75042578  0.24914850  0.60289050
   0.73387564  0.22662301  0.71935055
   0.24683219  0.24459108  0.89690272
   0.23179977  0.27391738  0.78104562
   0.24683219  0.74459111  0.39690275
   0.23179977  0.77391735  0.28104565
   0.24712270  0.24118954 -0.00432586
   0.24712270  0.74118954  0.49567414
   0.74712208  0.75881112  0.99567686
   0.74712208  0.25881112  0.49567680
   0.29469332  0.24956685  0.34830449
   0.29469332  0.74956685  0.84830452
   0.79471013  0.75070092  0.34831583
   0.79471013  0.25070092  0.84831583
   0.79562982  0.74838728  0.65175839
   0.79562982  0.24838729  0.15175841
   0.28975871  0.24880596  0.54874243
   0.29564803  0.25132966  0.65174607
   0.29564803  0.75132966  0.15174607
   0.28975871  0.74880594  0.04874242
   0.78975524  0.75106583  0.54874336
   0.78975524  0.25106583  0.04874336
   0.58092574  0.53206057  0.05661012
   0.32577983  0.31935048  0.40291611
   0.52574624  0.47202941  0.13690548
   0.29411071  0.18545803  0.30445887
   0.49993196  0.49491215  0.25119755
   0.02073709  0.97090805  0.03989450
   0.10867941  0.05713017  0.14995177
   0.58092574  0.03206058  0.55661009
   0.32577983  0.81935048  0.90291611
   0.52574624  0.97202944  0.63690546
   0.29411071  0.68545800  0.80445887
   0.49993196  0.99491218  0.75119758
   0.02073709  0.47090808  0.53989449
   0.10867941  0.55713022  0.64995180
   0.11542768  0.43681141  0.94726625
   0.82272202  0.67583926  0.59689083
   0.02687539  0.52644449  0.86296349
   0.79165169  0.81228877  0.69540867
   0.00018009  0.50517351  0.74887182
   0.51843444  0.03706275  0.96135142
   0.60504437  0.94668508  0.84982664
   0.11542768  0.93681144  0.44726622
   0.82272202  0.17583926  0.09689085
   0.02687539  0.02644451  0.36296349
   0.79165169  0.31228877  0.19540867
   0.00018009  0.00517354  0.24887184
   0.51843444  0.53706277  0.46135139
   0.60504437  0.44668514  0.34982667
   0.08093246  0.46777682  0.05660644
   0.82574989  0.68083156  0.40291645
   0.02576114  0.52766123  0.13690909
   0.79428140  0.81471795  0.30446020
  -0.00004618  0.50511271  0.25119173
   0.52075011  0.02897964  0.03989401
   0.60870548  0.94252691  0.14994537
   0.08093246  0.96777679  0.55660648
   0.82574989  0.18083157  0.90291648
   0.02576114  0.02766120  0.63690906
   0.79428140  0.31471798  0.80446017
  -0.00004618  0.00511271  0.75119173
   0.52075011  0.52897965  0.53989398
   0.60870548  0.44252691  0.64994540
   0.61543813  0.56335573  0.94727255
   0.32268976  0.32392723  0.59689125
   0.52688758  0.47383715  0.86295918
   0.29182114  0.18752302  0.69540715
   0.50020769  0.49483949  0.74887811
   0.01844556  0.96306776  0.96135396
   0.10507308  0.05364211  0.84983226
   0.61543813  0.06335569  0.44727261
   0.32268976  0.82392723  0.09689127
   0.52688758  0.97383712  0.36295915
   0.29182114  0.68752302  0.19540711
   0.50020769  0.99483949  0.24887808
   0.01844556  0.46306779  0.46135396
   0.10507308  0.55364213  0.34983232
   0.32216565  0.16728860  0.50075470
   0.32216565  0.66728866  1.00075473
   0.82217854  0.83271992  0.50075372
   0.82217854  0.33271998  0.00075372
   0.79111233  0.75406702  0.45006024
   0.79111233  0.25406702  0.95006021
   0.29110897  0.24607406  0.45006083
   0.29110897  0.74607406  0.95006083
