   0.25014492  0.24950328  0.10308245
   0.23651333  0.27321826  0.21950753
   0.25014492  0.74950328  0.60308247
   0.23651333  0.77321829  0.71950748
   0.74644574  0.75535405  0.89684133
   0.73446364  0.72618928  0.78114704
   0.74644574  0.25535405  0.39684135
   0.73446364  0.22618929  0.28114698
   0.75018870  0.75007895  0.10307434
   0.73621877  0.72684920  0.21949372
   0.75018870  0.25007897  0.60307436
   0.73621877  0.22684918  0.71949375
   0.24650682  0.24504472  0.89684437
   0.23415689  0.27381766  0.78116511
   0.24650682  0.74504475  0.39684440
   0.23415689  0.77381763  0.28116514
   0.24666329  0.24171732 -0.00436235
   0.24666329  0.74171732  0.49563765
   0.74664173  0.75823401  0.99564195
   0.74664173  0.25823401  0.49564189
   0.29439659  0.24988660  0.34819546
   0.29439659  0.74988660  0.84819549
   0.79444873  0.75056524  0.34821191
   0.79444873  0.25056524  0.84821191
   0.79503542  0.74884200  0.65199647
   0.79503542  0.24884202  0.15199649
   0.28984397  0.24858952  0.54872323
   0.29508810  0.25071547  0.65197877
   0.29508810  0.75071547  0.15197877
   0.28984397  0.74858950  0.04872322
   0.78984920  0.75116780  0.54872466
   0.78984920  0.25116780  0.04872466
   0.58589441  0.53686274  0.05628887
   0.32523350  0.31961151  0.40275662
   0.52565613  0.47262453  0.13712434
   0.29313905  0.18621249  0.30431978
   0.50168401  0.49527900  0.25132897
   0.01731771  0.96709407  0.04003744
   0.10659270  0.05550520  0.14998897
   0.58589441  0.03686275  0.55628884
   0.32523350  0.81961151  0.90275662
   0.52565613  0.97262456  0.63712432
   0.29313905  0.68621246  0.80431978
   0.50168401  0.99527903  0.75132900
   0.01731771  0.46709410  0.54003744
   0.10659270  0.55550525  0.64998900
   0.11419373  0.43734625  0.94717105
   0.82226592  0.67710734  0.59690316
   0.02604810  0.52706133  0.86281294
   0.79107991  0.81152405  0.69567124
   0.00188220  0.50481986  0.74894932
   0.51736032  0.03737460  0.96120966
   0.60558307  0.94591450  0.84966090
   0.11419373  0.93734628  0.44717102
   0.82226592  0.17710734  0.09690317
   0.02604810  0.02706135  0.36281294
   0.79107991  0.31152405  0.19567124
   0.00188220  0.00481989  0.24894934
   0.51736032  0.53737463  0.46120963
   0.60558307  0.44591456  0.34966093
   0.08588798  0.46288454  0.05629446
   0.82521974  0.68074552  0.40275647
   0.02565968  0.52690078  0.13714320
   0.79370808  0.81408487  0.30432376
   0.00170054  0.50472827  0.25131560
   0.51732455  0.03270069  0.04004250
   0.60662537  0.94397999  0.14996824
   0.08588798  0.96288451  0.55629450
   0.82521974  0.18074554  0.90275650
   0.02565968  0.02690075  0.63714317
   0.79370808  0.31408490  0.80432373
   0.00170054  0.00472827  0.75131560
   0.51732455  0.53270069  0.54004247
   0.60662537  0.44397999  0.64996827
   0.61420534  0.56289789  0.94717229
   0.32219714  0.32248610  0.59690544
   0.52606358  0.47342856  0.86279307
   0.29164077  0.18816353  0.69566761
   0.50191060  0.49520809  0.74896430
   0.01737637  0.96282928  0.96121869
   0.10563641  0.05463305  0.84967523
   0.61420534  0.06289784  0.44717235
   0.32219714  0.82248610  0.09690545
   0.52606358  0.97342853  0.36279304
   0.29164077  0.68816353  0.19566757
   0.50191060  0.99520809  0.24896427
   0.01737637  0.46282931  0.46121869
   0.10563641  0.55463307  0.34967529
   0.32167370  0.16767593  0.50068867
   0.32167370  0.66767599  1.00068870
   0.82167810  0.83232416  0.50068887
   0.82167810  0.33232422  0.00068887
   0.79048432  0.75375085  0.44994707
   0.79048432  0.25375085  0.94994704
   0.29047081  0.24646689  0.44994520
   0.29047081  0.74646689  0.94994520
