   0.25032971  0.25036350  0.10292592
   0.23458918  0.27343893  0.21938715
   0.25032971  0.75036350  0.60292593
   0.23458918  0.77343896  0.71938711
   0.74674718  0.75555333  0.89689710
   0.73250240  0.72605718  0.78106698
   0.74674718  0.25555333  0.39689713
   0.73250240  0.22605719  0.28106692
   0.75034919  0.74937589  0.10292344
   0.73444905  0.72666651  0.21938164
   0.75034919  0.24937592  0.60292346
   0.73444905  0.22666650  0.71938167
   0.24677272  0.24468347  0.89689831
   0.23235795  0.27390974  0.78107497
   0.24677272  0.74468350  0.39689834
   0.23235795  0.77390971  0.28107500
   0.24699785  0.24129835 -0.00433074
   0.24699785  0.74129835  0.49566926
   0.74699781  0.75870113  0.99567168
   0.74699781  0.25870113  0.49567162
   0.29464794  0.24962349  0.34828790
   0.29464794  0.74962349  0.84828792
   0.79466993  0.75068076  0.34830052
   0.79466993  0.25068076  0.84830052
   0.79548799  0.74850064  0.65180556
   0.79548799  0.24850065  0.15180557
   0.28975122  0.24876346  0.54873331
   0.29551187  0.25118485  0.65179205
   0.29551187  0.75118485  0.15179205
   0.28975122  0.74876344  0.04873330
   0.78974739  0.75108617  0.54873436
   0.78974739  0.25108617  0.04873435
   0.58196157  0.53310053  0.05653740
   0.32566226  0.31940627  0.40288492
   0.52569154  0.47215421  0.13694634
   0.29394680  0.18555277  0.30442355
   0.50034819  0.49498009  0.25122480
   0.01997662  0.97010258  0.03991534
   0.10821926  0.05679250  0.14995645
   0.58196157  0.03310054  0.55653738
   0.32566226  0.81940627  0.90288492
   0.52569154  0.97215424  0.63694633
   0.29394680  0.68555274  0.80442355
   0.50034819  0.99498012  0.75122483
   0.01997662  0.47010261  0.53991533
   0.10821926  0.55679255  0.64995648
   0.11515942  0.43690488  0.94724404
   0.82258733  0.67609395  0.59688948
   0.02672543  0.52655649  0.86293845
   0.79151693  0.81219155  0.69547608
   0.00058503  0.50510926  0.74889269
   0.51818375  0.03712244  0.96132249
   0.60515250  0.94653668  0.84979540
   0.11515942  0.93690491  0.44724401
   0.82258733  0.17609395  0.09688949
   0.02672543  0.02655651  0.36293845
   0.79151693  0.31219155  0.19547608
   0.00058503  0.00510929  0.24889270
   0.51818375  0.53712247  0.46132246
   0.60515250  0.44653674  0.34979543
   0.08196854  0.46671351  0.05653394
   0.82563467  0.68080816  0.40288497
   0.02570492  0.52750320  0.13695262
   0.79418576  0.81464461  0.30442505
   0.00036899  0.50504323  0.25121752
   0.51998834  0.02976482  0.03991539
   0.60824681  0.94282706  0.14994824
   0.08196854  0.96671348  0.55653398
   0.82563467  0.18080817  0.90288500
   0.02570492  0.02750317  0.63695259
   0.79418576  0.31464464  0.80442502
   0.00036899  0.00504324  0.75121752
   0.51998834  0.52976482  0.53991537
   0.60824681  0.44282706  0.64994827
   0.61516872  0.56327550  0.94724944
   0.32254976  0.32364249  0.59689027
   0.52673764  0.47376513  0.86293138
   0.29175626  0.18760017  0.69547425
   0.50061276  0.49490891  0.74890054
   0.01819323  0.96301870  0.96132498
   0.10518472  0.05383593  0.84980207
   0.61516872  0.06327545  0.44724950
   0.32254976  0.82364249  0.09689029
   0.52673764  0.97376510  0.36293135
   0.29175626  0.68760017  0.19547420
   0.50061276  0.99490891  0.24890051
   0.01819323  0.46301873  0.46132498
   0.10518472  0.55383596  0.34980212
   0.32202418  0.16735020  0.50073355
   0.32202418  0.66735026  1.00073358
   0.82203534  0.83265531  0.50073276
   0.82203534  0.33265537  0.00073276
   0.79100901  0.75401682  0.45004253
   0.79100901  0.25401682  0.95004250
   0.29100405  0.24613448  0.45004288
   0.29100405  0.74613448  0.95004288
