   0.25078524  0.25142248  0.10277590
   0.23184227  0.27360121  0.21922664
   0.25078524  0.75142248  0.60277591
   0.23184227  0.77360124  0.71922659
   0.74697941  0.75579450  0.89691682
   0.72992944  0.72601808  0.78094367
   0.74697941  0.25579450  0.39691685
   0.72992944  0.22601809  0.28094361
   0.75078125  0.74845345  0.10277401
   0.73181480  0.72651929  0.21922792
   0.75078125  0.24845348  0.60277404
   0.73181480  0.22651928  0.71922795
   0.24698095  0.24430760  0.89691781
   0.22990015  0.27389649  0.78094361
   0.24698095  0.74430763  0.39691784
   0.22990015  0.77389646  0.28094364
   0.24764171  0.24086764 -0.00430408
   0.24764171  0.74086764  0.49569592
   0.74763653  0.75913197  0.99569943
   0.74763653  0.25913197  0.49569937
   0.29474083  0.24939401  0.34834525
   0.29474083  0.74939401  0.84834527
   0.79474582  0.75078580  0.34835399
   0.79474582  0.25078580  0.84835399
   0.79614787  0.74803133  0.65161620
   0.79614787  0.24803134  0.15161621
   0.28989798  0.24893427  0.54877974
   0.29615367  0.25176154  0.65160663
   0.29615367  0.75176154  0.15160663
   0.28989798  0.74893425  0.04877973
   0.78989527  0.75099483  0.54878042
   0.78989527  0.25099483  0.04878041
   0.57754486  0.52862486  0.05685697
   0.32609465  0.31916881  0.40300454
   0.52594227  0.47159905  0.13678940
   0.29435703  0.18521481  0.30450118
   0.49844356  0.49468191  0.25110706
   0.02339223  0.97363341  0.03983734
   0.11024030  0.05825036  0.14995333
   0.57754486  0.02862487  0.55685695
   0.32609465  0.81916881  0.90300454
   0.52594227  0.97159908  0.63678938
   0.29435703  0.68521478  0.80450118
   0.49844356  0.99468194  0.75110709
   0.02339223  0.47363344  0.53983734
   0.11024030  0.55825042  0.64995336
   0.11632243  0.43650754  0.94733707
   0.82322262  0.67497750  0.59691649
   0.02721890  0.52612739  0.86302347
   0.79206430  0.81261101  0.69527356
  -0.00129190  0.50537018  0.74880075
   0.51932228  0.03682101  0.96143498
   0.60467222  0.94707926  0.84991255
   0.11632243  0.93650757  0.44733704
   0.82322262  0.17497750  0.09691651
   0.02721890  0.02612741  0.36302347
   0.79206430  0.31261101  0.19527356
  -0.00129190  0.00537021  0.24880077
   0.51932228  0.53682103  0.46143495
   0.60467222  0.44707932  0.34991258
   0.07754384  0.47127950  0.05685371
   0.82605837  0.68092793  0.40300581
   0.02595590  0.52817685  0.13678731
   0.79438208  0.81490392  0.30450236
  -0.00153239  0.50533988  0.25110426
   0.52340154  0.02631488  0.03983581
   0.61025627  0.94149719  0.14995069
   0.07754384  0.97127947  0.55685375
   0.82605837  0.18092794  0.90300584
   0.02595590  0.02817682  0.63678728
   0.79438208  0.31490395  0.80450233
  -0.00153239  0.00533989  0.75110426
   0.52340154  0.52631489  0.53983578
   0.61025627  0.44149719  0.64995072
   0.61633478  0.56363060  0.94734613
   0.32320180  0.32487007  0.59691600
   0.52722622  0.47405282  0.86302527
   0.29208151  0.18724847  0.69527237
   0.49873509  0.49462433  0.74880391
   0.01933703  0.96328785  0.96143818
   0.10468650  0.05313907  0.84991616
   0.61633478  0.06363055  0.44734619
   0.32320180  0.82487007  0.09691601
   0.52722622  0.97405279  0.36302524
   0.29208151  0.68724847  0.19527233
   0.49873509  0.99462433  0.24880388
   0.01933703  0.46328788  0.46143818
   0.10468650  0.55313909  0.34991622
   0.32268063  0.16709512  0.50080540
   0.32268063  0.66709518  1.00080543
   0.82270018  0.83292862  0.50080392
   0.82270018  0.33292868  0.00080392
   0.79176772  0.75428567  0.45013941
   0.79176772  0.25428567  0.95013938
   0.29176368  0.24581548  0.45014057
   0.29176368  0.74581548  0.95014057
