   0.25065372  0.25113552  0.10281277
   0.23257925  0.27355427  0.21927110
   0.25065372  0.75113552  0.60281279
   0.23257925  0.77355430  0.71927106
   0.74694673  0.75573040  0.89691862
   0.73059469  0.72601944  0.78097907
   0.74694673  0.25573040  0.39691865
   0.73059469  0.22601945  0.28097901
   0.75065401  0.74871245  0.10281079
   0.73253198  0.72656402  0.21927113
   0.75065401  0.24871248  0.60281081
   0.73253198  0.22656401  0.71927116
   0.24695308  0.24439884  0.89691973
   0.23054532  0.27390610  0.78098037
   0.24695308  0.74439887  0.39691976
   0.23054532  0.77390607  0.28098040
   0.24745154  0.24097441 -0.00431024
   0.24745154  0.74097441  0.49568976
   0.74744859  0.75902498  0.99569307
   0.74744859  0.25902498  0.49569301
   0.29474733  0.24945187  0.34833545
   0.29474733  0.74945187  0.84833548
   0.79475545  0.75075525  0.34834472
   0.79475545  0.25075525  0.84834472
   0.79596862  0.74813425  0.65164543
   0.79596862  0.24813427  0.15164544
   0.28983558  0.24888556  0.54876845
   0.29597781  0.25163548  0.65163536
   0.29597781  0.75163548  0.15163536
   0.28983558  0.74888554  0.04876844
   0.78983264  0.75102513  0.54876924
   0.78983264  0.25102513  0.04876924
   0.57869840  0.52981603  0.05676675
   0.32599543  0.31922486  0.40297383
   0.52587218  0.47175254  0.13682654
   0.29433573  0.18527434  0.30449216
   0.49894775  0.49475111  0.25113548
   0.02245696  0.97268740  0.03985330
   0.10970163  0.05786529  0.14995127
   0.57869840  0.02981603  0.55676673
   0.32599543  0.81922486  0.90297383
   0.52587218  0.97175257  0.63682653
   0.29433573  0.68527431  0.80449216
   0.49894775  0.99475113  0.75113551
   0.02245696  0.47268743  0.53985329
   0.10970163  0.55786534  0.64995130
   0.11601012  0.43660230  0.94731235
   0.82304082  0.67527357  0.59690133
   0.02713082  0.52622463  0.86300695
   0.79194122  0.81255327  0.69533586
  -0.00078978  0.50531509  0.74882546
   0.51900408  0.03690195  0.96140605
   0.60480662  0.94695802  0.84988703
   0.11601012  0.93660233  0.44731232
   0.82304082  0.17527357  0.09690134
   0.02713082  0.02622465  0.36300695
   0.79194122  0.31255327  0.19533586
  -0.00078978  0.00531512  0.24882548
   0.51900408  0.53690198  0.46140602
   0.60480662  0.44695808  0.34988706
   0.07869926  0.47006777  0.05676332
   0.82596104  0.68089654  0.40297472
   0.02588596  0.52799889  0.13682587
   0.79439707  0.81486090  0.30449368
  -0.00102858  0.50527257  0.25113193
   0.52246672  0.02724195  0.03985204
   0.60971912  0.94185516  0.14994768
   0.07869926  0.97006774  0.55676336
   0.82596104  0.18089656  0.90297475
   0.02588596  0.02799886  0.63682584
   0.79439707  0.31486093  0.80449365
  -0.00102858  0.00527257  0.75113193
   0.52246672  0.52724196  0.53985202
   0.60971912  0.44185516  0.64994771
   0.61602171  0.56354411  0.94732057
   0.32301711  0.32455084  0.59690114
   0.52713949  0.47398482  0.86300727
   0.29199767  0.18729380  0.69533427
   0.49923751  0.49468541  0.74882937
   0.01901763  0.96321292  0.96140903
   0.10482291  0.05329347  0.84989111
   0.61602171  0.06354407  0.44732063
   0.32301711  0.82455084  0.09690116
   0.52713949  0.97398479  0.36300724
   0.29199767  0.68729380  0.19533422
   0.49923751  0.99468541  0.24882934
   0.01901763  0.46321295  0.46140903
   0.10482291  0.55329349  0.34989116
   0.32248957  0.16715530  0.50078622
   0.32248957  0.66715536  1.00078625
   0.82250695  0.83286368  0.50078490
   0.82250695  0.33286374  0.00078490
   0.79151128  0.75420099  0.45011313
   0.79151128  0.25420099  0.95011310
   0.29150896  0.24591231  0.45011424
   0.29150896  0.74591231  0.95011424
