   0.25041320  0.25062267  0.10289329
   0.23399759  0.27348658  0.21935427
   0.25041320  0.75062267  0.60289331
   0.23399759  0.77348661  0.71935422
   0.74681482  0.75560598  0.89690177
   0.73192485  0.72603564  0.78104126
   0.74681482  0.25560598  0.39690180
   0.73192485  0.22603565  0.28104120
   0.75042524  0.74915584  0.10289110
   0.73389208  0.72662443  0.21935083
   0.75042524  0.24915587  0.60289112
   0.73389208  0.22662441  0.71935086
   0.24683269  0.24459226  0.89690295
   0.23181593  0.27391668  0.78104679
   0.24683269  0.74459229  0.39690298
   0.23181593  0.77391665  0.28104682
   0.24712107  0.24119086 -0.00432605
   0.24712107  0.74119086  0.49567395
   0.74712042  0.75880978  0.99567666
   0.74712042  0.25880978  0.49567660
   0.29469197  0.24956827  0.34830336
   0.29469197  0.74956827  0.84830339
   0.79470891  0.75070105  0.34831474
   0.79470891  0.25070105  0.84831474
   0.79562436  0.74839275  0.65176122
   0.79562436  0.24839276  0.15176124
   0.28975846  0.24880451  0.54874199
   0.29564273  0.25132298  0.65174885
   0.29564273  0.75132298  0.15174885
   0.28975846  0.74880450  0.04874198
   0.78975499  0.75106635  0.54874294
   0.78975499  0.25106635  0.04874293
   0.58095123  0.53209071  0.05660798
   0.32577607  0.31935040  0.40291551
   0.52574192  0.47203209  0.13690646
   0.29410666  0.18545947  0.30445622
   0.49994180  0.49491357  0.25119813
   0.02071588  0.97088779  0.03989481
   0.10866853  0.05712449  0.14995202
   0.58095123  0.03209072  0.55660796
   0.32577607  0.81935040  0.90291551
   0.52574192  0.97203212  0.63690644
   0.29410666  0.68545944  0.80445622
   0.49994180  0.99491360  0.75119816
   0.02071588  0.47088782  0.53989481
   0.10866853  0.55712454  0.64995205
   0.11542177  0.43681307  0.94726572
   0.82271744  0.67584430  0.59689140
   0.02687137  0.52644695  0.86296282
   0.79164733  0.81228810  0.69541242
   0.00019000  0.50517252  0.74887233
   0.51842817  0.03706454  0.96135052
   0.60504772  0.94667945  0.84982559
   0.11542177  0.93681310  0.44726569
   0.82271744  0.17584430  0.09689141
   0.02687137  0.02644697  0.36296282
   0.79164733  0.31228810  0.19541242
   0.00019000  0.00517255  0.24887234
   0.51842817  0.53706457  0.46135049
   0.60504772  0.44667951  0.34982562
   0.08095779  0.46774589  0.05660430
   0.82574616  0.68083239  0.40291584
   0.02575650  0.52765756  0.13691012
   0.79427868  0.81471713  0.30445755
  -0.00003636  0.50511137  0.25119228
   0.52072866  0.02899926  0.03989433
   0.60869446  0.94253152  0.14994559
   0.08095779  0.96774586  0.55660434
   0.82574616  0.18083241  0.90291587
   0.02575650  0.02765754  0.63691009
   0.79427868  0.31471716  0.80445752
  -0.00003636  0.00511138  0.75119228
   0.52072866  0.52899926  0.53989431
   0.60869446  0.44253152  0.64994562
   0.61543222  0.56335435  0.94727200
   0.32268506  0.32392153  0.59689182
   0.52688325  0.47383593  0.86295846
   0.29181813  0.18752331  0.69541091
   0.50021761  0.49484063  0.74887864
   0.01843928  0.96306621  0.96135305
   0.10507626  0.05364910  0.84983122
   0.61543222  0.06335431  0.44727206
   0.32268506  0.82392153  0.09689183
   0.52688325  0.97383590  0.36295843
   0.29181813  0.68752331  0.19541086
   0.50021761  0.99484063  0.24887861
   0.01843928  0.46306624  0.46135305
   0.10507626  0.55364912  0.34983128
   0.32216048  0.16728908  0.50075332
   0.32216048  0.66728914  1.00075335
   0.82217334  0.83271938  0.50075235
   0.82217334  0.33271944  0.00075235
   0.79111317  0.75406530  0.45005984
   0.79111317  0.25406530  0.95005981
   0.29110984  0.24607581  0.45006043
   0.29110984  0.74607581  0.95006043
