   0.25013133  0.24956030  0.10307326
   0.23639609  0.27324761  0.21950675
   0.25013133  0.74956030  0.60307327
   0.23639609  0.77324764  0.71950671
   0.74643716  0.75536097  0.89684478
   0.73433873  0.72616333  0.78113883
   0.74643716  0.25536097  0.39684481
   0.73433873  0.22616334  0.28113877
   0.75017566  0.75003336  0.10306602
   0.73611008  0.72682372  0.21949343
   0.75017566  0.25003339  0.60306604
   0.73611008  0.22682371  0.71949346
   0.24649700  0.24502671  0.89684768
   0.23404176  0.27383942  0.78115624
   0.24649700  0.74502674  0.39684771
   0.23404176  0.77383939  0.28115627
   0.24666414  0.24168722 -0.00436400
   0.24666414  0.74168722  0.49563600
   0.74664795  0.75827421  0.99564008
   0.74664795  0.25827421  0.49564002
   0.29441384  0.24984702  0.34819441
   0.29441384  0.74984702  0.84819444
   0.79446260  0.75058962  0.34821195
   0.79446260  0.25058962  0.84821195
   0.79505766  0.74882134  0.65198630
   0.79505766  0.24882136  0.15198632
   0.28981594  0.24862176  0.54871917
   0.29510645  0.25074938  0.65196854
   0.29510645  0.75074938  0.15196854
   0.28981594  0.74862175  0.04871916
   0.78982083  0.75114330  0.54872057
   0.78982083  0.25114330  0.04872057
   0.58558555  0.53656582  0.05630965
   0.32528603  0.31960462  0.40277225
   0.52565931  0.47260003  0.13710565
   0.29321982  0.18613939  0.30434077
   0.50159234  0.49525147  0.25131826
   0.01753688  0.96732995  0.04002728
   0.10671085  0.05560285  0.14998133
   0.58558555  0.03656583  0.55630963
   0.32528603  0.81960462  0.90277225
   0.52565931  0.97260006  0.63710563
   0.29321982  0.68613936  0.80434077
   0.50159234  0.99525150  0.75131829
   0.01753688  0.46732998  0.54002727
   0.10671085  0.55560290  0.64998136
   0.11427304  0.43730077  0.94717795
   0.82229377  0.67702675  0.59689869
   0.02611702  0.52700837  0.86282914
   0.79112092  0.81159737  0.69563828
   0.00179402  0.50484840  0.74894526
   0.51742840  0.03734683  0.96122278
   0.60554001  0.94598062  0.84967676
   0.11427304  0.93730080  0.44717792
   0.82229377  0.17702675  0.09689871
   0.02611702  0.02700839  0.36282914
   0.79112092  0.31159737  0.19563828
   0.00179402  0.00484843  0.24894527
   0.51742840  0.53734685  0.46122275
   0.60554001  0.44598068  0.34967679
   0.08558268  0.46318399  0.05631355
   0.82527099  0.68073911  0.40277172
   0.02566714  0.52693909  0.13712316
   0.79375820  0.81414859  0.30434498
   0.00160906  0.50475696  0.25130521
   0.51754537  0.03246908  0.04003168
   0.60674162  0.94389194  0.14996217
   0.08558268  0.96318396  0.55631359
   0.82527099  0.18073913  0.90277175
   0.02566714  0.02693907  0.63712313
   0.79375820  0.31414862  0.80434495
   0.00160906  0.00475696  0.75130521
   0.51754537  0.53246909  0.54003166
   0.60674162  0.44389194  0.64996220
   0.61428388  0.56293724  0.94717972
   0.32222948  0.32258007  0.59690114
   0.52613692  0.47346079  0.86281031
   0.29165333  0.18810125  0.69563465
   0.50182186  0.49517988  0.74895971
   0.01744233  0.96284916  0.96123031
   0.10558886  0.05455507  0.84968999
   0.61428388  0.06293719  0.44717978
   0.32222948  0.82258007  0.09690116
   0.52613692  0.97346076  0.36281028
   0.29165333  0.68810125  0.19563460
   0.50182186  0.99517988  0.24895968
   0.01744233  0.46284919  0.46123031
   0.10558886  0.55455509  0.34969005
   0.32170945  0.16764319  0.50069465
   0.32170945  0.66764325  1.00069468
   0.82171483  0.83235738  0.50069462
   0.82171483  0.33235744  0.00069462
   0.79049041  0.75377163  0.44995300
   0.79049041  0.25377163  0.94995297
   0.29047810  0.24644289  0.44995129
   0.29047810  0.74644289  0.94995129
