   0.25066225  0.25117700  0.10280845
   0.23250033  0.27357567  0.21926680
   0.25066225  0.75117700  0.60280847
   0.23250033  0.77357570  0.71926676
   0.74694283  0.75573426  0.89691399
   0.73052229  0.72601529  0.78097357
   0.74694283  0.25573426  0.39691402
   0.73052229  0.22601530  0.28097351
   0.75066188  0.74867431  0.10280649
   0.73245545  0.72654346  0.21926698
   0.75066188  0.24867433  0.60280651
   0.73245545  0.22654345  0.71926701
   0.24694806  0.24439160  0.89691508
   0.23047558  0.27390847  0.78097474
   0.24694806  0.74439163  0.39691511
   0.23047558  0.77390844  0.28097477
   0.24746146  0.24096703 -0.00431119
   0.24746146  0.74096703  0.49568881
   0.74745831  0.75903226  0.99569213
   0.74745831  0.25903226  0.49569207
   0.29475073  0.24944453  0.34833739
   0.29475073  0.74944453  0.84833742
   0.79475856  0.75075938  0.34834688
   0.79475856  0.25075938  0.84834688
   0.79598502  0.74816581  0.65166809
   0.79598502  0.24816583  0.15166811
   0.28984073  0.24889409  0.54876385
   0.29599386  0.25160679  0.65165772
   0.29599386  0.75160679  0.15165772
   0.28984073  0.74889407  0.04876384
   0.78983762  0.75101872  0.54876457
   0.78983762  0.25101872  0.04876456
   0.57857644  0.52969783  0.05677890
   0.32600983  0.31921910  0.40298086
   0.52587788  0.47173672  0.13681823
   0.29434151  0.18526089  0.30448983
   0.49889366  0.49474154  0.25113354
   0.02255661  0.97279018  0.03985228
   0.10976050  0.05791244  0.14994737
   0.57857644  0.02969784  0.55677887
   0.32600983  0.81921910  0.90298086
   0.52587788  0.97173675  0.63681821
   0.29434151  0.68526086  0.80448983
   0.49889366  0.99474157  0.75113357
   0.02255661  0.47279021  0.53985227
   0.10976050  0.55791249  0.64994740
   0.11604479  0.43659313  0.94731692
   0.82306734  0.67523257  0.59690776
   0.02714077  0.52621375  0.86301068
   0.79196112  0.81253910  0.69531148
  -0.00084482  0.50531903  0.74882403
   0.51903617  0.03689300  0.96141047
   0.60479539  0.94696553  0.84989090
   0.11604479  0.93659316  0.44731689
   0.82306734  0.17523257  0.09690777
   0.02714077  0.02621377  0.36301068
   0.79196112  0.31253910  0.19531148
  -0.00084482  0.00531906  0.24882404
   0.51903617  0.53689302  0.46141044
   0.60479539  0.44696559  0.34989093
   0.07857702  0.47018823  0.05677548
   0.82597523  0.68089937  0.40298186
   0.02589149  0.52801737  0.13681737
   0.79439813  0.81487272  0.30449109
  -0.00108262  0.50528206  0.25113010
   0.52256655  0.02714142  0.03985099
   0.60977837  0.94181168  0.14994390
   0.07857702  0.97018820  0.55677552
   0.82597523  0.18089939  0.90298189
   0.02589149  0.02801734  0.63681734
   0.79439813  0.31487275  0.80449106
  -0.00108262  0.00528207  0.75113010
   0.52256655  0.52714143  0.53985097
   0.60977837  0.44181168  0.64994392
   0.61605645  0.56355238  0.94732525
   0.32304396  0.32459453  0.59690746
   0.52714894  0.47399263  0.86301119
   0.29201252  0.18730909  0.69531022
   0.49918244  0.49468069  0.74882783
   0.01904989  0.96322114  0.96141348
   0.10481215  0.05328145  0.84989492
   0.61605645  0.06355234  0.44732531
   0.32304396  0.82459453  0.09690747
   0.52714894  0.97399260  0.36301116
   0.29201252  0.68730909  0.19531018
   0.49918244  0.99468069  0.24882780
   0.01904989  0.46322117  0.46141348
   0.10481215  0.55328147  0.34989498
   0.32251570  0.16714471  0.50078665
   0.32251570  0.66714477  1.00078668
   0.82253330  0.83287475  0.50078532
   0.82253330  0.33287481  0.00078532
   0.79153569  0.75421481  0.45011347
   0.79153569  0.25421481  0.95011344
   0.29153233  0.24589730  0.45011458
   0.29153233  0.74589730  0.95011458
