   0.25023246  0.24996384  0.10299559
   0.23554767  0.27335210  0.21944577
   0.25023246  0.74996384  0.60299561
   0.23554767  0.77335213  0.71944573
   0.74661684  0.75545639  0.89687605
   0.73346422  0.72609726  0.78111061
   0.74661684  0.25545639  0.39687607
   0.73346422  0.22609728  0.28111055
   0.75026556  0.74970775  0.10299217
   0.73533655  0.72673652  0.21943633
   0.75026556  0.24970778  0.60299219
   0.73533655  0.22673651  0.71943636
   0.24665701  0.24484981  0.89687768
   0.23324643  0.27388750  0.78112333
   0.24665701  0.74484984  0.39687771
   0.23324643  0.77388747  0.28112336
   0.24682003  0.24148432 -0.00434392
   0.24682003  0.74148432  0.49565608
   0.74681927  0.75851138  0.99565859
   0.74681927  0.25851138  0.49565853
   0.29454069  0.24973088  0.34824531
   0.29454069  0.74973088  0.84824533
   0.79457564  0.75063522  0.34826018
   0.79457564  0.25063522  0.84826018
   0.79525641  0.74866805  0.65188951
   0.79525641  0.24866806  0.15188952
   0.28977180  0.24868564  0.54872461
   0.29529286  0.25096275  0.65187371
   0.29529286  0.75096275  0.15187371
   0.28977180  0.74868562  0.04872459
   0.78976943  0.75112841  0.54872577
   0.78976943  0.25112841  0.04872577
   0.58376828  0.53485299  0.05642061
   0.32546419  0.31950509  0.40283143
   0.52565220  0.47237571  0.13701959
   0.29360603  0.18581223  0.30439202
   0.50101126  0.49511330  0.25127246
   0.01872358  0.96871657  0.03996416
   0.10743937  0.05619015  0.14996508
   0.58376828  0.03485300  0.55642059
   0.32546419  0.81950509  0.90283143
   0.52565220  0.97237574  0.63701957
   0.29360603  0.68581220  0.80439202
   0.50101126  0.99511333  0.75127249
   0.01872358  0.46871660  0.53996416
   0.10743937  0.55619021  0.64996511
   0.11470836  0.43709947  0.94721004
   0.82240045  0.67656397  0.59688998
   0.02643534  0.52677321  0.86288958
   0.79131174  0.81192487  0.69555132
   0.00123145  0.50498372  0.74892134
   0.51779353  0.03723594  0.96127590
   0.60533960  0.94627140  0.84973746
   0.11470836  0.93709950  0.44721001
   0.82240045  0.17656397  0.09689000
   0.02643534  0.02677324  0.36288958
   0.79131174  0.31192487  0.19555132
   0.00123145  0.00498375  0.24892135
   0.51779353  0.53723596  0.46127587
   0.60533960  0.44627146  0.34973749
   0.08377559  0.46492587  0.05641876
   0.82544225  0.68077000  0.40283092
   0.02566369  0.52722271  0.13703112
   0.79398366  0.81442499  0.30439388
   0.00102966  0.50490335  0.25126226
   0.51873544  0.03111742  0.03996577
   0.60747300  0.94336726  0.14995271
   0.08377559  0.96492584  0.55641880
   0.82544225  0.18077001  0.90283095
   0.02566369  0.02722268  0.63703109
   0.79398366  0.31442502  0.80439385
   0.00102966  0.00490336  0.75126226
   0.51873544  0.53111742  0.53996574
   0.60747300  0.44336726  0.64995273
   0.61471782  0.56310509  0.94721367
   0.32235148  0.32311394  0.59689152
   0.52645008  0.47362008  0.86287690
   0.29169099  0.18782486  0.69554909
   0.50125880  0.49503989  0.74893234
   0.01780250  0.96292651  0.96127916
   0.10538338  0.05417876  0.84974651
   0.61471782  0.06310505  0.44721373
   0.32235148  0.82311394  0.09689153
   0.52645008  0.97362005  0.36287687
   0.29169099  0.68782486  0.19554905
   0.50125880  0.99503989  0.24893231
   0.01780250  0.46292654  0.46127916
   0.10538338  0.55417878  0.34974657
   0.32183548  0.16748473  0.50071251
   0.32183548  0.66748479  1.00071254
   0.82184379  0.83251742  0.50071202
   0.82184379  0.33251748  0.00071202
   0.79073453  0.75389798  0.44999937
   0.79073453  0.25389798  0.94999934
   0.29072929  0.24628250  0.44999914
   0.29072929  0.74628250  0.94999914
