   0.25064811  0.25112998  0.10281376
   0.23263274  0.27356642  0.21926996
   0.25064811  0.75112998  0.60281378
   0.23263274  0.77356645  0.71926991
   0.74694635  0.75572222  0.89691664
   0.73064104  0.72601261  0.78098211
   0.74694635  0.25572222  0.39691667
   0.73064104  0.22601262  0.28098205
   0.75064862  0.74871590  0.10281177
   0.73258395  0.72655218  0.21926988
   0.75064862  0.24871593  0.60281180
   0.73258395  0.22655217  0.71926991
   0.24695261  0.24440871  0.89691774
   0.23059006  0.27391342  0.78098357
   0.24695261  0.74440874  0.39691777
   0.23059006  0.77391339  0.28098360
   0.24743546  0.24098502 -0.00431010
   0.24743546  0.74098502  0.49568990
   0.74743253  0.75901422  0.99569317
   0.74743253  0.25901422  0.49569311
   0.29474821  0.24944564  0.34833247
   0.29474821  0.74944564  0.84833249
   0.79475678  0.75076366  0.34834204
   0.79475678  0.25076366  0.84834204
   0.79595074  0.74819291  0.65167683
   0.79595074  0.24819292  0.15167684
   0.28983475  0.24888473  0.54876174
   0.29596037  0.25157518  0.65166634
   0.29596037  0.75157518  0.15166634
   0.28983475  0.74888471  0.04876173
   0.78983161  0.75102456  0.54876249
   0.78983161  0.25102456  0.04876249
   0.57879491  0.52992941  0.05676315
   0.32598384  0.31922777  0.40297410
   0.52586188  0.47176395  0.13682477
   0.29433388  0.18526973  0.30448420
   0.49899241  0.49475680  0.25114128
   0.02237441  0.97261059  0.03985522
   0.10965890  0.05784344  0.14994815
   0.57879491  0.02992942  0.55676313
   0.32598384  0.81922777  0.90297410
   0.52586188  0.97176398  0.63682475
   0.29433388  0.68526970  0.80448420
   0.49899241  0.99475683  0.75114131
   0.02237441  0.47261062  0.53985521
   0.10965890  0.55784349  0.64994818
   0.11597993  0.43661538  0.94731110
   0.82302953  0.67529343  0.59690743
   0.02711705  0.52623509  0.86300787
   0.79193804  0.81253189  0.69532626
  -0.00074695  0.50530903  0.74883009
   0.51897609  0.03690974  0.96140375
   0.60482072  0.94693649  0.84988439
   0.11597993  0.93661541  0.44731107
   0.82302953  0.17529343  0.09690745
   0.02711705  0.02623511  0.36300787
   0.79193804  0.31253189  0.19532626
  -0.00074695  0.00530906  0.24883011
   0.51897609  0.53690977  0.46140372
   0.60482072  0.44693655  0.34988442
   0.07879569  0.46995232  0.05675970
   0.82594963  0.68089592  0.40297502
   0.02587516  0.52798463  0.13682423
   0.79439843  0.81486727  0.30448534
  -0.00098415  0.50526716  0.25113765
   0.52238434  0.02731712  0.03985399
   0.60967724  0.94187520  0.14994445
   0.07879569  0.96995229  0.55675974
   0.82594963  0.18089594  0.90297505
   0.02587516  0.02798460  0.63682420
   0.79439843  0.31486730  0.80448531
  -0.00098415  0.00526717  0.75113765
   0.52238434  0.52731713  0.53985396
   0.60967724  0.44187520  0.64994448
   0.61599140  0.56353191  0.94731925
   0.32300557  0.32452891  0.59690718
   0.52712509  0.47397793  0.86300802
   0.29199846  0.18731369  0.69532495
   0.49928025  0.49469188  0.74883409
   0.01898963  0.96320574  0.96140671
   0.10483786  0.05331757  0.84988853
   0.61599140  0.06353187  0.44731931
   0.32300557  0.82452891  0.09690720
   0.52712509  0.97397790  0.36300799
   0.29199846  0.68731369  0.19532490
   0.49928025  0.99469188  0.24883406
   0.01898963  0.46320577  0.46140671
   0.10483786  0.55331759  0.34988859
   0.32247548  0.16715557  0.50078039
   0.32247548  0.66715563  1.00078042
   0.82249263  0.83286299  0.50077909
   0.82249263  0.33286305  0.00077909
   0.79150060  0.75419823  0.45010901
   0.79150060  0.25419823  0.95010898
   0.29149781  0.24591569  0.45011016
   0.29149781  0.74591569  0.95011016
