   0.25076793  0.25135009  0.10278460
   0.23202370  0.27358915  0.21923436
   0.25076793  0.75135009  0.60278462
   0.23202370  0.77358918  0.71923431
   0.74698428  0.75577605  0.89691934
   0.73009412  0.72602236  0.78095443
   0.74698428  0.25577605  0.39691937
   0.73009412  0.22602238  0.28095437
   0.75076485  0.74851888  0.10278269
   0.73199232  0.72653059  0.21923537
   0.75076485  0.24851891  0.60278271
   0.73199232  0.22653058  0.71923540
   0.24698681  0.24433260  0.89692036
   0.23006072  0.27389496  0.78095466
   0.24698681  0.74433263  0.39692039
   0.23006072  0.77389493  0.28095469
   0.24759913  0.24089512 -0.00430530
   0.24759913  0.74089512  0.49569470
   0.74759446  0.75910427  0.99569817
   0.74759446  0.25910427  0.49569811
   0.29474892  0.24940807  0.34834345
   0.29474892  0.74940807  0.84834348
   0.79475439  0.75077860  0.34835235
   0.79475439  0.25077860  0.84835235
   0.79610319  0.74805866  0.65162621
   0.79610319  0.24805867  0.15162623
   0.28988030  0.24892287  0.54877607
   0.29610959  0.25172847  0.65161648
   0.29610959  0.75172847  0.15161648
   0.28988030  0.74892285  0.04877606
   0.78987755  0.75100132  0.54877675
   0.78987755  0.25100132  0.04877675
   0.57781010  0.52890859  0.05683412
   0.32607086  0.31917657  0.40299828
   0.52591964  0.47163250  0.13679790
   0.29435557  0.18523232  0.30449974
   0.49855966  0.49469901  0.25111332
   0.02317348  0.97341360  0.03984099
   0.11011455  0.05816223  0.14995333
   0.57781010  0.02890860  0.55683410
   0.32607086  0.81917657  0.90299828
   0.52591964  0.97163253  0.63679788
   0.29435557  0.68523229  0.80449974
   0.49855966  0.99469904  0.75111335
   0.02317348  0.47341363  0.53984098
   0.11011455  0.55816228  0.64995336
   0.11625025  0.43652399  0.94733217
   0.82317553  0.67504720  0.59691343
   0.02720348  0.52615045  0.86302022
   0.79203629  0.81258595  0.69528308
  -0.00117654  0.50535734  0.74880697
   0.51924468  0.03683380  0.96142854
   0.60470787  0.94705181  0.84990712
   0.11625025  0.93652402  0.44733214
   0.82317553  0.17504720  0.09691345
   0.02720348  0.02615047  0.36302022
   0.79203629  0.31258595  0.19528308
  -0.00117654  0.00535737  0.24880699
   0.51924468  0.53683382  0.46142851
   0.60470787  0.44705187  0.34990715
   0.07780915  0.47099090  0.05683082
   0.82603503  0.68092522  0.40299950
   0.02593284  0.52813768  0.13679606
   0.79438750  0.81489015  0.30450093
  -0.00141634  0.50532328  0.25111038
   0.52318254  0.02653024  0.03983951
   0.61013069  0.94157920  0.14995051
   0.07780915  0.97099087  0.55683086
   0.82603503  0.18092524  0.90299953
   0.02593284  0.02813765  0.63679603
   0.79438750  0.31489017  0.80450090
  -0.00141634  0.00532329  0.75111038
   0.52318254  0.52653025  0.53983949
   0.61013069  0.44157920  0.64995054
   0.61626226  0.56361611  0.94734106
   0.32315408  0.32479546  0.59691297
   0.52721046  0.47403663  0.86302177
   0.29206102  0.18727093  0.69528185
   0.49885054  0.49463842  0.74881027
   0.01925904  0.96327625  0.96143169
   0.10472239  0.05317399  0.84991080
   0.61626226  0.06361606  0.44734112
   0.32315408  0.82479546  0.09691298
   0.52721046  0.97403660  0.36302174
   0.29206102  0.68727093  0.19528181
   0.49885054  0.99463842  0.24881024
   0.01925904  0.46327628  0.46143169
   0.10472239  0.55317401  0.34991086
   0.32263322  0.16711059  0.50080115
   0.32263322  0.66711065  1.00080118
   0.82265229  0.83291191  0.50079971
   0.82265229  0.33291197  0.00079971
   0.79167439  0.75425822  0.45013028
   0.79167439  0.25425822  0.95013025
   0.29167096  0.24584723  0.45013146
   0.29167096  0.74584723  0.95013146
