   0.25070672  0.25124228  0.10279864
   0.23231977  0.27357794  0.21925216
   0.25070672  0.75124228  0.60279866
   0.23231977  0.77357797  0.71925212
   0.74696194  0.75575035  0.89691729
   0.73035793  0.72601601  0.78096795
   0.74696194  0.25575035  0.39691732
   0.73035793  0.22601603  0.28096789
   0.75070535  0.74861612  0.10279671
   0.73228019  0.72654152  0.21925267
   0.75070535  0.24861615  0.60279673
   0.73228019  0.22654151  0.71925270
   0.24696618  0.24436875  0.89691837
   0.23031641  0.27390514  0.78096873
   0.24696618  0.74436878  0.39691840
   0.23031641  0.77390511  0.28096876
   0.24751453  0.24093787 -0.00430769
   0.24751453  0.74093787  0.49569231
   0.74751087  0.75906134  0.99569570
   0.74751087  0.25906134  0.49569564
   0.29474876  0.24943314  0.34834171
   0.29474876  0.74943314  0.84834174
   0.79475584  0.75076402  0.34835087
   0.79475584  0.25076402  0.84835087
   0.79602661  0.74812281  0.65164764
   0.79602661  0.24812282  0.15164766
   0.28985669  0.24890193  0.54877042
   0.29603468  0.25165567  0.65163761
   0.29603468  0.75165567  0.15163761
   0.28985669  0.74890192  0.04877041
   0.78985393  0.75101559  0.54877113
   0.78985393  0.25101559  0.04877113
   0.57830610  0.52941910  0.05679774
   0.32602998  0.31920302  0.40298777
   0.52589514  0.47169963  0.13681013
   0.29435038  0.18524807  0.30449350
   0.49876899  0.49472421  0.25112619
   0.02276919  0.97300661  0.03984806
   0.10988567  0.05799995  0.14994930
   0.57830610  0.02941911  0.55679772
   0.32602998  0.81920302  0.90298777
   0.52589514  0.97169966  0.63681011
   0.29435038  0.68524804  0.80449350
   0.49876899  0.99472423  0.75112622
   0.02276919  0.47300664  0.53984806
   0.10988567  0.55800001  0.64994933
   0.11611560  0.43657406  0.94732263
   0.82310443  0.67516986  0.59690888
   0.02716096  0.52619173  0.86301459
   0.79198990  0.81255955  0.69530217
  -0.00096829  0.50533299  0.74881785
   0.51911171  0.03687704  0.96141675
   0.60476483  0.94699413  0.84989672
   0.11611560  0.93657409  0.44732260
   0.82310443  0.17516986  0.09690890
   0.02716096  0.02619175  0.36301459
   0.79198990  0.31255955  0.19530217
  -0.00096829  0.00533302  0.24881786
   0.51911171  0.53687706  0.46141672
   0.60476483  0.44699419  0.34989675
   0.07830630  0.47047219  0.05679437
   0.82599497  0.68090929  0.40298882
   0.02590870  0.52806066  0.13680891
   0.79439759  0.81488131  0.30449474
  -0.00120723  0.50529902  0.25112294
   0.52277892  0.02692972  0.03984671
   0.60990332  0.94173109  0.14994607
   0.07830630  0.97047216  0.55679441
   0.82599497  0.18090930  0.90298885
   0.02590870  0.02806063  0.63680888
   0.79439759  0.31488134  0.80449471
  -0.00120723  0.00529903  0.75112294
   0.52277892  0.52692973  0.53984668
   0.60990332  0.44173109  0.64994610
   0.61612760  0.56356918  0.94733115
   0.32308178  0.32466318  0.59690853
   0.52716875  0.47400747  0.86301549
   0.29203125  0.18729204  0.69530092
   0.49905885  0.49466516  0.74882145
   0.01912586  0.96323542  0.96141981
   0.10478128  0.05324455  0.84990060
   0.61612760  0.06356914  0.44733121
   0.32308178  0.82466318  0.09690854
   0.52716875  0.97400744  0.36301546
   0.29203125  0.68729204  0.19530088
   0.49905885  0.99466516  0.24882142
   0.01912586  0.46323545  0.46141981
   0.10478128  0.55324457  0.34990066
   0.32255449  0.16713231  0.50079198
   0.32255449  0.66713237  1.00079201
   0.82257261  0.83288829  0.50079060
   0.82257261  0.33288835  0.00079060
   0.79160806  0.75423017  0.45012170
   0.79160806  0.25423017  0.95012167
   0.29160558  0.24587831  0.45012295
   0.29160558  0.74587831  0.95012295
