   0.25094630  0.24766094  0.10353472
   0.23841168  0.27249449  0.21969314
   0.25094630  0.74766094  0.60353473
   0.23841168  0.77249452  0.71969310
   0.74609171  0.75472139  0.89656488
   0.73600339  0.72673549  0.78115292
   0.74609171  0.25472139  0.39656491
   0.73600339  0.22673551  0.28115286
   0.75120442  0.75154468  0.10366770
   0.73749749  0.72763715  0.21964962
   0.75120442  0.25154471  0.60366773
   0.73749749  0.22763713  0.71964965
   0.24610474  0.24598136  0.89655770
   0.23505469  0.27318093  0.78121005
   0.24610474  0.74598139  0.39655773
   0.23505469  0.77318090  0.28121008
   0.24497754  0.24217829 -0.00420265
   0.24497754  0.74217829  0.49579735
   0.74532277  0.75798355  0.99549278
   0.74532277  0.25798355  0.49549272
   0.29448387  0.25038051  0.34775492
   0.29448387  0.75038051  0.84775495
   0.79454244  0.75045927  0.34779319
   0.79454244  0.25045927  0.84779319
   0.79509021  0.74943054  0.65256204
   0.79509021  0.24943055  0.15256206
   0.29066569  0.24828046  0.54881961
   0.29510806  0.24971964  0.65251891
   0.29510806  0.74971964  0.15251891
   0.29066569  0.74828044  0.04881960
   0.79034456  0.75184107  0.54881946
   0.79034456  0.25184107  0.04881945
   0.59474331  0.54500048  0.05617205
   0.32502411  0.32064756  0.40240052
   0.52662768  0.47343960  0.13767617
   0.29273645  0.18707174  0.30391406
   0.50273371  0.49565603  0.25148027
   0.01295003  0.96169623  0.04026764
   0.10454941  0.05307724  0.15033232
   0.59474331  0.04500048  0.55617202
   0.32502411  0.82064756  0.90240052
   0.52662768  0.97343963  0.63767615
   0.29273645  0.68707171  0.80391406
   0.50273371  0.99565606  0.75148030
   0.01295003  0.46169626  0.54026763
   0.10454941  0.55307729  0.65033235
   0.11166223  0.43771584  0.94679256
   0.82243797  0.67902544  0.59709891
   0.02609852  0.52740183  0.86234921
   0.79052393  0.81079177  0.69616182
   0.00267354  0.50446768  0.74888287
   0.51505593  0.03780417  0.96120325
   0.60611906  0.94561257  0.84917344
   0.11166223  0.93771587  0.44679253
   0.82243797  0.17902544  0.09709892
   0.02609852  0.02740185  0.36234921
   0.79052393  0.31079177  0.19616182
   0.00267354  0.00446771  0.24888288
   0.51505593  0.53780419  0.46120322
   0.60611906  0.44561263  0.34917347
   0.09508346  0.45470911  0.05593022
   0.82480185  0.67984446  0.40236222
   0.02666994  0.52548671  0.13773925
   0.79406081  0.81336475  0.30391161
   0.00270651  0.50431226  0.25143440
   0.51197490  0.03938589  0.04042806
   0.60486446  0.94566568  0.15041830
   0.09508346  0.95470908  0.55593026
   0.82480185  0.17984448  0.90236225
   0.02666994  0.02548669  0.63773922
   0.79406081  0.31336478  0.80391158
   0.00270651  0.00431226  0.75143440
   0.51197490  0.53938590  0.54042803
   0.60486446  0.44566568  0.65041833
   0.61189168  0.56240649  0.94687325
   0.32198664  0.32061827  0.59715057
   0.52615930  0.47363495  0.86229673
   0.29180655  0.18867214  0.69615072
   0.50266281  0.49556334  0.74893409
   0.01477127  0.96177101  0.96096191
   0.10637699  0.05559711  0.84911373
   0.61189168  0.06240644  0.44687331
   0.32198664  0.82061827  0.09715059
   0.52615930  0.97363492  0.36229670
   0.29180655  0.68867214  0.19615068
   0.50266281  0.99556334  0.24893406
   0.01477127  0.46177104  0.46096191
   0.10637699  0.55559714  0.34911379
   0.32045358  0.16711615  0.50073652
   0.32045358  0.66711621  1.00073655
   0.82022209  0.83230777  0.50070721
   0.82022209  0.33230783  0.00070721
   0.78896472  0.75318689  0.44968342
   0.78896472  0.25318689  0.94968339
   0.28875669  0.24671893  0.44967363
   0.28875669  0.74671893  0.94967363
