   0.25033819  0.25039961  0.10292105
   0.23450850  0.27344418  0.21938383
   0.25033819  0.75039961  0.60292107
   0.23450850  0.77344421  0.71938379
   0.74675441  0.75556800  0.89689783
   0.73241976  0.72605318  0.78106230
   0.74675441  0.25556800  0.39689786
   0.73241976  0.22605319  0.28106224
   0.75035651  0.74934619  0.10291866
   0.73437356  0.72666211  0.21937869
   0.75035651  0.24934622  0.60291869
   0.73437356  0.22666210  0.71937872
   0.24677867  0.24466282  0.89689904
   0.23228054  0.27391135  0.78106991
   0.24677867  0.74466284  0.39689907
   0.23228054  0.77391132  0.28106994
   0.24701759  0.24128013 -0.00432982
   0.24701759  0.74128013  0.49567018
   0.74701724  0.75871950  0.99567262
   0.74701724  0.25871950  0.49567256
   0.29465408  0.24962853  0.34829631
   0.29465408  0.74962853  0.84829634
   0.79467610  0.75067151  0.34830873
   0.79467610  0.25067151  0.84830873
   0.79550345  0.74847556  0.65179070
   0.79550345  0.24847558  0.15179072
   0.28974914  0.24876257  0.54873471
   0.29552725  0.25121352  0.65177733
   0.29552725  0.75121352  0.15177733
   0.28974914  0.74876256  0.04873470
   0.78974573  0.75108951  0.54873573
   0.78974573  0.25108951  0.04873573
   0.58181545  0.53295612  0.05654739
   0.32568164  0.31939715  0.40288965
   0.52569859  0.47213505  0.13694081
   0.29397682  0.18552857  0.30442491
   0.50028394  0.49496942  0.25122037
   0.02008764  0.97021167  0.03991233
   0.10828840  0.05684048  0.14995593
   0.58181545  0.03295613  0.55654737
   0.32568164  0.81939715  0.90288965
   0.52569859  0.97213508  0.63694080
   0.29397682  0.68552854  0.80442491
   0.50028394  0.99496945  0.75122040
   0.02008764  0.47021170  0.53991232
   0.10828840  0.55684054  0.64995596
   0.11520534  0.43689459  0.94724781
   0.82260500  0.67605289  0.59689041
   0.02675072  0.52654010  0.86294100
   0.79153695  0.81221990  0.69547338
   0.00052364  0.50511876  0.74888951
   0.51822522  0.03711759  0.96132748
   0.60513732  0.94656143  0.84979925
   0.11520534  0.93689462  0.44724778
   0.82260500  0.17605289  0.09689043
   0.02675072  0.02654013  0.36294100
   0.79153695  0.31221990  0.19547338
   0.00052364  0.00511879  0.24888952
   0.51822522  0.53711761  0.46132745
   0.60513732  0.44656149  0.34979928
   0.08182238  0.46686088  0.05654388
   0.82565358  0.68081211  0.40288973
   0.02571149  0.52752720  0.13694665
   0.79420464  0.81466561  0.30442632
   0.00030470  0.50505469  0.25121335
   0.52009926  0.02965856  0.03991230
   0.60831591  0.94278532  0.14994804
   0.08182238  0.96686085  0.55654392
   0.82565358  0.18081213  0.90288976
   0.02571149  0.02752717  0.63694662
   0.79420464  0.31466563  0.80442629
   0.00030470  0.00505470  0.75121335
   0.52009926  0.52965857  0.53991227
   0.60831591  0.44278532  0.64994807
   0.61521516  0.56328307  0.94725335
   0.32256819  0.32368826  0.59689113
   0.52676222  0.47377562  0.86293439
   0.29176501  0.18757511  0.69547169
   0.50055145  0.49489874  0.74889710
   0.01823513  0.96302135  0.96132999
   0.10516900  0.05380388  0.84980572
   0.61521516  0.06328302  0.44725341
   0.32256819  0.82368826  0.09689115
   0.52676222  0.97377559  0.36293436
   0.29176501  0.68757511  0.19547164
   0.50055145  0.99489874  0.24889707
   0.01823513  0.46302138  0.46132999
   0.10516900  0.55380390  0.34980578
   0.32204395  0.16733957  0.50073583
   0.32204395  0.66733963  1.00073586
   0.82205527  0.83266621  0.50073503
   0.82205527  0.33266627  0.00073503
   0.79100431  0.75401467  0.45004359
   0.79100431  0.25401467  0.95004356
   0.29100063  0.24613699  0.45004395
   0.29100063  0.74613699  0.95004395
