   0.25053824  0.25087106  0.10285099
   0.23334721  0.27354045  0.21930692
   0.25053824  0.75087106  0.60285101
   0.23334721  0.77354048  0.71930687
   0.74689972  0.75565238  0.89691236
   0.73130917  0.72601313  0.78101866
   0.74689972  0.25565238  0.39691239
   0.73130917  0.22601315  0.28101860
   0.75054431  0.74894215  0.10284892
   0.73327233  0.72657509  0.21930531
   0.75054431  0.24894218  0.60284895
   0.73327233  0.22657507  0.71930534
   0.24691144  0.24451153  0.89691349
   0.23123156  0.27392597  0.78102196
   0.24691144  0.74451156  0.39691352
   0.23123156  0.77392594  0.28102199
   0.24725957  0.24109240 -0.00431254
   0.24725957  0.74109240  0.49568746
   0.74725766  0.75890857  0.99569042
   0.74725766  0.25890857  0.49569036
   0.29472232  0.24950310  0.34831357
   0.29472232  0.74950310  0.84831360
   0.79473483  0.75073601  0.34832399
   0.79473483  0.25073601  0.84832399
   0.79577165  0.74830046  0.65172218
   0.79577165  0.24830047  0.15172219
   0.28978909  0.24883462  0.54875551
   0.29578533  0.25144145  0.65171064
   0.29578533  0.75144145  0.15171064
   0.28978909  0.74883461  0.04875550
   0.78978606  0.75105486  0.54875638
   0.78978606  0.25105486  0.04875637
   0.57988436  0.53104293  0.05668093
   0.32588654  0.31928382  0.40294369
   0.52579274  0.47189833  0.13686558
   0.29425018  0.18535828  0.30447981
   0.49948256  0.49483416  0.25116826
   0.02150745  0.97173519  0.03987021
   0.10915518  0.05748503  0.14995379
   0.57988436  0.03104293  0.55668091
   0.32588654  0.81928382  0.90294369
   0.52579274  0.97189836  0.63686556
   0.29425018  0.68535825  0.80447981
   0.49948256  0.99483419  0.75116829
   0.02150745  0.47173522  0.53987020
   0.10915518  0.55748509  0.64995382
   0.11568341  0.43672124  0.94728605
   0.82286154  0.67556917  0.59690148
   0.02700930  0.52633381  0.86298782
   0.79178590  0.81239995  0.69536295
  -0.00026100  0.50524148  0.74884970
   0.51869092  0.03698650  0.96137491
   0.60492934  0.94682126  0.84985669
   0.11568341  0.93672127  0.44728602
   0.82286154  0.17556917  0.09690150
   0.02700930  0.02633383  0.36298782
   0.79178590  0.31239995  0.19536295
  -0.00026100  0.00524151  0.24884972
   0.51869092  0.53698652  0.46137488
   0.60492934  0.44682132  0.34985672
   0.07988813  0.46881632  0.05667732
   0.82585439  0.68086788  0.40294437
   0.02580618  0.52782203  0.13686689
   0.79436258  0.81479770  0.30448115
  -0.00049461  0.50519084  0.25116367
   0.52151843  0.02817179  0.03986929
   0.60917664  0.94220354  0.14994890
   0.07988813  0.96881629  0.55667736
   0.82585439  0.18086790  0.90294440
   0.02580618  0.02782200  0.63686686
   0.79436258  0.31479773  0.80448112
  -0.00049461  0.00519084  0.75116367
   0.52151843  0.52817180  0.53986926
   0.60917664  0.44220354  0.64994893
   0.61569410  0.56343572  0.94729329
   0.32283373  0.32422635  0.59690151
   0.52701862  0.47391248  0.86298595
   0.29189489  0.18742918  0.69536181
   0.49976656  0.49476543  0.74885467
   0.01870301  0.96313629  0.96137762
   0.10495145  0.05346802  0.84986147
   0.61569410  0.06343568  0.44729335
   0.32283373  0.82422635  0.09690152
   0.52701862  0.97391245  0.36298592
   0.29189489  0.68742918  0.19536176
   0.49976656  0.99476543  0.24885464
   0.01870301  0.46313632  0.46137762
   0.10495145  0.55346804  0.34986153
   0.32231197  0.16721768  0.50075858
   0.32231197  0.66721774  1.00075861
   0.82232701  0.83279590  0.50075743
   0.82232701  0.33279596  0.00075743
   0.79128514  0.75413026  0.45008724
   0.79128514  0.25413026  0.95008721
   0.29128256  0.24599799  0.45008815
   0.29128256  0.74599799  0.95008815
