   0.25013971  0.24946441  0.10309483
   0.23660015  0.27319581  0.21951811
   0.25013971  0.74946441  0.60309484
   0.23660015  0.77319584  0.71951806
   0.74643834  0.75533022  0.89683559
   0.73456013  0.72620300  0.78115310
   0.74643834  0.25533022  0.39683562
   0.73456013  0.22620301  0.28115304
   0.75018127  0.75010861  0.10308549
   0.73629937  0.72686801  0.21950372
   0.75018127  0.25010864  0.60308552
   0.73629937  0.22686800  0.71950375
   0.24649855  0.24507923  0.89683878
   0.23424794  0.27380836  0.78117188
   0.24649855  0.74507926  0.39683881
   0.23424794  0.77380833  0.28117191
   0.24665306  0.24174095 -0.00436671
   0.24665306  0.74174095  0.49563329
   0.74662606  0.75820126  0.99563791
   0.74662606  0.25820126  0.49563785
   0.29437773  0.24986868  0.34817630
   0.29437773  0.74986868  0.84817633
   0.79443280  0.75058349  0.34819644
   0.79443280  0.25058349  0.84819644
   0.79502017  0.74885376  0.65200718
   0.79502017  0.24885378  0.15200719
   0.28983982  0.24859507  0.54872166
   0.29507346  0.25070333  0.65198732
   0.29507346  0.75070333  0.15198732
   0.28983982  0.74859506  0.04872165
   0.78985086  0.75115166  0.54872289
   0.78985086  0.25115166  0.04872288
   0.58612331  0.53707402  0.05627562
   0.32520527  0.31961866  0.40274998
   0.52565993  0.47264985  0.13713606
   0.29308965  0.18628017  0.30432394
   0.50174637  0.49530218  0.25133184
   0.01717180  0.96692030  0.04004714
   0.10651125  0.05543498  0.14999159
   0.58612331  0.03707402  0.55627560
   0.32520527  0.81961866  0.90274998
   0.52565993  0.97264988  0.63713605
   0.29308965  0.68628014  0.80432394
   0.50174637  0.99530221  0.75133187
   0.01717180  0.46692033  0.54004713
   0.10651125  0.55543503  0.64999162
   0.11413716  0.43737104  0.94716687
   0.82225689  0.67716836  0.59690317
   0.02600441  0.52709166  0.86280629
   0.79105294  0.81146309  0.69568029
   0.00194274  0.50480214  0.74894895
   0.51730493  0.03738743  0.96120179
   0.60561084  0.94587280  0.84965436
   0.11413716  0.93737107  0.44716684
   0.82225689  0.17716836  0.09690318
   0.02600441  0.02709168  0.36280629
   0.79105294  0.31146309  0.19568029
   0.00194274  0.00480217  0.24894896
   0.51730493  0.53738745  0.46120176
   0.60561084  0.44587286  0.34965439
   0.08611230  0.46267259  0.05628226
   0.82519198  0.68074759  0.40274982
   0.02566350  0.52686844  0.13715604
   0.79367932  0.81402610  0.30432496
   0.00176169  0.50470510  0.25131824
   0.51717804  0.03287261  0.04005272
   0.60654263  0.94404079  0.14996969
   0.08611230  0.96267256  0.55628230
   0.82519198  0.18074760  0.90274984
   0.02566350  0.02686841  0.63715601
   0.79367932  0.31402613  0.80432493
   0.00176169  0.00470511  0.75131824
   0.51717804  0.53287261  0.54005270
   0.60654263  0.44404079  0.64996972
   0.61414793  0.56287803  0.94716774
   0.32218386  0.32241679  0.59690540
   0.52602262  0.47340787  0.86278561
   0.29163252  0.18821674  0.69567793
   0.50197197  0.49522457  0.74896439
   0.01732409  0.96281908  0.96121174
   0.10566376  0.05468667  0.84966966
   0.61414793  0.06287799  0.44716780
   0.32218386  0.82241679  0.09690542
   0.52602262  0.97340784  0.36278558
   0.29163252  0.68821674  0.19567788
   0.50197197  0.99522457  0.24896436
   0.01732409  0.46281911  0.46121174
   0.10566376  0.55468669  0.34966972
   0.32165952  0.16770016  0.50068989
   0.32165952  0.66770022  1.00068992
   0.82166216  0.83229963  0.50069036
   0.82166216  0.33229969  0.00069036
   0.79048207  0.75374377  0.44994158
   0.79048207  0.25374377  0.94994155
   0.29046279  0.24648076  0.44993955
   0.29046279  0.74648076  0.94993955
