   0.25015642  0.24958495  0.10306460
   0.23632955  0.27323794  0.21949856
   0.25015642  0.74958495  0.60306462
   0.23632955  0.77323797  0.71949851
   0.74648460  0.75536974  0.89685124
   0.73427020  0.72616881  0.78114134
   0.74648460  0.25536974  0.39685127
   0.73427020  0.22616883  0.28114128
   0.75019725  0.75001532  0.10305825
   0.73605343  0.72683294  0.21948549
   0.75019725  0.25001535  0.60305827
   0.73605343  0.22683293  0.71948552
   0.24653616  0.24501011  0.89685389
   0.23398546  0.27383642  0.78115851
   0.24653616  0.74501014  0.39685392
   0.23398546  0.77383639  0.28115854
   0.24669087  0.24167211 -0.00435641
   0.24669087  0.74167211  0.49564359
   0.74667864  0.75829424  0.99564736
   0.74667864  0.25829424  0.49564730
   0.29442468  0.24983531  0.34819455
   0.29442468  0.74983531  0.84819458
   0.79447592  0.75059401  0.34821524
   0.79447592  0.25059401  0.84821524
   0.79507870  0.74879369  0.65196264
   0.79507870  0.24879371  0.15196265
   0.28983241  0.24860573  0.54872617
   0.29512884  0.25078147  0.65194247
   0.29512884  0.75078147  0.15194247
   0.28983241  0.74860572  0.04872616
   0.78983530  0.75116616  0.54872703
   0.78983530  0.25116616  0.04872703
   0.58544737  0.53644526  0.05631476
   0.32528208  0.31959328  0.40277227
   0.52565121  0.47256989  0.13710278
   0.29324135  0.18612837  0.30434236
   0.50155131  0.49524415  0.25131658
   0.01760447  0.96743835  0.04001917
   0.10676404  0.05564352  0.14998533
   0.58544737  0.03644527  0.55631473
   0.32528208  0.81959328  0.90277227
   0.52565121  0.97256992  0.63710277
   0.29324135  0.68612834  0.80434236
   0.50155131  0.99524418  0.75131661
   0.01760447  0.46743838  0.54001916
   0.10676404  0.55564357  0.64998536
   0.11430146  0.43729016  0.94717729
   0.82228433  0.67699466  0.59689813
   0.02613462  0.52699957  0.86283056
   0.79112642  0.81163282  0.69565764
   0.00175156  0.50485767  0.74894252
   0.51745356  0.03734256  0.96122354
   0.60552892  0.94599518  0.84967758
   0.11430146  0.93729019  0.44717726
   0.82228433  0.17699466  0.09689814
   0.02613462  0.02699959  0.36283056
   0.79112642  0.31163282  0.19565764
   0.00175156  0.00485770  0.24894254
   0.51745356  0.53734259  0.46122351
   0.60552892  0.44599524  0.34967761
   0.08544539  0.46330588  0.05631799
   0.82526720  0.68074422  0.40277203
   0.02565678  0.52697015  0.13711985
   0.79376668  0.81415862  0.30434234
   0.00156739  0.50476640  0.25130369
   0.51761444  0.03236513  0.04002337
   0.60679793  0.94385576  0.14996675
   0.08544539  0.96330585  0.55631803
   0.82526720  0.18074423  0.90277206
   0.02565678  0.02697012  0.63711982
   0.79376668  0.31415865  0.80434231
   0.00156739  0.00476641  0.75130369
   0.51761444  0.53236514  0.54002334
   0.60679793  0.44385576  0.64996678
   0.61431158  0.56294566  0.94717922
   0.32222129  0.32261784  0.59690007
   0.52614890  0.47346989  0.86281221
   0.29164811  0.18806656  0.69565620
   0.50177996  0.49516826  0.74895677
   0.01746815  0.96284978  0.96123059
   0.10558229  0.05453224  0.84969042
   0.61431158  0.06294562  0.44717928
   0.32222129  0.82261784  0.09690008
   0.52614890  0.97346986  0.36281218
   0.29164811  0.68806656  0.19565616
   0.50177996  0.99516826  0.24895674
   0.01746815  0.46284981  0.46123059
   0.10558229  0.55453226  0.34969048
   0.32170132  0.16763041  0.50069082
   0.32170132  0.66763047  1.00069085
   0.82170673  0.83237018  0.50069096
   0.82170673  0.33237024  0.00069096
   0.79052268  0.75377585  0.44995797
   0.79052268  0.25377585  0.94995794
   0.29051176  0.24643256  0.44995721
   0.29051176  0.74643256  0.94995721
