   0.25033021  0.25026936  0.10293881
   0.23480658  0.27341672  0.21939495
   0.25033021  0.75026936  0.60293883
   0.23480658  0.77341675  0.71939491
   0.74675468  0.75553166  0.89689737
   0.73272008  0.72607383  0.78108539
   0.74675468  0.25553166  0.39689739
   0.73272008  0.22607385  0.28108533
   0.75035265  0.74945455  0.10293621
   0.73465167  0.72668643  0.21938857
   0.75035265  0.24945458  0.60293623
   0.73465167  0.22668641  0.71938860
   0.24678359  0.24471993  0.89689857
   0.23256034  0.27389955  0.78109441
   0.24678359  0.74471996  0.39689860
   0.23256034  0.77389952  0.28109444
   0.24697155  0.24133847 -0.00433211
   0.24697155  0.74133847  0.49566789
   0.74697181  0.75865909  0.99567023
   0.74697181  0.25865909  0.49567017
   0.29462248  0.24963403  0.34827511
   0.29462248  0.74963403  0.84827514
   0.79464689  0.75068447  0.34828823
   0.79464689  0.25068447  0.84828823
   0.79543274  0.74855007  0.65182901
   0.79543274  0.24855008  0.15182903
   0.28977207  0.24874924  0.54873066
   0.29545903  0.25112309  0.65181502
   0.29545903  0.75112309  0.15181502
   0.28977207  0.74874922  0.04873065
   0.78976790  0.75109202  0.54873170
   0.78976790  0.25109202  0.04873170
   0.58237783  0.53351743  0.05650912
   0.32560061  0.31942476  0.40286874
   0.52567819  0.47220275  0.13695902
   0.29387741  0.18560494  0.30441385
   0.50050913  0.49501173  0.25123596
   0.01966099  0.96977787  0.03992505
   0.10803627  0.05666047  0.14995841
   0.58237783  0.03351743  0.55650910
   0.32560061  0.81942476  0.90286874
   0.52567819  0.97220278  0.63695900
   0.29387741  0.68560491  0.80441385
   0.50050913  0.99501176  0.75123599
   0.01966099  0.46977790  0.53992504
   0.10803627  0.55666053  0.64995844
   0.11503818  0.43695569  0.94723690
   0.82252551  0.67621917  0.59688930
   0.02665644  0.52661221  0.86292897
   0.79146901  0.81213816  0.69550044
   0.00074337  0.50507896  0.74889725
   0.51807974  0.03715133  0.96131271
   0.60519205  0.94647945  0.84978116
   0.11503818  0.93695572  0.44723687
   0.82252551  0.17621917  0.09688932
   0.02665644  0.02661223  0.36292897
   0.79146901  0.31213816  0.19550044
   0.00074337  0.00507899  0.24889726
   0.51807974  0.53715136  0.46131268
   0.60519205  0.44647951  0.34978119
   0.08238531  0.46628803  0.05650582
   0.82557414  0.68080348  0.40286865
   0.02568971  0.52744067  0.13696646
   0.79414609  0.81460034  0.30441524
   0.00052936  0.50500979  0.25122801
   0.51967304  0.03008201  0.03992535
   0.60806674  0.94294681  0.14994936
   0.08238531  0.96628800  0.55650586
   0.82557414  0.18080350  0.90286867
   0.02568971  0.02744065  0.63696643
   0.79414609  0.31460036  0.80441521
   0.00052936  0.00500979  0.75122801
   0.51967304  0.53008202  0.53992532
   0.60806674  0.44294681  0.64994938
   0.61504752  0.56322952  0.94724185
   0.32248547  0.32350519  0.59689020
   0.52666864  0.47372575  0.86292061
   0.29173821  0.18764483  0.69549884
   0.50077099  0.49494115  0.74890584
   0.01808888  0.96299440  0.96131525
   0.10522734  0.05390948  0.84978836
   0.61504752  0.06322947  0.44724191
   0.32248547  0.82350519  0.09689022
   0.52666864  0.97372572  0.36292058
   0.29173821  0.68764483  0.19549879
   0.50077099  0.99494115  0.24890581
   0.01808888  0.46299443  0.46131525
   0.10522734  0.55390950  0.34978842
   0.32196409  0.16738937  0.50072887
   0.32196409  0.66738943  1.00072889
   0.82197434  0.83261522  0.50072819
   0.82197434  0.33261528  0.00072819
   0.79096371  0.75399291  0.45003194
   0.79096371  0.25399291  0.95003191
   0.29095713  0.24616345  0.45003213
   0.29095713  0.74616345  0.95003213
