   0.25035529  0.25041443  0.10292109
   0.23449390  0.27344305  0.21938242
   0.25035529  0.75041443  0.60292111
   0.23449390  0.77344308  0.71938237
   0.74677198  0.75556394  0.89689696
   0.73240736  0.72605726  0.78106181
   0.74677198  0.25556394  0.39689699
   0.73240736  0.22605728  0.28106175
   0.75037334  0.74933278  0.10291871
   0.73436028  0.72666352  0.21937735
   0.75037334  0.24933281  0.60291873
   0.73436028  0.22666351  0.71937738
   0.24679594  0.24466554  0.89689817
   0.23226938  0.27390672  0.78106933
   0.24679594  0.74466557  0.39689820
   0.23226938  0.77390669  0.28106936
   0.24702695  0.24127768 -0.00432896
   0.24702695  0.74127768  0.49567104
   0.74702659  0.75872194  0.99567349
   0.74702659  0.25872194  0.49567343
   0.29465379  0.24960929  0.34828095
   0.29465379  0.74960929  0.84828097
   0.79467591  0.75069029  0.34829324
   0.79467591  0.25069029  0.84829324
   0.79550402  0.74849674  0.65180790
   0.79550402  0.24849676  0.15180791
   0.28975189  0.24875860  0.54873577
   0.29552780  0.25119276  0.65179457
   0.29552780  0.75119276  0.15179457
   0.28975189  0.74875858  0.04873576
   0.78974854  0.75109380  0.54873679
   0.78974854  0.25109380  0.04873679
   0.58178005  0.53292682  0.05654964
   0.32567956  0.31939012  0.40289161
   0.52569455  0.47213072  0.13693835
   0.29398206  0.18553929  0.30443316
   0.50026786  0.49496738  0.25121989
   0.02010429  0.97023861  0.03991094
   0.10830618  0.05686014  0.14995605
   0.58178005  0.03292683  0.55654962
   0.32567956  0.81939012  0.90289161
   0.52569455  0.97213075  0.63693833
   0.29398206  0.68553926  0.80443316
   0.50026786  0.99496740  0.75121992
   0.02010429  0.47023864  0.53991093
   0.10830618  0.55686019  0.64995608
   0.11520881  0.43689313  0.94724881
   0.82260470  0.67604747  0.59689122
   0.02675053  0.52653659  0.86294307
   0.79154245  0.81221039  0.69546401
   0.00050795  0.50512214  0.74888864
   0.51823129  0.03711359  0.96132771
   0.60513636  0.94655844  0.84980016
   0.11520881  0.93689316  0.44724878
   0.82260470  0.17604747  0.09689123
   0.02675053  0.02653661  0.36294307
   0.79154245  0.31221039  0.19546401
   0.00050795  0.00512217  0.24888866
   0.51823129  0.53711361  0.46132768
   0.60513636  0.44655850  0.34980019
   0.08178671  0.46689076  0.05654612
   0.82565138  0.68081806  0.40289171
   0.02570720  0.52753232  0.13694409
   0.79420740  0.81465419  0.30443463
   0.00028872  0.50505681  0.25121292
   0.52011575  0.02963205  0.03991089
   0.60833350  0.94276669  0.14994823
   0.08178671  0.96689073  0.55654616
   0.82565138  0.18081808  0.90289174
   0.02570720  0.02753229  0.63694406
   0.79420740  0.31465422  0.80443460
   0.00028872  0.00505682  0.75121292
   0.52011575  0.52963206  0.53991086
   0.60833350  0.44276669  0.64994826
   0.61521861  0.56328412  0.94725438
   0.32256801  0.32369466  0.59689191
   0.52676157  0.47377823  0.86293655
   0.29176778  0.18758524  0.69546233
   0.50053575  0.49489519  0.74889617
   0.01824123  0.96302498  0.96133022
   0.10516779  0.05380557  0.84980659
   0.61521861  0.06328408  0.44725444
   0.32256801  0.82369466  0.09689193
   0.52676157  0.97377820  0.36293652
   0.29176778  0.68758524  0.19546229
   0.50053575  0.99489519  0.24889614
   0.01824123  0.46302501  0.46133022
   0.10516779  0.55380559  0.34980665
   0.32204484  0.16733765  0.50073428
   0.32204484  0.66733771  1.00073431
   0.82205620  0.83266817  0.50073347
   0.82205620  0.33266823  0.00073347
   0.79100581  0.75401228  0.45004114
   0.79100581  0.25401228  0.95004111
   0.29100184  0.24613968  0.45004144
   0.29100184  0.74613968  0.95004144
