   0.25044313  0.25070163  0.10288082
   0.23380831  0.27350889  0.21934112
   0.25044313  0.75070163  0.60288083
   0.23380831  0.77350892  0.71934107
   0.74683010  0.75561741  0.89690522
   0.73174486  0.72602114  0.78103384
   0.74683010  0.25561741  0.39690525
   0.73174486  0.22602116  0.28103378
   0.75045325  0.74908792  0.10287867
   0.73371224  0.72660348  0.21933823
   0.75045325  0.24908794  0.60287869
   0.73371224  0.22660347  0.71933826
   0.24684612  0.24457037  0.89690637
   0.23164553  0.27392735  0.78103870
   0.24684612  0.74457040  0.39690640
   0.23164553  0.77392732  0.28103873
   0.24715014  0.24116096 -0.00432348
   0.24715014  0.74116096  0.49567652
   0.74714920  0.75884029  0.99567931
   0.74714920  0.25884029  0.49567925
   0.29469932  0.24955018  0.34830550
   0.29469932  0.74955018  0.84830553
   0.79471527  0.75070922  0.34831652
   0.79471527  0.25070922  0.84831652
   0.79566565  0.74836258  0.65174893
   0.79566565  0.24836260  0.15174894
   0.28975779  0.24881322  0.54874509
   0.29568285  0.25136180  0.65173694
   0.29568285  0.75136180  0.15173694
   0.28975779  0.74881320  0.04874508
   0.78975448  0.75106383  0.54874603
   0.78975448  0.25106383  0.04874602
   0.58066141  0.53180223  0.05662836
   0.32581257  0.31933635  0.40292323
   0.52575706  0.47200092  0.13689321
   0.29415182  0.18542681  0.30446316
   0.49981725  0.49489174  0.25119015
   0.02093820  0.97111285  0.03988883
   0.10879559  0.05721974  0.14995028
   0.58066141  0.03180224  0.55662834
   0.32581257  0.81933635  0.90292323
   0.52575706  0.97200095  0.63689320
   0.29415182  0.68542678  0.80446316
   0.49981725  0.99489177  0.75119018
   0.02093820  0.47111288  0.53988882
   0.10879559  0.55721979  0.64995031
   0.11549003  0.43678619  0.94727168
   0.82276320  0.67576494  0.59689396
   0.02691273  0.52641350  0.86297090
   0.79169132  0.81233252  0.69540173
   0.00006907  0.50519158  0.74886671
   0.51849691  0.03704033  0.96135812
   0.60501360  0.94671930  0.84983454
   0.11549003  0.93678622  0.44727165
   0.82276320  0.17576494  0.09689397
   0.02691273  0.02641352  0.36297090
   0.79169132  0.31233252  0.19540173
   0.00006907  0.00519161  0.24886672
   0.51849691  0.53704035  0.46135809
   0.60501360  0.44671936  0.34983457
   0.08066674  0.46804045  0.05662470
   0.82578211  0.68083742  0.40292365
   0.02577084  0.52769756  0.13689618
   0.79430643  0.81474357  0.30446459
  -0.00016070  0.50513342  0.25118466
   0.52094993  0.02877962  0.03988822
   0.60881946  0.94244511  0.14994430
   0.08066674  0.96804042  0.55662474
   0.82578211  0.18083743  0.90292368
   0.02577084  0.02769753  0.63689615
   0.79430643  0.31474360  0.80446456
  -0.00016070  0.00513343  0.75118466
   0.52094993  0.52877963  0.53988819
   0.60881946  0.44244511  0.64994433
   0.61550027  0.56337856  0.94727822
   0.32273216  0.32400970  0.59689429
   0.52692334  0.47385863  0.86296728
   0.29184449  0.18748451  0.69540017
   0.50009660  0.49481994  0.74887263
   0.01850794  0.96308845  0.96136069
   0.10503945  0.05359831  0.84983993
   0.61550027  0.06337852  0.44727828
   0.32273216  0.82400970  0.09689430
   0.52692334  0.97385860  0.36296725
   0.29184449  0.68748451  0.19540013
   0.50009660  0.99481994  0.24887260
   0.01850794  0.46308848  0.46136069
   0.10503945  0.55359833  0.34983999
   0.32220765  0.16726380  0.50075396
   0.32220765  0.66726386  1.00075398
   0.82222104  0.83274631  0.50075293
   0.82222104  0.33274637  0.00075293
   0.79118299  0.75409646  0.45007008
   0.79118299  0.25409646  0.95007005
   0.29117992  0.24603874  0.45007081
   0.29117992  0.74603874  0.95007081
