   0.25019378  0.24979416  0.10302490
   0.23589748  0.27330245  0.21946804
   0.25019378  0.74979416  0.60302491
   0.23589748  0.77330248  0.71946800
   0.74655690  0.75541631  0.89686570
   0.73382693  0.72612907  0.78112340
   0.74655690  0.25541631  0.39686573
   0.73382693  0.22612908  0.28112334
   0.75023194  0.74984724  0.10302059
   0.73565743  0.72677902  0.21945699
   0.75023194  0.24984727  0.60302061
   0.73565743  0.22677900  0.71945702
   0.24660371  0.24492089  0.89686769
   0.23357909  0.27386323  0.78113807
   0.24660371  0.74492092  0.39686772
   0.23357909  0.77386320  0.28113810
   0.24675875  0.24156748 -0.00434842
   0.24675875  0.74156748  0.49565158
   0.74675561  0.75842056  0.99565446
   0.74675561  0.25842056  0.49565440
   0.29449463  0.24977719  0.34822700
   0.29449463  0.74977719  0.84822703
   0.79453484  0.75061632  0.34824345
   0.79453484  0.25061632  0.84824345
   0.79517836  0.74872373  0.65191857
   0.79517836  0.24872375  0.15191859
   0.28979613  0.24865604  0.54872481
   0.29521973  0.25088334  0.65190131
   0.29521973  0.75088334  0.15190131
   0.28979613  0.74865602  0.04872480
   0.78979494  0.75114115  0.54872599
   0.78979494  0.25114115  0.04872598
   0.58448171  0.53553048  0.05637656
   0.32538539  0.31954430  0.40280684
   0.52564414  0.47245754  0.13705394
   0.29345470  0.18593365  0.30437239
   0.50124797  0.49516644  0.25129022
   0.01824839  0.96817713  0.03998597
   0.10715212  0.05595993  0.14997190
   0.58448171  0.03553049  0.55637654
   0.32538539  0.81954430  0.90280684
   0.52564414  0.97245757  0.63705393
   0.29345470  0.68593362  0.80437239
   0.50124797  0.99516646  0.75129025
   0.01824839  0.46817716  0.53998597
   0.10715212  0.55595999  0.64997193
   0.11453611  0.43717422  0.94719585
   0.82234370  0.67674342  0.59689214
   0.02631126  0.52686628  0.86286541
   0.79122937  0.81180879  0.69559492
   0.00145952  0.50493032  0.74893192
   0.51764398  0.03727848  0.96125436
   0.60541948  0.94615777  0.84971332
   0.11453611  0.93717425  0.44719582
   0.82234370  0.17674342  0.09689216
   0.02631126  0.02686630  0.36286541
   0.79122937  0.31180879  0.19559492
   0.00145952  0.00493035  0.24893193
   0.51764398  0.53727850  0.46125433
   0.60541948  0.44615783  0.34971335
   0.08448665  0.46423560  0.05637624
   0.82536642  0.68075652  0.40280623
   0.02565407  0.52711616  0.13706769
   0.79389220  0.81432224  0.30437420
   0.00126541  0.50484769  0.25127885
   0.51825971  0.03164344  0.03998852
   0.60718616  0.94357176  0.14995731
   0.08448665  0.96423557  0.55637629
   0.82536642  0.18075653  0.90280626
   0.02565407  0.02711613  0.63706766
   0.79389220  0.31432227  0.80437417
   0.00126541  0.00484770  0.75127885
   0.51825971  0.53164345  0.53998850
   0.60718616  0.44357176  0.64995734
   0.61454597  0.56304211  0.94719878
   0.32228936  0.32290810  0.59689399
   0.52632625  0.47355830  0.86285040
   0.29166731  0.18792165  0.69559266
   0.50148697  0.49509483  0.74894424
   0.01765397  0.96289516  0.96125864
   0.10546708  0.05432554  0.84972364
   0.61454597  0.06304207  0.44719884
   0.32228936  0.82290810  0.09689400
   0.52632625  0.97355827  0.36285037
   0.29166731  0.68792165  0.19559261
   0.50148697  0.99509483  0.24894421
   0.01765397  0.46289519  0.46125864
   0.10546708  0.55432557  0.34972370
   0.32177139  0.16754354  0.50070252
   0.32177139  0.66754360  1.00070255
   0.82177860  0.83245780  0.50070221
   0.82177860  0.33245786  0.00070221
   0.79063523  0.75384596  0.44998296
   0.79063523  0.25384596  0.94998293
   0.29062889  0.24634649  0.44998252
   0.29062889  0.74634649  0.94998252
