   0.25069468  0.25122673  0.10280079
   0.23235780  0.27358227  0.21925494
   0.25069468  0.75122673  0.60280080
   0.23235780  0.77358230  0.71925490
   0.74695749  0.75574302  0.89691773
   0.73039436  0.72601298  0.78097122
   0.74695749  0.25574302  0.39691775
   0.73039436  0.22601300  0.28097116
   0.75069355  0.74863015  0.10279885
   0.73231702  0.72653728  0.21925538
   0.75069355  0.24863018  0.60279887
   0.73231702  0.22653726  0.71925541
   0.24696195  0.24437749  0.89691880
   0.23035164  0.27390855  0.78097209
   0.24696195  0.74437752  0.39691883
   0.23035164  0.77390852  0.28097212
   0.24749998  0.24094451 -0.00430811
   0.24749998  0.74094451  0.49569189
   0.74749613  0.75905473  0.99569525
   0.74749613  0.25905473  0.49569519
   0.29474810  0.24942520  0.34833535
   0.29474810  0.74942520  0.84833538
   0.79475517  0.75077302  0.34834459
   0.79475517  0.25077302  0.84834459
   0.79601993  0.74812608  0.65164775
   0.79601993  0.24812609  0.15164776
   0.28985567  0.24890396  0.54876936
   0.29602804  0.25165135  0.65163770
   0.29602804  0.75165135  0.15163770
   0.28985567  0.74890395  0.04876935
   0.78985277  0.75101272  0.54877009
   0.78985277  0.25101272  0.04877009
   0.57838038  0.52949498  0.05679358
   0.32602463  0.31920852  0.40298500
   0.52589348  0.47171069  0.13681254
   0.29434895  0.18526138  0.30449929
   0.49880640  0.49473081  0.25112715
   0.02271061  0.97294940  0.03984928
   0.10985232  0.05797438  0.14994893
   0.57838038  0.02949499  0.55679356
   0.32602463  0.81920852  0.90298500
   0.52589348  0.97171072  0.63681252
   0.29434895  0.68526135  0.80449929
   0.49880640  0.99473084  0.75112718
   0.02271061  0.47294943  0.53984927
   0.10985232  0.55797443  0.64994896
   0.11609368  0.43657729  0.94732075
   0.82309835  0.67518720  0.59690852
   0.02715571  0.52619888  0.86301416
   0.79198325  0.81255704  0.69530630
  -0.00093038  0.50533038  0.74881834
   0.51908923  0.03688000  0.96141496
   0.60477449  0.94698605  0.84989506
   0.11609368  0.93657732  0.44732072
   0.82309835  0.17518720  0.09690854
   0.02715571  0.02619890  0.36301416
   0.79198325  0.31255704  0.19530630
  -0.00093038  0.00533041  0.24881836
   0.51908923  0.53688003  0.46141493
   0.60477449  0.44698611  0.34989509
   0.07838069  0.47039493  0.05679019
   0.82598976  0.68090548  0.40298607
   0.02590718  0.52804797  0.13681142
   0.79439849  0.81486909  0.30450050
  -0.00116992  0.50529252  0.25112385
   0.52272048  0.02698569  0.03984794
   0.60987001  0.94175474  0.14994564
   0.07838069  0.97039490  0.55679023
   0.82598976  0.18090550  0.90298610
   0.02590718  0.02804794  0.63681139
   0.79439849  0.31486912  0.80450047
  -0.00116992  0.00529252  0.75112385
   0.52272048  0.52698570  0.53984792
   0.60987001  0.44175474  0.64994567
   0.61610550  0.56356660  0.94732922
   0.32307550  0.32464415  0.59690819
   0.52716364  0.47400229  0.86301495
   0.29202734  0.18729376  0.69530501
   0.49909679  0.49466815  0.74882200
   0.01910317  0.96323299  0.96141800
   0.10479113  0.05325469  0.84989897
   0.61610550  0.06356656  0.44732928
   0.32307550  0.82464415  0.09690821
   0.52716364  0.97400226  0.36301492
   0.29202734  0.68729376  0.19530496
   0.49909679  0.99466815  0.24882197
   0.01910317  0.46323302  0.46141800
   0.10479113  0.55325472  0.34989903
   0.32254499  0.16713589  0.50079018
   0.32254499  0.66713595  1.00079020
   0.82256297  0.83288434  0.50078881
   0.82256297  0.33288440  0.00078881
   0.79158499  0.75422736  0.45012114
   0.79158499  0.25422736  0.95012111
   0.29158162  0.24588213  0.45012224
   0.29158162  0.74588213  0.95012224
