   0.25069775  0.25123077  0.10280022
   0.23234937  0.27358262  0.21925434
   0.25069775  0.75123077  0.60280024
   0.23234937  0.77358265  0.71925429
   0.74695755  0.75574470  0.89691741
   0.73038715  0.72601499  0.78097025
   0.74695755  0.25574470  0.39691744
   0.73038715  0.22601500  0.28097019
   0.75069655  0.74862642  0.10279828
   0.73230884  0.72653689  0.21925479
   0.75069655  0.24862645  0.60279830
   0.73230884  0.22653687  0.71925482
   0.24696196  0.24437551  0.89691848
   0.23034467  0.27390647  0.78097109
   0.24696196  0.74437554  0.39691851
   0.23034467  0.77390644  0.28097112
   0.24750263  0.24094342 -0.00430816
   0.24750263  0.74094342  0.49569184
   0.74749877  0.75905580  0.99569521
   0.74749877  0.25905580  0.49569515
   0.29474843  0.24942833  0.34833756
   0.29474843  0.74942833  0.84833759
   0.79475546  0.75076956  0.34834679
   0.79475546  0.25076956  0.84834679
   0.79602128  0.74812773  0.65164972
   0.79602128  0.24812774  0.15164974
   0.28985573  0.24890391  0.54876920
   0.29602936  0.25165000  0.65163966
   0.29602936  0.75165000  0.15163966
   0.28985573  0.74890389  0.04876919
   0.78985284  0.75101300  0.54876992
   0.78985284  0.25101300  0.04876992
   0.57836737  0.52948148  0.05679448
   0.32602609  0.31920775  0.40298567
   0.52589373  0.47170844  0.13681195
   0.29434919  0.18525677  0.30449723
   0.49880079  0.49472946  0.25112723
   0.02272101  0.97295965  0.03984910
   0.10985892  0.05797954  0.14994898
   0.57836737  0.02948149  0.55679445
   0.32602609  0.81920775  0.90298567
   0.52589373  0.97170847  0.63681193
   0.29434919  0.68525674  0.80449723
   0.49880079  0.99472948  0.75112726
   0.02272101  0.47295968  0.53984910
   0.10985892  0.55797959  0.64994901
   0.11609753  0.43657648  0.94732117
   0.82309962  0.67518365  0.59690894
   0.02715703  0.52619739  0.86301426
   0.79198443  0.81255382  0.69530352
  -0.00093663  0.50533066  0.74881852
   0.51909297  0.03687933  0.96141538
   0.60477287  0.94698766  0.84989547
   0.11609753  0.93657651  0.44732114
   0.82309962  0.17518365  0.09690896
   0.02715703  0.02619741  0.36301426
   0.79198443  0.31255382  0.19530352
  -0.00093663  0.00533069  0.24881854
   0.51909297  0.53687935  0.46141535
   0.60477287  0.44698772  0.34989550
   0.07836766  0.47040868  0.05679109
   0.82599120  0.68090594  0.40298675
   0.02590743  0.52805051  0.13681082
   0.79439830  0.81487351  0.30449845
  -0.00117552  0.50529384  0.25112394
   0.52273089  0.02697568  0.03984776
   0.60987663  0.94174995  0.14994570
   0.07836766  0.97040865  0.55679113
   0.82599120  0.18090596  0.90298678
   0.02590743  0.02805048  0.63681079
   0.79439830  0.31487354  0.80449842
  -0.00117552  0.00529385  0.75112394
   0.52273089  0.52697569  0.53984773
   0.60987663  0.44174995  0.64994573
   0.61610936  0.56356730  0.94732965
   0.32307680  0.32464800  0.59690861
   0.52716495  0.47400340  0.86301507
   0.29202807  0.18729708  0.69530226
   0.49909052  0.49466780  0.74882216
   0.01910695  0.96323357  0.96141843
   0.10478950  0.05325268  0.84989938
   0.61610936  0.06356726  0.44732971
   0.32307680  0.82464800  0.09690862
   0.52716495  0.97400337  0.36301504
   0.29202807  0.68729708  0.19530222
   0.49909052  0.99466780  0.24882213
   0.01910695  0.46323360  0.46141843
   0.10478950  0.55325270  0.34989944
   0.32254699  0.16713534  0.50079064
   0.32254699  0.66713540  1.00079067
   0.82256499  0.83288496  0.50078927
   0.82256499  0.33288502  0.00078927
   0.79158750  0.75422792  0.45012108
   0.79158750  0.25422792  0.95012105
   0.29158422  0.24588146  0.45012220
   0.29158422  0.74588146  0.95012220
