   0.25038657  0.25052223  0.10290501
   0.23424494  0.27347108  0.21936343
   0.25038657  0.75052223  0.60290502
   0.23424494  0.77347111  0.71936338
   0.74679988  0.75558328  0.89690035
   0.73216452  0.72604201  0.78105513
   0.74679988  0.25558328  0.39690038
   0.73216452  0.22604203  0.28105507
   0.75040149  0.74924110  0.10290273
   0.73412605  0.72663803  0.21935922
   0.75040149  0.24924113  0.60290275
   0.73412605  0.22663801  0.71935925
   0.24682053  0.24463017  0.89690154
   0.23204179  0.27391577  0.78106160
   0.24682053  0.74463020  0.39690157
   0.23204179  0.77391574  0.28106163
   0.24707473  0.24123343 -0.00432638
   0.24707473  0.74123343  0.49567362
   0.74707434  0.75876690  0.99567621
   0.74707434  0.25876690  0.49567615
   0.29467352  0.24958176  0.34828957
   0.29467352  0.74958176  0.84828960
   0.79469298  0.75070274  0.34830135
   0.79469298  0.25070274  0.84830135
   0.79556229  0.74845529  0.65178906
   0.79556229  0.24845530  0.15178907
   0.28975726  0.24878109  0.54873895
   0.29558324  0.25124748  0.65177626
   0.29558324  0.75124748  0.15177626
   0.28975726  0.74878108  0.04873893
   0.78975387  0.75108052  0.54873993
   0.78975387  0.25108052  0.04873993
   0.58134482  0.53249886  0.05657991
   0.32572751  0.31936697  0.40290413
   0.52571394  0.47207780  0.13692140
   0.29404888  0.18549806  0.30444456
   0.50009977  0.49493947  0.25120933
   0.02041641  0.97058236  0.03990146
   0.10849351  0.05699895  0.14995473
   0.58134482  0.03249886  0.55657989
   0.32572751  0.81936697  0.90290413
   0.52571394  0.97207783  0.63692139
   0.29404888  0.68549803  0.80444456
   0.50009977  0.99493950  0.75120936
   0.02041641  0.47058239  0.53990146
   0.10849351  0.55699900  0.64995476
   0.11531584  0.43685018  0.94725710
   0.82266263  0.67593948  0.59689375
   0.02681300  0.52648910  0.86295357
   0.79159521  0.81224952  0.69543707
   0.00034409  0.50514739  0.74887996
   0.51833081  0.03708467  0.96133881
   0.60508892  0.94662180  0.84981247
   0.11531584  0.93685021  0.44725707
   0.82266263  0.17593948  0.09689377
   0.02681300  0.02648912  0.36295357
   0.79159521  0.31224952  0.19543707
   0.00034409  0.00514742  0.24887997
   0.51833081  0.53708469  0.46133878
   0.60508892  0.44662186  0.34981250
   0.08135131  0.46732841  0.05657630
   0.82569839  0.68082794  0.40290436
   0.02572763  0.52759908  0.13692601
   0.79424531  0.81468668  0.30444603
   0.00012116  0.50508539  0.25120295
   0.52042827  0.02929656  0.03990117
   0.60851982  0.94264269  0.14994767
   0.08135131  0.96732838  0.55657634
   0.82569839  0.18082796  0.90290439
   0.02572763  0.02759906  0.63692598
   0.79424531  0.31468671  0.80444600
   0.00012116  0.00508540  0.75120295
   0.52042827  0.52929656  0.53990114
   0.60851982  0.44264269  0.64994770
   0.61532588  0.56332203  0.94726306
   0.32262825  0.32381507  0.59689429
   0.52682448  0.47380913  0.86294823
   0.29179103  0.18755465  0.69543541
   0.50037176  0.49486792  0.74888684
   0.01834122  0.96304987  0.96134132
   0.10511849  0.05372413  0.84981847
   0.61532588  0.06332199  0.44726312
   0.32262825  0.82381507  0.09689431
   0.52682448  0.97380910  0.36294820
   0.29179103  0.68755465  0.19543536
   0.50037176  0.99486792  0.24888681
   0.01834122  0.46304990  0.46134132
   0.10511849  0.55372415  0.34981853
   0.32210371  0.16730969  0.50074060
   0.32210371  0.66730975  1.00074063
   0.82211585  0.83269742  0.50073969
   0.82211585  0.33269748  0.00073969
   0.79106864  0.75404582  0.45005241
   0.79106864  0.25404582  0.95005238
   0.29106513  0.24609989  0.45005291
   0.29106513  0.74609989  0.95005291
