   0.25145571  0.24708346  0.10377640
   0.23879750  0.27246264  0.21974979
   0.25145571  0.74708346  0.60377642
   0.23879750  0.77246267  0.71974975
   0.74664716  0.75424532  0.89644861
   0.73611877  0.72655680  0.78112383
   0.74664716  0.25424532  0.39644864
   0.73611877  0.22655682  0.28112377
   0.75146240  0.75237917  0.10400090
   0.73743477  0.72798559  0.21967978
   0.75146240  0.25237920  0.60400092
   0.73743477  0.22798557  0.71967981
   0.24647534  0.24632853  0.89640692
   0.23469891  0.27300798  0.78121131
   0.24647534  0.74632856  0.39640695
   0.23469891  0.77300795  0.28121134
   0.24420303  0.24156508 -0.00384642
   0.24420303  0.74156508  0.49615358
   0.74462738  0.75857031  0.99541414
   0.74462738  0.25857031  0.49541408
   0.29472912  0.25063137  0.34758787
   0.29472912  0.75063137  0.84758790
   0.79477174  0.75028247  0.34765254
   0.79477174  0.25028247  0.84765254
   0.79529124  0.74957432  0.65273785
   0.79529124  0.24957434  0.15273786
   0.29097503  0.24784443  0.54886750
   0.29522365  0.24951684  0.65266016
   0.29522365  0.74951684  0.15266016
   0.29097503  0.74784441  0.04886749
   0.79039703  0.75246452  0.54887820
   0.79039703  0.25246452  0.04887820
   0.59779684  0.54778073  0.05626320
   0.32502826  0.32131127  0.40233210
   0.52688032  0.47354615  0.13783809
   0.29286790  0.18673171  0.30372579
   0.50283238  0.49559220  0.25149083
   0.01200924  0.96036394  0.04020250
   0.10433181  0.05265305  0.15048295
   0.59779684  0.04778073  0.55626318
   0.32502826  0.82131127  0.90233210
   0.52688032  0.97354618  0.63783808
   0.29286790  0.68673168  0.80372579
   0.50283238  0.99559222  0.75149086
   0.01200924  0.46036397  0.54020250
   0.10433181  0.55265310  0.65048298
   0.11037897  0.43789192  0.94642704
   0.82231862  0.67947884  0.59712413
   0.02648547  0.52731191  0.86217881
   0.79050212  0.81119426  0.69631354
   0.00260964  0.50453061  0.74880790
   0.51388067  0.03849421  0.96141660
   0.60595260  0.94593583  0.84901252
   0.11037897  0.93789195  0.44642701
   0.82231862  0.17947884  0.09712414
   0.02648547  0.02731193  0.36217881
   0.79050212  0.31119426  0.19631354
   0.00260964  0.00453064  0.24880792
   0.51388067  0.53849423  0.46141657
   0.60595260  0.44593589  0.34901255
   0.09886348  0.45131602  0.05578687
   0.82491688  0.67885957  0.40224201
   0.02699545  0.52509994  0.13790770
   0.79448081  0.81376602  0.30373684
   0.00276131  0.50441847  0.25142893
   0.51001609  0.04177650  0.04049991
   0.60490766  0.94575666  0.15068420
   0.09886348  0.95131599  0.55578691
   0.82491688  0.17885959  0.90224204
   0.02699545  0.02509991  0.63790767
   0.79448081  0.31376605  0.80373681
   0.00276131  0.00441847  0.75142893
   0.51001609  0.54177650  0.54049989
   0.60490766  0.44575666  0.65068423
   0.61122096  0.56271259  0.94676507
   0.32215323  0.32031731  0.59722608
   0.52668661  0.47405236  0.86211619
   0.29209292  0.18816495  0.69627859
   0.50257166  0.49549126  0.74888148
   0.01328866  0.96084898  0.96093428
   0.10643312  0.05560439  0.84881605
   0.61122096  0.06271254  0.44676513
   0.32215323  0.82031731  0.09722610
   0.52668661  0.97405233  0.36211616
   0.29209292  0.68816495  0.19627855
   0.50257166  0.99549126  0.24888145
   0.01328866  0.46084901  0.46093428
   0.10643312  0.55560442  0.34881611
   0.31950724  0.16576896  0.50081273
   0.31950724  0.66576902  1.00081276
   0.81949540  0.83317007  0.50077396
   0.81949540  0.33317013  0.00077396
   0.78864695  0.75317451  0.44959136
   0.78864695  0.25317451  0.94959133
   0.28777765  0.24638582  0.44955228
   0.28777765  0.74638582  0.94955228
