   0.25061275  0.25105530  0.10282429
   0.23282289  0.27355949  0.21928536
   0.25061275  0.75105530  0.60282431
   0.23282289  0.77355952  0.71928532
   0.74692380  0.75570306  0.89691636
   0.73081591  0.72600985  0.78098922
   0.74692380  0.25570306  0.39691639
   0.73081591  0.22600986  0.28098916
   0.75061459  0.74878225  0.10282228
   0.73276739  0.72655767  0.21928487
   0.75061459  0.24878228  0.60282230
   0.73276739  0.22655765  0.71928490
   0.24693155  0.24443715  0.89691745
   0.23075813  0.27392039  0.78099119
   0.24693155  0.74443718  0.39691748
   0.23075813  0.77392036  0.28099122
   0.24738127  0.24101282 -0.00431322
   0.24738127  0.74101282  0.49568678
   0.74737866  0.75898772  0.99568998
   0.74737866  0.25898772  0.49568992
   0.29474211  0.24946925  0.34833059
   0.29474211  0.74946925  0.84833061
   0.79475148  0.75074677  0.34834027
   0.79475148  0.25074677  0.84834027
   0.79590647  0.74819776  0.65167510
   0.79590647  0.24819777  0.15167512
   0.28981477  0.24887369  0.54876046
   0.29591692  0.25156413  0.65166452
   0.29591692  0.75156413  0.15166452
   0.28981477  0.74887367  0.04876045
   0.78981167  0.75103101  0.54876125
   0.78981167  0.25103101  0.04876125
   0.57909580  0.53022156  0.05673910
   0.32595924  0.31924564  0.40296689
   0.52584754  0.47180675  0.13683526
   0.29431603  0.18528948  0.30448788
   0.49912532  0.49477606  0.25114639
   0.02214703  0.97236995  0.03986026
   0.10951102  0.05773267  0.14994694
   0.57909580  0.03022157  0.55673907
   0.32595924  0.81924564  0.90296689
   0.52584754  0.97180678  0.63683524
   0.29431603  0.68528945  0.80448788
   0.49912532  0.99477608  0.75114642
   0.02214703  0.47236998  0.53986026
   0.10951102  0.55773272  0.64994697
   0.11590425  0.43664019  0.94730559
   0.82298425  0.67537155  0.59690115
   0.02709427  0.52625805  0.86300358
   0.79189888  0.81251228  0.69533833
  -0.00061344  0.50529328  0.74883503
   0.51889877  0.03692846  0.96139824
   0.60484829  0.94691046  0.84987857
   0.11590425  0.93664022  0.44730556
   0.82298425  0.17537155  0.09690116
   0.02709427  0.02625807  0.36300358
   0.79189888  0.31251228  0.19533833
  -0.00061344  0.00529331  0.24883504
   0.51889877  0.53692848  0.46139821
   0.60484829  0.44691052  0.34987860
   0.07909757  0.46965449  0.05673559
   0.82592548  0.68088504  0.40296777
   0.02586107  0.52793463  0.13683519
   0.79439329  0.81485216  0.30448926
  -0.00085127  0.50524808  0.25114254
   0.52215724  0.02755245  0.03985911
   0.60953005  0.94197806  0.14994294
   0.07909757  0.96965446  0.55673563
   0.82592548  0.18088505  0.90296780
   0.02586107  0.02793460  0.63683516
   0.79439329  0.31485219  0.80448923
  -0.00085127  0.00524808  0.75114254
   0.52215724  0.52755246  0.53985908
   0.60953005  0.44197806  0.64994297
   0.61591552  0.56350963  0.94731350
   0.32295932  0.32444382  0.59690100
   0.52710263  0.47396277  0.86300323
   0.29197202  0.18732915  0.69533695
   0.49941402  0.49470932  0.74883927
   0.01891174  0.96318907  0.96140112
   0.10486677  0.05335190  0.84988288
   0.61591552  0.06350959  0.44731356
   0.32295932  0.82444382  0.09690102
   0.52710263  0.97396274  0.36300320
   0.29197202  0.68732915  0.19533690
   0.49941402  0.99470932  0.24883924
   0.01891174  0.46318910  0.46140112
   0.10486677  0.55335192  0.34988294
   0.32243293  0.16717301  0.50077901
   0.32243293  0.66717307  1.00077904
   0.82244962  0.83284434  0.50077775
   0.82244962  0.33284440  0.00077775
   0.79144868  0.75418684  0.45010433
   0.79144868  0.25418684  0.95010430
   0.29144535  0.24593040  0.45010531
   0.29144535  0.74593040  0.95010531
