   0.25035585  0.25045517  0.10291394
   0.23438832  0.27345511  0.21937566
   0.25035585  0.75045517  0.60291395
   0.23438832  0.77345514  0.71937562
   0.74677067  0.75557415  0.89689851
   0.73230447  0.72605066  0.78105748
   0.74677067  0.25557415  0.39689854
   0.73230447  0.22605067  0.28105742
   0.75037258  0.74929891  0.10291160
   0.73426107  0.72665268  0.21937096
   0.75037258  0.24929893  0.60291162
   0.73426107  0.22665266  0.71937099
   0.24679314  0.24464865  0.89689972
   0.23217317  0.27391055  0.78106456
   0.24679314  0.74464868  0.39689975
   0.23217317  0.77391052  0.28106459
   0.24703901  0.24126069 -0.00432925
   0.24703901  0.74126069  0.49567075
   0.74703860  0.75873934  0.99567326
   0.74703860  0.25873934  0.49567320
   0.29466250  0.24960558  0.34829045
   0.29466250  0.74960558  0.84829048
   0.79468311  0.75068778  0.34830254
   0.79468311  0.25068778  0.84830254
   0.79552949  0.74846947  0.65179376
   0.79552949  0.24846948  0.15179377
   0.28975054  0.24876952  0.54873558
   0.29555184  0.25122558  0.65178065
   0.29555184  0.75122558  0.15178065
   0.28975054  0.74876950  0.04873557
   0.78974704  0.75108654  0.54873659
   0.78974704  0.25108654  0.04873659
   0.58159712  0.53273769  0.05656168
   0.32570654  0.31938454  0.40289544
   0.52570683  0.47210987  0.13693154
   0.29401194  0.18551741  0.30443760
   0.50019809  0.49495583  0.25121540
   0.02024706  0.97038211  0.03990819
   0.10838253  0.05691310  0.14995476
   0.58159712  0.03273769  0.55656166
   0.32570654  0.81938454  0.90289544
   0.52570683  0.97210990  0.63693153
   0.29401194  0.68551738  0.80443760
   0.50019809  0.99495586  0.75121543
   0.02024706  0.47038214  0.53990818
   0.10838253  0.55691315  0.64995479
   0.11525735  0.43687282  0.94725178
   0.82263178  0.67600137  0.59688972
   0.02678220  0.52651495  0.86294705
   0.79156558  0.81223277  0.69545364
   0.00043961  0.50513324  0.74888498
   0.51827457  0.03710167  0.96133283
   0.60511337  0.94659145  0.84980603
   0.11525735  0.93687285  0.44725175
   0.82263178  0.17600137  0.09688973
   0.02678220  0.02651497  0.36294705
   0.79156558  0.31223277  0.19545364
   0.00043961  0.00513327  0.24888500
   0.51827457  0.53710170  0.46133280
   0.60511337  0.44659151  0.34980606
   0.08160373  0.46708397  0.05655812
   0.82567793  0.68081802  0.40289562
   0.02571989  0.52755898  0.13693679
   0.79422490  0.81467254  0.30443905
   0.00021926  0.50506870  0.25120868
   0.52025872  0.02949194  0.03990803
   0.60840935  0.94271990  0.14994727
   0.08160373  0.96708394  0.55655816
   0.82567793  0.18081804  0.90289565
   0.02571989  0.02755895  0.63693676
   0.79422490  0.31467257  0.80443902
   0.00021926  0.00506870  0.75120868
   0.52025872  0.52949195  0.53990800
   0.60840935  0.44271990  0.64994730
   0.61526706  0.56330248  0.94725752
   0.32259606  0.32374599  0.59689034
   0.52679344  0.47379288  0.86294105
   0.29177827  0.18756645  0.69545198
   0.50046740  0.49488339  0.74889224
   0.01828453  0.96303528  0.96133535
   0.10514393  0.05376505  0.84981227
   0.61526706  0.06330244  0.44725758
   0.32259606  0.82374599  0.09689036
   0.52679344  0.97379285  0.36294102
   0.29177827  0.68756645  0.19545193
   0.50046740  0.99488339  0.24889221
   0.01828453  0.46303531  0.46133535
   0.10514393  0.55376507  0.34981233
   0.32207384  0.16732836  0.50074050
   0.32207384  0.66732842  1.00074053
   0.82208551  0.83267795  0.50073965
   0.82208551  0.33267801  0.00073965
   0.79103178  0.75403373  0.45004918
   0.79103178  0.25403373  0.95004915
   0.29102809  0.24611502  0.45004962
   0.29102809  0.74611502  0.95004962
