   0.25023942  0.25001259  0.10298610
   0.23544086  0.27336537  0.21943791
   0.25023942  0.75001259  0.60298612
   0.23544086  0.77336540  0.71943786
   0.74663129  0.75546966  0.89687867
   0.73335387  0.72609164  0.78110561
   0.74663129  0.25546966  0.39687870
   0.73335387  0.22609166  0.28110555
   0.75027085  0.74966734  0.10298287
   0.73523845  0.72672554  0.21942895
   0.75027085  0.24966737  0.60298289
   0.73523845  0.22672553  0.71942898
   0.24666940  0.24482784  0.89688024
   0.23314506  0.27389143  0.78111776
   0.24666940  0.74482786  0.39688027
   0.23314506  0.77389140  0.28111779
   0.24683850  0.24146095 -0.00434084
   0.24683850  0.74146095  0.49565916
   0.74683796  0.75853578  0.99566162
   0.74683796  0.25853578  0.49566156
   0.29455719  0.24972703  0.34825796
   0.29455719  0.74972703  0.84825799
   0.79459071  0.75063132  0.34827244
   0.79459071  0.25063132  0.84827244
   0.79528359  0.74864388  0.65187367
   0.79528359  0.24864390  0.15187368
   0.28977172  0.24869450  0.54872559
   0.29531874  0.25099375  0.65185826
   0.29531874  0.75099375  0.15185826
   0.28977172  0.74869448  0.04872558
   0.78976911  0.75112429  0.54872675
   0.78976911  0.25112429  0.04872674
   0.58358175  0.53467570  0.05643251
   0.32548539  0.31949491  0.40283680
   0.52565415  0.47235589  0.13701083
   0.29364622  0.18576732  0.30438838
   0.50094436  0.49509855  0.25126866
   0.01885101  0.96885949  0.03995880
   0.10751637  0.05625279  0.14996308
   0.58358175  0.03467571  0.55643249
   0.32548539  0.81949491  0.90283680
   0.52565415  0.97235592  0.63701082
   0.29364622  0.68576729  0.80438838
   0.50094436  0.99509858  0.75126869
   0.01885101  0.46885952  0.53995880
   0.10751637  0.55625284  0.64996311
   0.11475422  0.43707882  0.94721333
   0.82241939  0.67651270  0.59689039
   0.02646716  0.52674691  0.86289541
   0.79133341  0.81196866  0.69554983
   0.00116610  0.50499672  0.74891938
   0.51783375  0.03722355  0.96128071
   0.60531902  0.94629686  0.84974383
   0.11475422  0.93707885  0.44721330
   0.82241939  0.17651270  0.09689041
   0.02646716  0.02674693  0.36289541
   0.79133341  0.31196866  0.19554983
   0.00116610  0.00499675  0.24891940
   0.51783375  0.53722358  0.46128068
   0.60531902  0.44629692  0.34974386
   0.08358909  0.46510674  0.05643040
   0.82546271  0.68077347  0.40283634
   0.02566550  0.52724875  0.13702179
   0.79400860  0.81446537  0.30439021
   0.00096304  0.50491880  0.25125876
   0.51886269  0.03097794  0.03996020
   0.60754933  0.94331112  0.14995122
   0.08358909  0.96510671  0.55643044
   0.82546271  0.18077348  0.90283637
   0.02566550  0.02724872  0.63702176
   0.79400860  0.31446540  0.80439018
   0.00096304  0.00491881  0.75125876
   0.51886269  0.53097795  0.53996017
   0.60754933  0.44331112  0.64995125
   0.61476367  0.56312271  0.94721713
   0.32237167  0.32317219  0.59689186
   0.52648107  0.47363868  0.86288335
   0.29169800  0.18778596  0.69554763
   0.50119348  0.49502648  0.74893005
   0.01784255  0.96293639  0.96128381
   0.10536121  0.05414497  0.84975258
   0.61476367  0.06312267  0.44721719
   0.32237167  0.82317219  0.09689188
   0.52648107  0.97363865  0.36288332
   0.29169800  0.68778596  0.19554759
   0.50119348  0.99502648  0.24893002
   0.01784255  0.46293642  0.46128381
   0.10536121  0.55414499  0.34975264
   0.32185422  0.16746876  0.50071294
   0.32185422  0.66746882  1.00071297
   0.82186270  0.83253369  0.50071241
   0.82186270  0.33253375  0.00071241
   0.79077308  0.75391608  0.45000693
   0.79077308  0.25391608  0.95000690
   0.29076808  0.24625994  0.45000679
   0.29076808  0.74625994  0.95000679
