   0.25034128  0.24868630  0.10327137
   0.23755106  0.27284914  0.21959686
   0.25034128  0.74868630  0.60327139
   0.23755106  0.77284917  0.71959681
   0.74617387  0.75509858  0.89673015
   0.73543751  0.72650088  0.78116724
   0.74617387  0.25509858  0.39673018
   0.73543751  0.22650090  0.28116718
   0.75050959  0.75066104  0.10329888
   0.73706489  0.72716688  0.21957362
   0.75050959  0.25066107  0.60329890
   0.73706489  0.22716686  0.71957365
   0.24624289  0.24548440  0.89673046
   0.23493103  0.27355132  0.78119767
   0.24624289  0.74548443  0.39673049
   0.23493103  0.77355129  0.28119770
   0.24609904  0.24212804 -0.00436755
   0.24609904  0.74212804  0.49563245
   0.74618094  0.75785643  0.99559714
   0.74618094  0.25785643  0.49559708
   0.29431861  0.25010776  0.34801742
   0.29431861  0.75010776  0.84801745
   0.79437919  0.75051199  0.34804143
   0.79437919  0.25051199  0.84804143
   0.79493685  0.74907736  0.65222611
   0.79493685  0.24907738  0.15222612
   0.29015220  0.24852422  0.54876317
   0.29500374  0.25029840  0.65220052
   0.29500374  0.75029840  0.15220052
   0.29015220  0.74852420  0.04876316
   0.79008771  0.75131897  0.54876202
   0.79008771  0.25131897  0.04876201
   0.58967040  0.54034393  0.05617058
   0.32502005  0.31992673  0.40259670
   0.52601450  0.47303500  0.13735717
   0.29274614  0.18685095  0.30416467
   0.50231752  0.49551921  0.25140804
   0.01517430  0.96452161  0.04017869
   0.10550532  0.05436760  0.15011013
   0.58967040  0.04034394  0.55617056
   0.32502005  0.81992673  0.90259670
   0.52601450  0.97303503  0.63735716
   0.29274614  0.68685092  0.80416467
   0.50231752  0.99551924  0.75140807
   0.01517430  0.46452164  0.54017868
   0.10550532  0.55436766  0.65011016
   0.11320362  0.43761239  0.94706796
   0.82234735  0.67801482  0.59698105
   0.02578342  0.52736842  0.86262821
   0.79078274  0.81094142  0.69589924
   0.00245488  0.50458899  0.74894491
   0.51648241  0.03748911  0.96112585
   0.60593578  0.94555936  0.84946787
   0.11320362  0.93761242  0.44706793
   0.82234735  0.17801482  0.09698106
   0.02578342  0.02736845  0.36262821
   0.79078274  0.31094142  0.19589924
   0.00245488  0.00458902  0.24894492
   0.51648241  0.53748913  0.46112582
   0.60593578  0.44555942  0.34946790
   0.08966110  0.45950213  0.05613302
   0.82494035  0.68061023  0.40258851
   0.02601821  0.52627138  0.13739874
   0.79364829  0.81352517  0.30416485
   0.00233041  0.50445577  0.25138580
   0.51501009  0.03554060  0.04022389
   0.60560078  0.94486046  0.15010255
   0.08966110  0.95950210  0.55613306
   0.82494035  0.18061024  0.90258854
   0.02601821  0.02627136  0.63739871
   0.79364829  0.31352520  0.80416482
   0.00233041  0.00445577  0.75138580
   0.51501009  0.53554061  0.54022386
   0.60560078  0.44486046  0.65010258
   0.61320898  0.56253617  0.94705712
   0.32208150  0.32152681  0.59699438
   0.52580331  0.47333556  0.86259404
   0.29164024  0.18864209  0.69589597
   0.50248095  0.49544622  0.74897041
   0.01642658  0.96252012  0.96108985
   0.10602025  0.05521515  0.84948526
   0.61320898  0.06253613  0.44705718
   0.32208150  0.82152681  0.09699439
   0.52580331  0.97333553  0.36259401
   0.29164024  0.68864209  0.19589593
   0.50248095  0.99544622  0.24897038
   0.01642658  0.46252015  0.46108985
   0.10602025  0.55521517  0.34948532
   0.32137506  0.16783451  0.50068348
   0.32137506  0.66783457  1.00068351
   0.82120207  0.83206627  0.50067469
   0.82120207  0.33206633  0.00067469
   0.78985408  0.75343481  0.44982561
   0.78985408  0.25343481  0.94982558
   0.28984862  0.24671510  0.44982417
   0.28984862  0.74671510  0.94982417
