   0.25073722  0.25132121  0.10279053
   0.23210809  0.27358719  0.21924444
   0.25073722  0.75132121  0.60279055
   0.23210809  0.77358722  0.71924440
   0.74696031  0.75576747  0.89691654
   0.73016735  0.72601879  0.78095542
   0.74696031  0.25576747  0.39691657
   0.73016735  0.22601880  0.28095536
   0.75073433  0.74854507  0.10278861
   0.73207433  0.72653238  0.21924531
   0.75073433  0.24854510  0.60278863
   0.73207433  0.22653237  0.71924534
   0.24696318  0.24434374  0.89691763
   0.23013147  0.27389920  0.78095578
   0.24696318  0.74434377  0.39691766
   0.23013147  0.77389917  0.28095581
   0.24756522  0.24090848 -0.00430890
   0.24756522  0.74090848  0.49569110
   0.74756098  0.75909062  0.99569458
   0.74756098  0.25909062  0.49569452
   0.29474935  0.24940854  0.34833906
   0.29474935  0.74940854  0.84833909
   0.79475502  0.75077895  0.34834810
   0.79475502  0.25077895  0.84834810
   0.79608923  0.74807756  0.65163760
   0.79608923  0.24807757  0.15163762
   0.28987439  0.24892350  0.54877289
   0.29609591  0.25170852  0.65162781
   0.29609591  0.75170852  0.15162781
   0.28987439  0.74892349  0.04877288
   0.78987151  0.75100007  0.54877358
   0.78987151  0.25100007  0.04877357
   0.57796327  0.52903900  0.05682534
   0.32606683  0.31919198  0.40299530
   0.52592127  0.47165729  0.13679882
   0.29436102  0.18523668  0.30450789
   0.49861995  0.49470420  0.25111516
   0.02306382  0.97329072  0.03984545
   0.11004663  0.05811102  0.14994706
   0.57796327  0.02903901  0.55682532
   0.32606683  0.81919198  0.90299530
   0.52592127  0.97165732  0.63679880
   0.29436102  0.68523665  0.80450789
   0.49861995  0.99470423  0.75111519
   0.02306382  0.47329075  0.53984544
   0.11004663  0.55811107  0.64994709
   0.11621568  0.43652637  0.94733160
   0.82316303  0.67508550  0.59690731
   0.02718940  0.52615945  0.86302104
   0.79203195  0.81256964  0.69527112
  -0.00111654  0.50535089  0.74880938
   0.51919912  0.03684357  0.96142945
   0.60472373  0.94703449  0.84990850
   0.11621568  0.93652640  0.44733157
   0.82316303  0.17508550  0.09690733
   0.02718940  0.02615947  0.36302104
   0.79203195  0.31256964  0.19527112
  -0.00111654  0.00535092  0.24880939
   0.51919912  0.53684360  0.46142942
   0.60472373  0.44703455  0.34990853
   0.07796322  0.47085896  0.05682202
   0.82603137  0.68091264  0.40299650
   0.02593533  0.52811075  0.13679719
   0.79439723  0.81488748  0.30450906
  -0.00135616  0.50531829  0.25111214
   0.52307367  0.02665162  0.03984401
   0.61006366  0.94162814  0.14994411
   0.07796322  0.97085893  0.55682207
   0.82603137  0.18091266  0.90299653
   0.02593533  0.02811072  0.63679716
   0.79439723  0.31488751  0.80450903
  -0.00135616  0.00531830  0.75111214
   0.52307367  0.52665163  0.53984399
   0.61006366  0.44162814  0.64994414
   0.61622754  0.56361458  0.94734038
   0.32314127  0.32475441  0.59690689
   0.52719757  0.47403019  0.86302238
   0.29206144  0.18728575  0.69526991
   0.49891055  0.49464538  0.74881275
   0.01921347  0.96326699  0.96143257
   0.10473944  0.05319387  0.84991225
   0.61622754  0.06361454  0.44734044
   0.32314127  0.82475441  0.09690690
   0.52719757  0.97403016  0.36302235
   0.29206144  0.68728575  0.19526986
   0.49891055  0.99464538  0.24881272
   0.01921347  0.46326702  0.46143257
   0.10473944  0.55319389  0.34991231
   0.32261608  0.16712098  0.50080625
   0.32261608  0.66712104  1.00080628
   0.82263487  0.83290083  0.50080483
   0.82263487  0.33290089  0.00080483
   0.79163328  0.75424856  0.45012662
   0.79163328  0.25424856  0.95012659
   0.29162883  0.24585832  0.45012769
   0.29162883  0.74585832  0.95012769
