   0.25056507  0.25098370  0.10283561
   0.23304213  0.27357070  0.21929453
   0.25056507  0.75098370  0.60283563
   0.23304213  0.77357073  0.71929448
   0.74689341  0.75568186  0.89691359
   0.73101899  0.72599488  0.78100238
   0.74689341  0.25568186  0.39691362
   0.73101899  0.22599489  0.28100232
   0.75056840  0.74884390  0.10283356
   0.73297840  0.72654583  0.21929356
   0.75056840  0.24884393  0.60283358
   0.73297840  0.22654582  0.71929359
   0.24690278  0.24446828  0.89691472
   0.23095283  0.27393892  0.78100492
   0.24690278  0.74446831  0.39691475
   0.23095283  0.77393889  0.28100495
   0.24731327  0.24104338 -0.00431389
   0.24731327  0.74104338  0.49568611
   0.74731106  0.75895731  0.99568921
   0.74731106  0.25895731  0.49568915
   0.29473402  0.24948727  0.34832839
   0.29473402  0.74948727  0.84832842
   0.79474483  0.75073810  0.34833841
   0.79474483  0.25073810  0.84833841
   0.79584393  0.74824291  0.65169326
   0.79584393  0.24824292  0.15169327
   0.28980417  0.24886001  0.54875701
   0.29585587  0.25151088  0.65168233
   0.29585587  0.75151088  0.15168233
   0.28980417  0.74885999  0.04875700
   0.78980105  0.75103875  0.54875782
   0.78980105  0.25103875  0.04875782
   0.57945991  0.53059419  0.05671376
   0.32593845  0.31926955  0.40295864
   0.52583146  0.47185567  0.13684530
   0.29429768  0.18530531  0.30448282
   0.49928403  0.49480000  0.25115759
   0.02186367  0.97208016  0.03986640
   0.10933871  0.05761217  0.14994611
   0.57945991  0.03059420  0.55671374
   0.32593845  0.81926955  0.90295864
   0.52583146  0.97185570  0.63684528
   0.29429768  0.68530528  0.80448282
   0.49928403  0.99480003  0.75115762
   0.02186367  0.47208019  0.53986639
   0.10933871  0.55761223  0.64994614
   0.11580743  0.43667510  0.94729789
   0.82293928  0.67546263  0.59690051
   0.02706007  0.52628897  0.86299779
   0.79186256  0.81247198  0.69534607
  -0.00045525  0.50527154  0.74884245
   0.51881023  0.03695539  0.96139032
   0.60488192  0.94687213  0.84986873
   0.11580743  0.93667513  0.44729786
   0.82293928  0.17546263  0.09690052
   0.02706007  0.02628899  0.36299779
   0.79186256  0.31247198  0.19534607
  -0.00045525  0.00527157  0.24884247
   0.51881023  0.53695541  0.46139029
   0.60488192  0.44687219  0.34986876
   0.07946269  0.46927456  0.05671021
   0.82590553  0.68087043  0.40295944
   0.02584520  0.52787658  0.13684585
   0.79439099  0.81484269  0.30448412
  -0.00069280  0.50522457  0.25115341
   0.52187454  0.02783576  0.03986536
   0.60935909  0.94208914  0.14994170
   0.07946269  0.96927453  0.55671025
   0.82590553  0.18087045  0.90295947
   0.02584520  0.02787655  0.63684582
   0.79439099  0.31484271  0.80448409
  -0.00069280  0.00522458  0.75115341
   0.52187454  0.52783577  0.53986534
   0.60935909  0.44208914  0.64994173
   0.61581862  0.56347769  0.94730549
   0.32291317  0.32434397  0.59690045
   0.52706907  0.47394295  0.86299677
   0.29195197  0.18736431  0.69534471
   0.49957220  0.49473293  0.74884701
   0.01882297  0.96316424  0.96139312
   0.10490243  0.05340164  0.84987325
   0.61581862  0.06347765  0.44730555
   0.32291317  0.82434397  0.09690046
   0.52706907  0.97394292  0.36299674
   0.29195197  0.68736431  0.19534466
   0.49957220  0.99473293  0.24884698
   0.01882297  0.46316427  0.46139312
   0.10490243  0.55340167  0.34987331
   0.32239068  0.16718958  0.50077250
   0.32239068  0.66718964  1.00077253
   0.82240653  0.83282604  0.50077129
   0.82240653  0.33282610  0.00077129
   0.79137977  0.75416493  0.45009726
   0.79137977  0.25416493  0.95009723
   0.29137670  0.24595632  0.45009822
   0.29137670  0.74595632  0.95009822
