   0.25060157  0.25102136  0.10282777
   0.23291880  0.27356010  0.21928503
   0.25060157  0.75102136  0.60282779
   0.23291880  0.77356013  0.71928498
   0.74692614  0.75569247  0.89691661
   0.73090228  0.72600485  0.78099784
   0.74692614  0.25569247  0.39691664
   0.73090228  0.22600487  0.28099778
   0.75060416  0.74881201  0.10282575
   0.73286001  0.72655682  0.21928435
   0.75060416  0.24881204  0.60282577
   0.73286001  0.22655680  0.71928438
   0.24693459  0.24445184  0.89691771
   0.23084105  0.27392689  0.78100003
   0.24693459  0.74445187  0.39691774
   0.23084105  0.77392686  0.28100006
   0.24735895  0.24102903 -0.00431118
   0.24735895  0.74102903  0.49568882
   0.74735644  0.75897169  0.99569197
   0.74735644  0.25897169  0.49569191
   0.29474256  0.24947331  0.34832685
   0.29474256  0.74947331  0.84832688
   0.79475262  0.75074755  0.34833663
   0.79475262  0.25074755  0.84833663
   0.79587919  0.74822380  0.65168255
   0.79587919  0.24822381  0.15168256
   0.28982245  0.24886161  0.54876156
   0.29589030  0.25153400  0.65167183
   0.29589030  0.75153400  0.15167183
   0.28982245  0.74886159  0.04876155
   0.78981957  0.75104003  0.54876240
   0.78981957  0.25104003  0.04876240
   0.57922428  0.53036291  0.05672896
   0.32594320  0.31924820  0.40296307
   0.52583717  0.47182155  0.13683859
   0.29430929  0.18529932  0.30448658
   0.49917755  0.49478227  0.25115055
   0.02203423  0.97226838  0.03986161
   0.10945375  0.05769571  0.14994683
   0.57922428  0.03036291  0.55672894
   0.32594320  0.81924820  0.90296307
   0.52583717  0.97182158  0.63683857
   0.29430929  0.68529929  0.80448658
   0.49917755  0.99478230  0.75115058
   0.02203423  0.47226841  0.53986160
   0.10945375  0.55769576  0.64994686
   0.11586777  0.43664870  0.94730234
   0.82296127  0.67540797  0.59690069
   0.02707754  0.52626736  0.86300164
   0.79188362  0.81249920  0.69534395
  -0.00056166  0.50528493  0.74883776
   0.51886598  0.03693431  0.96139411
   0.60486084  0.94689109  0.84987511
   0.11586777  0.93664873  0.44730231
   0.82296127  0.17540797  0.09690071
   0.02707754  0.02626738  0.36300164
   0.79188362  0.31249920  0.19534395
  -0.00056166  0.00528496  0.24883778
   0.51886598  0.53693433  0.46139408
   0.60486084  0.44689115  0.34987514
   0.07922644  0.46951050  0.05672543
   0.82590973  0.68088550  0.40296392
   0.02585069  0.52791679  0.13683871
   0.79439242  0.81484465  0.30448797
  -0.00079914  0.50524205  0.25114658
   0.52204472  0.02765169  0.03986049
   0.60947337  0.94201186  0.14994271
   0.07922644  0.96951047  0.55672548
   0.82590973  0.18088552  0.90296395
   0.02585069  0.02791676  0.63683868
   0.79439242  0.31484468  0.80448794
  -0.00079914  0.00524206  0.75114658
   0.52204472  0.52765170  0.53986047
   0.60947337  0.44201186  0.64994274
   0.61587900  0.56350209  0.94731015
   0.32293591  0.32440453  0.59690058
   0.52708603  0.47395721  0.86300107
   0.29196240  0.18734044  0.69534253
   0.49946579  0.49471824  0.74884211
   0.01887889  0.96318383  0.96139697
   0.10488022  0.05337501  0.84987948
   0.61587900  0.06350204  0.44731021
   0.32293591  0.82440453  0.09690060
   0.52708603  0.97395718  0.36300104
   0.29196240  0.68734044  0.19534249
   0.49946579  0.99471824  0.24884208
   0.01887889  0.46318386  0.46139697
   0.10488022  0.55337504  0.34987953
   0.32241000  0.16718015  0.50077477
   0.32241000  0.66718021  1.00077480
   0.82242640  0.83283658  0.50077352
   0.82242640  0.33283664  0.00077352
   0.79141718  0.75417262  0.45010121
   0.79141718  0.25417262  0.95010118
   0.29141411  0.24594683  0.45010220
   0.29141411  0.74594683  0.95010220
