   0.25072759  0.25127164  0.10279284
   0.23223230  0.27358250  0.21924638
   0.25072759  0.75127164  0.60279286
   0.23223230  0.77358253  0.71924634
   0.74697423  0.75575761  0.89691837
   0.73027829  0.72601942  0.78096358
   0.74697423  0.25575761  0.39691840
   0.73027829  0.22601944  0.28096352
   0.75072583  0.74859066  0.10279092
   0.73219541  0.72653800  0.21924707
   0.75072583  0.24859069  0.60279094
   0.73219541  0.22653798  0.71924710
   0.24697799  0.24435799  0.89691941
   0.23023952  0.27389992  0.78096418
   0.24697799  0.74435802  0.39691944
   0.23023952  0.77389989  0.28096421
   0.24754392  0.24092593 -0.00430576
   0.24754392  0.74092593  0.49569424
   0.74753996  0.75907339  0.99569764
   0.74753996  0.25907339  0.49569758
   0.29474959  0.24942135  0.34834016
   0.29474959  0.74942135  0.84834019
   0.79475616  0.75077386  0.34834926
   0.79475616  0.25077386  0.84834926
   0.79604423  0.74811374  0.65164404
   0.79604423  0.24811376  0.15164406
   0.28986135  0.24890430  0.54877168
   0.29605181  0.25166653  0.65163406
   0.29605181  0.75166653  0.15163406
   0.28986135  0.74890428  0.04877167
   0.78985844  0.75101427  0.54877240
   0.78985844  0.25101427  0.04877239
   0.57814105  0.52926301  0.05680841
   0.32604252  0.31919145  0.40299129
   0.52589805  0.47167797  0.13680630
   0.29435317  0.18524344  0.30449389
   0.49870227  0.49471655  0.25112244
   0.02289657  0.97314167  0.03984481
   0.10995895  0.05805428  0.14995121
   0.57814105  0.02926301  0.55680839
   0.32604252  0.81919145  0.90299129
   0.52589805  0.97167800  0.63680628
   0.29435317  0.68524341  0.80449389
   0.49870227  0.99471658  0.75112247
   0.02289657  0.47314170  0.53984480
   0.10995895  0.55805433  0.64995124
   0.11616294  0.43656079  0.94732547
   0.82312316  0.67512747  0.59691216
   0.02717655  0.52617850  0.86301603
   0.79200440  0.81257343  0.69530093
  -0.00103532  0.50534175  0.74881470
   0.51916266  0.03686213  0.96141947
   0.60474876  0.94701151  0.84989937
   0.11616294  0.93656082  0.44732544
   0.82312316  0.17512747  0.09691218
   0.02717655  0.02617853  0.36301603
   0.79200440  0.31257343  0.19530093
  -0.00103532  0.00534178  0.24881472
   0.51916266  0.53686215  0.46141944
   0.60474876  0.44701157  0.34989940
   0.07814038  0.47063062  0.05680505
   0.82600726  0.68091710  0.40299238
   0.02591100  0.52808534  0.13680484
   0.79439495  0.81488383  0.30449508
  -0.00127381  0.50530649  0.25111929
   0.52290578  0.02679684  0.03984342
   0.60997568  0.94167980  0.14994814
   0.07814038  0.97063059  0.55680509
   0.82600726  0.18091711  0.90299241
   0.02591100  0.02808531  0.63680481
   0.79439495  0.31488385  0.80449505
  -0.00127381  0.00530649  0.75111929
   0.52290578  0.52679684  0.53984339
   0.60997568  0.44167980  0.64994817
   0.61617506  0.56358124  0.94733413
   0.32310087  0.32470893  0.59691177
   0.52718336  0.47401712  0.86301720
   0.29203972  0.18727997  0.69529969
   0.49899179  0.49465554  0.74881822
   0.01917680  0.96324944  0.96142256
   0.10476401  0.05322350  0.84990316
   0.61617506  0.06358119  0.44733419
   0.32310087  0.82470893  0.09691178
   0.52718336  0.97401709  0.36301717
   0.29203972  0.68727997  0.19529964
   0.49899179  0.99465554  0.24881819
   0.01917680  0.46324947  0.46142256
   0.10476401  0.55322352  0.34990322
   0.32257982  0.16712392  0.50079181
   0.32257982  0.66712398  1.00079183
   0.82259823  0.83289732  0.50079040
   0.82259823  0.33289738  0.00079040
   0.79162017  0.75424155  0.45012449
   0.79162017  0.25424155  0.95012446
   0.29161627  0.24586622  0.45012556
   0.29161627  0.74586622  0.95012556
