   0.25018355  0.24953221  0.10307333
   0.23643386  0.27322241  0.21949903
   0.25018355  0.74953221  0.60307335
   0.23643386  0.77322244  0.71949899
   0.74649994  0.75535280  0.89684272
   0.73439351  0.72620721  0.78115269
   0.74649994  0.25535280  0.39684275
   0.73439351  0.22620723  0.28115263
   0.75023005  0.75005972  0.10306634
   0.73614756  0.72684681  0.21948570
   0.75023005  0.25005975  0.60306636
   0.73614756  0.22684680  0.71948573
   0.24656151  0.24503386  0.89684567
   0.23409505  0.27379836  0.78117030
   0.24656151  0.74503389  0.39684570
   0.23409505  0.77379833  0.28117033
   0.24669533  0.24169176 -0.00435791
   0.24669533  0.74169176  0.49564209
   0.74667961  0.75826577  0.99564606
   0.74667961  0.25826577  0.49564600
   0.29441601  0.24985688  0.34820095
   0.29441601  0.74985688  0.84820098
   0.79446156  0.75059058  0.34821194
   0.79446156  0.25059058  0.84821194
   0.79505866  0.74885921  0.65200545
   0.79505866  0.24885922  0.15200546
   0.28986114  0.24863714  0.54871994
   0.29510762  0.25069953  0.65199069
   0.29510762  0.75069953  0.15199069
   0.28986114  0.74863712  0.04871993
   0.78986431  0.75113031  0.54872172
   0.78986431  0.25113031  0.04872171
   0.58574622  0.53675589  0.05629585
   0.32522595  0.31959742  0.40276256
   0.52563942  0.47259946  0.13711722
   0.29315696  0.18619570  0.30431839
   0.50165012  0.49527535  0.25132680
   0.01738278  0.96720583  0.04003106
   0.10664881  0.05554970  0.14998940
   0.58574622  0.03675590  0.55629583
   0.32522595  0.81959742  0.90276256
   0.52563942  0.97259949  0.63711721
   0.29315696  0.68619567  0.80431839
   0.50165012  0.99527538  0.75132683
   0.01738278  0.46720586  0.54003105
   0.10664881  0.55554975  0.64998943
   0.11421355  0.43733137  0.94717264
   0.82225359  0.67708720  0.59690264
   0.02605512  0.52705044  0.86281546
   0.79108624  0.81151952  0.69566440
   0.00184439  0.50483361  0.74894555
   0.51737220  0.03736821  0.96121259
   0.60558290  0.94592969  0.84966253
   0.11421355  0.93733140  0.44717261
   0.82225359  0.17708720  0.09690265
   0.02605512  0.02705046  0.36281546
   0.79108624  0.31151952  0.19566440
   0.00184439  0.00483364  0.24894557
   0.51737220  0.53736823  0.46121256
   0.60558290  0.44592975  0.34966256
   0.08574288  0.46299338  0.05630066
   0.82521137  0.68075519  0.40276141
   0.02564670  0.52693214  0.13713567
   0.79371394  0.81408930  0.30432450
   0.00166816  0.50473126  0.25131361
   0.51739046  0.03259274  0.04003592
   0.60667648  0.94393138  0.14996922
   0.08574288  0.96299335  0.55630070
   0.82521137  0.18075520  0.90276144
   0.02564670  0.02693212  0.63713564
   0.79371394  0.31408933  0.80432447
   0.00166816  0.00473127  0.75131361
   0.51739046  0.53259275  0.54003589
   0.60667648  0.44393138  0.64996925
   0.61422630  0.56290938  0.94717400
   0.32218602  0.32251065  0.59690522
   0.52607670  0.47342773  0.86279594
   0.29163816  0.18817448  0.69565903
   0.50187248  0.49519578  0.74896055
   0.01738744  0.96283384  0.96122104
   0.10562253  0.05462850  0.84967646
   0.61422630  0.06290934  0.44717406
   0.32218602  0.82251065  0.09690523
   0.52607670  0.97342770  0.36279591
   0.29163816  0.68817448  0.19565898
   0.50187248  0.99519578  0.24896052
   0.01738744  0.46283387  0.46122104
   0.10562253  0.55462852  0.34967652
   0.32166222  0.16766962  0.50069230
   0.32166222  0.66766968  1.00069232
   0.82166652  0.83233046  0.50069232
   0.82166652  0.33233052  0.00069232
   0.79053744  0.75376838  0.44994585
   0.79053744  0.25376838  0.94994582
   0.29052637  0.24644168  0.44994452
   0.29052637  0.74644168  0.94994452
