   0.25072988  0.25131633  0.10279143
   0.23211514  0.27359844  0.21924751
   0.25072988  0.75131633  0.60279144
   0.23211514  0.77359847  0.71924747
   0.74694896  0.75576375  0.89691686
   0.73017600  0.72601770  0.78095323
   0.74694896  0.25576375  0.39691689
   0.73017600  0.22601771  0.28095317
   0.75072752  0.74854972  0.10278951
   0.73208070  0.72652139  0.21924833
   0.75072752  0.24854975  0.60278954
   0.73208070  0.22652137  0.71924836
   0.24695181  0.24434694  0.89691791
   0.23013996  0.27389996  0.78095367
   0.24695181  0.74434697  0.39691794
   0.23013996  0.77389993  0.28095370
   0.24755581  0.24091583 -0.00430780
   0.24755581  0.74091583  0.49569220
   0.74755116  0.75908296  0.99569564
   0.74755116  0.25908296  0.49569558
   0.29474768  0.24941049  0.34834103
   0.29474768  0.74941049  0.84834106
   0.79475326  0.75077707  0.34835009
   0.79475326  0.25077707  0.84835009
   0.79608722  0.74807132  0.65163058
   0.79608722  0.24807133  0.15163059
   0.28987043  0.24892478  0.54877297
   0.29609375  0.25171463  0.65162074
   0.29609375  0.75171463  0.15162074
   0.28987043  0.74892477  0.04877296
   0.78986717  0.75099835  0.54877369
   0.78986717  0.25099835  0.04877368
   0.57802052  0.52909464  0.05682292
   0.32606734  0.31919791  0.40299507
   0.52592987  0.47166559  0.13680032
   0.29436071  0.18523356  0.30450578
   0.49866022  0.49471042  0.25111792
   0.02301758  0.97324523  0.03984507
   0.11002479  0.05808812  0.14994761
   0.57802052  0.02909464  0.55682290
   0.32606734  0.81919791  0.90299507
   0.52592987  0.97166562  0.63680030
   0.29436071  0.68523354  0.80450578
   0.49866022  0.99471045  0.75111795
   0.02301758  0.47324526  0.53984506
   0.11002479  0.55808817  0.64994764
   0.11619857  0.43654124  0.94732959
   0.82316230  0.67510053  0.59690897
   0.02719188  0.52616689  0.86302056
   0.79202766  0.81257652  0.69528137
  -0.00107712  0.50534929  0.74881216
   0.51918958  0.03685165  0.96142703
   0.60473179  0.94703383  0.84990646
   0.11619857  0.93654127  0.44732956
   0.82316230  0.17510053  0.09690899
   0.02719188  0.02616691  0.36302056
   0.79202766  0.31257652  0.19528137
  -0.00107712  0.00534932  0.24881218
   0.51918958  0.53685168  0.46142700
   0.60473179  0.44703389  0.34990649
   0.07802050  0.47080270  0.05681960
   0.82603197  0.68090793  0.40299629
   0.02594400  0.52810162  0.13679876
   0.79439854  0.81489129  0.30450693
  -0.00131602  0.50531190  0.25111485
   0.52302755  0.02669665  0.03984365
   0.61004181  0.94165026  0.14994461
   0.07802050  0.97080267  0.55681964
   0.82603197  0.18090795  0.90299632
   0.02594400  0.02810159  0.63679873
   0.79439854  0.31489132  0.80450690
  -0.00131602  0.00531190  0.75111485
   0.52302755  0.52669666  0.53984363
   0.61004181  0.44165026  0.64994464
   0.61621045  0.56359980  0.94733831
   0.32314046  0.32473847  0.59690859
   0.52720012  0.47402366  0.86302183
   0.29205933  0.18727833  0.69528018
   0.49894989  0.49464743  0.74881558
   0.01920366  0.96325928  0.96143016
   0.10474739  0.05319542  0.84991024
   0.61621045  0.06359975  0.44733837
   0.32314046  0.82473847  0.09690860
   0.52720012  0.97402363  0.36302180
   0.29205933  0.68727833  0.19528014
   0.49894989  0.99464743  0.24881555
   0.01920366  0.46325931  0.46143016
   0.10474739  0.55319544  0.34991030
   0.32261422  0.16712216  0.50080210
   0.32261422  0.66712222  1.00080213
   0.82263281  0.83289962  0.50080068
   0.82263281  0.33289968  0.00080068
   0.79159814  0.75424623  0.45012525
   0.79159814  0.25424623  0.95012522
   0.29159272  0.24586202  0.45012608
   0.29159272  0.74586202  0.95012608
