   0.25019050  0.24970856  0.10304070
   0.23607496  0.27327911  0.21947877
   0.25019050  0.74970856  0.60304072
   0.23607496  0.77327914  0.71947873
   0.74653442  0.75539564  0.89685970
   0.73401675  0.72615286  0.78113209
   0.74653442  0.25539564  0.39685973
   0.73401675  0.22615288  0.28113203
   0.75023144  0.74991659  0.10303571
   0.73581892  0.72679908  0.21946694
   0.75023144  0.24991662  0.60303573
   0.73581892  0.22679906  0.71946697
   0.24658447  0.24495852  0.89686197
   0.23375195  0.27384305  0.78114774
   0.24658447  0.74495855  0.39686200
   0.23375195  0.77384302  0.28114777
   0.24673367  0.24161127 -0.00435270
   0.24673367  0.74161127  0.49564730
   0.74672773  0.75837002  0.99565048
   0.74672773  0.25837002  0.49565042
   0.29446898  0.24980378  0.34821663
   0.29446898  0.74980378  0.84821666
   0.79451262  0.75060629  0.34823344
   0.79451262  0.25060629  0.84823344
   0.79513547  0.74877007  0.65194881
   0.79513547  0.24877009  0.15194883
   0.28981425  0.24864319  0.54872167
   0.29517979  0.25082239  0.65193148
   0.29517979  0.75082239  0.15193148
   0.28981425  0.74864317  0.04872166
   0.78981420  0.75114402  0.54872290
   0.78981420  0.25114402  0.04872289
   0.58486169  0.53589709  0.05635233
   0.32534098  0.31956155  0.40279386
   0.52564225  0.47250209  0.13707308
   0.29336846  0.18600200  0.30435571
   0.50136999  0.49519824  0.25130122
   0.01799411  0.96788359  0.03999961
   0.10699769  0.05583551  0.14997665
   0.58486169  0.03589710  0.55635231
   0.32534098  0.81956155  0.90279386
   0.52564225  0.97250212  0.63707306
   0.29336846  0.68600197  0.80435571
   0.50136999  0.99519827  0.75130125
   0.01799411  0.46788362  0.53999960
   0.10699769  0.55583556  0.64997668
   0.11444079  0.43721458  0.94718897
   0.82231208  0.67684717  0.59689552
   0.02624003  0.52691807  0.86285196
   0.79118833  0.81171983  0.69560778
   0.00157560  0.50490393  0.74893762
   0.51756296  0.03730034  0.96124275
   0.60546269  0.94609083  0.84969938
   0.11444079  0.93721461  0.44718894
   0.82231208  0.17684717  0.09689554
   0.02624003  0.02691809  0.36285196
   0.79118833  0.31171983  0.19560778
   0.00157560  0.00490396  0.24893764
   0.51756296  0.53730036  0.46124272
   0.60546269  0.44609089  0.34969941
   0.08486454  0.46386290  0.05635322
   0.82532371  0.68075347  0.40279331
   0.02565079  0.52705849  0.13708805
   0.79383993  0.81426277  0.30435832
   0.00138742  0.50481420  0.25128931
   0.51800454  0.03192958  0.04000278
   0.60703073  0.94368227  0.14996063
   0.08486454  0.96386287  0.55635326
   0.82532371  0.18075349  0.90279334
   0.02565079  0.02705846  0.63708802
   0.79383993  0.31426280  0.80435829
   0.00138742  0.00481420  0.75128931
   0.51800454  0.53192958  0.54000275
   0.60703073  0.44368227  0.64996066
   0.61445077  0.56300907  0.94719152
   0.32225443  0.32278935  0.59689750
   0.52625510  0.47352364  0.86283564
   0.29165899  0.18800097  0.69560464
   0.50160372  0.49512235  0.74895066
   0.01757396  0.96288017  0.96124791
   0.10551149  0.05441118  0.84971057
   0.61445077  0.06300903  0.44719158
   0.32225443  0.82278935  0.09689752
   0.52625510  0.97352361  0.36283561
   0.29165899  0.68800097  0.19560459
   0.50160372  0.99512235  0.24895063
   0.01757396  0.46288020  0.46124791
   0.10551149  0.55441120  0.34971063
   0.32173558  0.16758148  0.50070189
   0.32173558  0.66758154  1.00070192
   0.82174208  0.83241956  0.50070163
   0.82174208  0.33241962  0.00070163
   0.79058589  0.75381606  0.44997005
   0.79058589  0.25381606  0.94997002
   0.29057825  0.24638304  0.44996952
   0.29057825  0.74638304  0.94996952
