   0.25068382  0.24730396  0.10402219
   0.23834318  0.27285667  0.22078099
   0.25068382  0.74730396  0.60402220
   0.23834318  0.77285670  0.72078095
   0.74216443  0.75113921  0.89361673
   0.72153875  0.73083176  0.78202366
   0.74216443  0.25113921  0.39361676
   0.72153875  0.23083177  0.28202360
   0.74986648  0.75113616  0.10398180
   0.74653001  0.73065706  0.22058258
   0.74986648  0.25113619  0.60398182
   0.74653001  0.23065704  0.72058261
   0.25603083  0.24491478  0.89333608
   0.23534396  0.28207159  0.78179715
   0.25603083  0.74491481  0.39333611
   0.23534396  0.78207156  0.28179718
   0.25040537  0.24621890 -0.00285652
   0.25040537  0.74621890  0.49714348
   0.74514203  0.75683263  0.99704100
   0.74514203  0.25683263  0.49704094
   0.79669241  0.75058180  0.34688516
   0.79669241  0.25058180  0.84688516
   0.79407998  0.74998686  0.65281783
   0.79407998  0.24998687  0.15281784
   0.79673379  0.75357457  0.44993868
   0.79673379  0.25357457  0.94993865
   0.29113338  0.24827128  0.54900666
   0.29381111  0.24874222  0.65280814
   0.29381111  0.74874222  0.15280814
   0.29113338  0.74827127  0.04900665
   0.79214062  0.75094437  0.54924638
   0.79214062  0.25094437  0.04924638
   0.59588125  0.54465080  0.05544435
   0.32588219  0.32043437  0.40400630
   0.52475819  0.47296397  0.13741790
   0.30643932  0.18292902  0.30248504
   0.50374507  0.49716236  0.25119461
   0.01427209  0.96223885  0.03991889
   0.10296115  0.05295102  0.14924697
   0.59588125  0.04465081  0.55544432
   0.32588219  0.82043437  0.90400630
   0.52475819  0.97296400  0.63741789
   0.30643932  0.68292899  0.80248504
   0.50374507  0.99716239  0.75119464
   0.01427209  0.46223888  0.53991888
   0.10296115  0.55295108  0.64924700
   0.11094308  0.43913035  0.94827702
   0.82046746  0.67904379  0.59638613
   0.02447070  0.52467963  0.86186166
   0.78840924  0.80609674  0.69575496
   0.00187320  0.50420060  0.74916769
   0.52030381  0.03723382  0.96214922
   0.60111834  0.94986245  0.85029881
   0.11094308  0.93913038  0.44827699
   0.82046746  0.17904379  0.09638615
   0.02447070  0.02467966  0.36186166
   0.78840924  0.30609674  0.19575496
   0.00187320  0.00420063  0.24916770
   0.52030381  0.53723384  0.46214919
   0.60111834  0.44986251  0.35029884
   0.09577268  0.45369475  0.05529767
   0.81332199  0.68667265  0.40406661
   0.02469144  0.52554155  0.13736029
   0.79236793  0.80859683  0.30344630
   0.00189159  0.50613067  0.25134559
   0.51515276  0.03714860  0.03983599
   0.60293988  0.94598255  0.14932058
   0.09577268  0.95369472  0.55529771
   0.81332199  0.18667266  0.90406663
   0.02469144  0.02554152  0.63736026
   0.79236793  0.30859685  0.80344627
   0.00189159  0.00613068  0.75134559
   0.51515276  0.53714861  0.53983597
   0.60293988  0.44598255  0.64932061
   0.61025603  0.55584686  0.94817474
   0.32130513  0.32021826  0.59639703
   0.52648490  0.47233392  0.86205115
   0.28451175  0.19166656  0.69569280
   0.50447209  0.49468571  0.74871671
   0.01680416  0.96505247  0.96191169
   0.10266576  0.05241924  0.85042340
   0.61025603  0.05584681  0.44817480
   0.32130513  0.82021826  0.09639705
   0.52648490  0.97233389  0.36205112
   0.28451175  0.69166656  0.19569276
   0.50447209  0.99468571  0.24871668
   0.01680416  0.46505250  0.46191169
   0.10266576  0.55241926  0.35042346
   0.32314540  0.16906442  0.50107182
   0.32314540  0.66906448  1.00107185
   0.82170516  0.83013317  0.50079423
   0.82170516  0.33013323  0.00079423
   0.28964356  0.24651629  0.34606258
   0.28964356  0.74651629  0.84606261
   0.29070224  0.24865375  0.44939269
   0.29070224  0.74865375  0.94939269
