   0.24984858  0.24814046  0.10372930
   0.23660695  0.27439297  0.22045215
   0.24984858  0.74814046  0.60372931
   0.23660695  0.77439300  0.72045210
   0.74167509  0.75199133  0.89373087
   0.71820416  0.73105455  0.78197899
   0.74167509  0.25199133  0.39373090
   0.71820416  0.23105457  0.28197893
   0.74834371  0.75101745  0.10367218
   0.74740465  0.73162627  0.22043014
   0.74834371  0.25101748  0.60367221
   0.74740465  0.23162626  0.72043017
   0.25521194  0.24220341  0.89338876
   0.23478509  0.28251447  0.78150349
   0.25521194  0.74220344  0.39338879
   0.23478509  0.78251444  0.28150352
   0.25312460  0.24519697 -0.00279427
   0.25312460  0.74519697  0.49720573
   0.74786626  0.75781374  0.99725439
   0.74786626  0.25781374  0.49725433
   0.79508754  0.75108097  0.34698682
   0.79508754  0.25108097  0.84698682
   0.79274814  0.74978092  0.65243920
   0.79274814  0.24978094  0.15243922
   0.79979358  0.75426608  0.45025892
   0.79979358  0.25426608  0.95025889
   0.29168629  0.24804358  0.54893746
   0.29194309  0.24903860  0.65244642
   0.29194309  0.74903860  0.15244642
   0.29168629  0.74804357  0.04893745
   0.79279393  0.75080394  0.54919672
   0.79279393  0.25080394  0.04919672
   0.59219560  0.54033113  0.05555274
   0.32683408  0.31940937  0.40454841
   0.52291930  0.47251713  0.13719103
   0.30893976  0.18324863  0.30258227
   0.50282552  0.49783801  0.25091366
   0.01829994  0.96537368  0.03984499
   0.10192569  0.05343262  0.14886680
   0.59219560  0.04033114  0.55555272
   0.32683408  0.81940937  0.90454841
   0.52291930  0.97251716  0.63719102
   0.30893976  0.68324860  0.80258227
   0.50282552  0.99783804  0.75091369
   0.01829994  0.46537371  0.53984498
   0.10192569  0.55343267  0.64886683
   0.11598954  0.43701722  0.94845431
   0.81971392  0.67797946  0.59626637
   0.02439420  0.52279340  0.86186134
   0.78935267  0.80665797  0.69538276
   0.00122517  0.50511868  0.74909486
   0.52409314  0.03712563  0.96249723
   0.59558053  0.95316045  0.85089765
   0.11598954  0.93701725  0.44845428
   0.81971392  0.17797946  0.09626638
   0.02439420  0.02279342  0.36186134
   0.78935267  0.30665797  0.19538276
   0.00122517  0.00511871  0.24909488
   0.52409314  0.53712565  0.46249720
   0.59558053  0.45316051  0.35089768
   0.09216460  0.45759620  0.05551829
   0.81448983  0.68719463  0.40447825
   0.02314480  0.52575927  0.13688463
   0.79056971  0.80841690  0.30354735
   0.00139451  0.50744106  0.25113449
   0.51962604  0.03311429  0.03962972
   0.60187531  0.94546922  0.14910984
   0.09216460  0.95759617  0.55551833
   0.81448983  0.18719464  0.90447828
   0.02314480  0.02575924  0.63688460
   0.79056971  0.30841693  0.80354732
   0.00139451  0.00744106  0.75113449
   0.51962604  0.53311430  0.53962970
   0.60187531  0.44546922  0.64910986
   0.61535745  0.55744097  0.94844358
   0.32154855  0.32100019  0.59624004
   0.52626480  0.47351074  0.86228037
   0.27902144  0.19175503  0.69530557
   0.50381001  0.49509421  0.74855639
   0.02041755  0.96540533  0.96232430
   0.09714629  0.04768519  0.85093682
   0.61535745  0.05744093  0.44844364
   0.32154855  0.82100019  0.09624005
   0.52626480  0.97351071  0.36228034
   0.27902144  0.69175503  0.19530552
   0.50381001  0.99509421  0.24855636
   0.02041755  0.46540536  0.46232430
   0.09714629  0.54768521  0.35093688
   0.32503679  0.16880054  0.50109097
   0.32503679  0.66880060  1.00109100
   0.82451647  0.83056198  0.50090178
   0.82451647  0.33056204  0.00090178
   0.28854679  0.24514456  0.34621409
   0.28854679  0.74514456  0.84621412
   0.29365606  0.24764041  0.44983748
   0.29365606  0.74764041  0.94983748
