   0.25014923  0.24775101  0.10385566
   0.23762190  0.27361803  0.22063432
   0.25014923  0.74775101  0.60385567
   0.23762190  0.77361806  0.72063428
   0.74179281  0.75148046  0.89370442
   0.71962090  0.73094051  0.78206174
   0.74179281  0.25148046  0.39370445
   0.71962090  0.23094052  0.28206168
   0.74891855  0.75103757  0.10378550
   0.74734453  0.73126207  0.22053615
   0.74891855  0.25103760  0.60378552
   0.74734453  0.23126205  0.72053618
   0.25538168  0.24368111  0.89339533
   0.23524987  0.28218793  0.78165466
   0.25538168  0.74368114  0.39339536
   0.23524987  0.78218790  0.28165469
   0.25182644  0.24582628 -0.00284431
   0.25182644  0.74582628  0.49715569
   0.74655972  0.75736689  0.99718046
   0.74655972  0.25736689  0.49718040
   0.79579656  0.75072075  0.34696320
   0.79579656  0.25072075  0.84696320
   0.79331440  0.74985566  0.65259439
   0.79331440  0.24985567  0.15259440
   0.79826114  0.75396684  0.45012042
   0.79826114  0.25396684  0.95012039
   0.29132098  0.24812769  0.54894983
   0.29277687  0.24889997  0.65260190
   0.29277687  0.74889997  0.15260190
   0.29132098  0.74812768  0.04894982
   0.79243008  0.75081081  0.54920173
   0.79243008  0.25081081  0.04920173
   0.59387057  0.54232643  0.05544644
   0.32642738  0.31992605  0.40429200
   0.52371282  0.47273536  0.13728079
   0.30833734  0.18335514  0.30255214
   0.50347172  0.49757036  0.25106706
   0.01623765  0.96375660  0.03987671
   0.10236598  0.05322119  0.14901768
   0.59387057  0.04232643  0.55544642
   0.32642738  0.81992605  0.90429200
   0.52371282  0.97273539  0.63728078
   0.30833734  0.68335511  0.80255214
   0.50347172  0.99757039  0.75106709
   0.01623765  0.46375663  0.53987671
   0.10236598  0.55322124  0.64901771
   0.11337357  0.43825571  0.94837602
   0.82003370  0.67851904  0.59630069
   0.02424685  0.52379765  0.86185446
   0.78883917  0.80602586  0.69555052
   0.00181328  0.50466193  0.74916228
   0.52232512  0.03720651  0.96232858
   0.59852763  0.95126592  0.85060831
   0.11337357  0.93825574  0.44837599
   0.82003370  0.17851904  0.09630071
   0.02424685  0.02379767  0.36185446
   0.78883917  0.30602586  0.19555052
   0.00181328  0.00466196  0.24916230
   0.52232512  0.53720653  0.46232855
   0.59852763  0.45126598  0.35060834
   0.09380529  0.45569928  0.05538287
   0.81383270  0.68701389  0.40428355
   0.02378479  0.52569605  0.13709925
   0.79135521  0.80819153  0.30351590
   0.00190018  0.50685002  0.25124964
   0.51749399  0.03492952  0.03969741
   0.60226807  0.94574072  0.14915046
   0.09380529  0.95569925  0.55538291
   0.81383270  0.18701390  0.90428358
   0.02378479  0.02569602  0.63709922
   0.79135521  0.30819156  0.80351587
   0.00190018  0.00685003  0.75124964
   0.51749399  0.53492953  0.53969739
   0.60226807  0.44574072  0.64915049
   0.61272675  0.55652749  0.94833723
   0.32141754  0.32056609  0.59628038
   0.52622898  0.47272950  0.86218568
   0.28167866  0.19195579  0.69548863
   0.50437484  0.49492790  0.74865606
   0.01869772  0.96537329  0.96213046
   0.09988599  0.05010598  0.85071198
   0.61272675  0.05652744  0.44833729
   0.32141754  0.82056609  0.09628039
   0.52622898  0.97272947  0.36218565
   0.28167866  0.69195579  0.19548859
   0.50437484  0.99492790  0.24865603
   0.01869772  0.46537332  0.46213046
   0.09988599  0.55010600  0.35071204
   0.32405697  0.16907724  0.50106514
   0.32405697  0.66907730  1.00106517
   0.82322460  0.83029759  0.50084236
   0.82322460  0.33029765  0.00084236
   0.28908674  0.24589543  0.34617457
   0.28908674  0.74589543  0.84617460
   0.29223223  0.24826515  0.44963928
   0.29223223  0.74826515  0.94963928
