   0.24978531  0.24842417  0.10366822
   0.23569514  0.27488612  0.22031303
   0.24978531  0.74842417  0.60366823
   0.23569514  0.77488615  0.72031298
   0.74157535  0.75241780  0.89372118
   0.71724527  0.73117232  0.78186726
   0.74157535  0.25241780  0.39372121
   0.71724527  0.23117233  0.28186720
   0.74812523  0.75095508  0.10362416
   0.74703600  0.73182554  0.22033178
   0.74812523  0.25095511  0.60362418
   0.74703600  0.23182552  0.72033181
   0.25522923  0.24117687  0.89334363
   0.23418124  0.28276971  0.78137904
   0.25522923  0.74117690  0.39334366
   0.23418124  0.78276968  0.28137907
   0.25399577  0.24476372 -0.00275886
   0.25399577  0.74476372  0.49724114
   0.74876385  0.75804760  0.99730088
   0.74876385  0.25804760  0.49730082
   0.79460895  0.75138062  0.34698088
   0.79460895  0.25138062  0.84698088
   0.79251135  0.74967294  0.65234056
   0.79251135  0.24967295  0.15234058
   0.80086947  0.75443809  0.45034347
   0.80086947  0.25443809  0.95034344
   0.29199579  0.24801789  0.54895398
   0.29155578  0.24916902  0.65235227
   0.29155578  0.74916902  0.15235227
   0.29199579  0.74801787  0.04895397
   0.79308557  0.75080418  0.54921424
   0.79308557  0.25080418  0.04921424
   0.59119488  0.53906995  0.05565725
   0.32712802  0.31901855  0.40471121
   0.52255532  0.47236065  0.13715559
   0.30889623  0.18321184  0.30256295
   0.50218713  0.49796979  0.25079669
   0.01965695  0.96640835  0.03985124
   0.10191181  0.05368060  0.14881727
   0.59119488  0.03906996  0.55565723
   0.32712802  0.81901855  0.90471121
   0.52255532  0.97236068  0.63715557
   0.30889623  0.68321181  0.80256295
   0.50218713  0.99796982  0.75079672
   0.01965695  0.46640838  0.53985124
   0.10191181  0.55368065  0.64881730
   0.11777662  0.43609408  0.94850712
   0.81966251  0.67763079  0.59627769
   0.02451808  0.52205017  0.86184749
   0.78963045  0.80709285  0.69528348
   0.00058618  0.50538657  0.74901839
   0.52528085  0.03709694  0.96260324
   0.59343198  0.95467046  0.85108512
   0.11777662  0.93609411  0.44850709
   0.81966251  0.17763079  0.09627770
   0.02451808  0.02205019  0.36184749
   0.78963045  0.30709285  0.19528348
   0.00058618  0.00538660  0.24901841
   0.52528085  0.53709697  0.46260321
   0.59343198  0.45467052  0.35108515
   0.09113786  0.45888194  0.05563502
   0.81490705  0.68737601  0.40459492
   0.02288355  0.52581723  0.13678168
   0.79019401  0.80849423  0.30354579
   0.00077657  0.50777493  0.25104181
   0.52096845  0.03206019  0.03962804
   0.60188764  0.94516316  0.14912784
   0.09113786  0.95888191  0.55563506
   0.81490705  0.18737602  0.90459494
   0.02288355  0.02581720  0.63678165
   0.79019401  0.30849425  0.80354576
   0.00077657  0.00777493  0.75104181
   0.52096845  0.53206020  0.53962802
   0.60188764  0.44516316  0.64912787
   0.61720539  0.55804156  0.94851151
   0.32173099  0.32130375  0.59624966
   0.52634851  0.47415631  0.86229596
   0.27751212  0.19158582  0.69520989
   0.50321811  0.49520850  0.74846609
   0.02150945  0.96533596  0.96244127
   0.09517179  0.04603000  0.85107259
   0.61720539  0.05804152  0.44851157
   0.32173099  0.82130375  0.09624968
   0.52634851  0.97415628  0.36229593
   0.27751212  0.69158582  0.19520984
   0.50321811  0.99520850  0.24846606
   0.02150945  0.46533599  0.46244127
   0.09517179  0.54603002  0.35107265
   0.32575406  0.16858757  0.50113155
   0.32575406  0.66858763  1.00113158
   0.82535673  0.83070573  0.50095356
   0.82535673  0.33070579  0.00095356
   0.28811845  0.24463991  0.34620096
   0.28811845  0.74463991  0.84620098
   0.29464267  0.24717378  0.44996135
   0.29464267  0.74717378  0.94996135
