   0.24988495  0.24866849  0.10362273
   0.23477444  0.27524260  0.22018622
   0.24988495  0.74866849  0.60362275
   0.23477444  0.77524263  0.72018618
   0.74140522  0.75279528  0.89370153
   0.71642022  0.73130576  0.78175231
   0.74140522  0.25279528  0.39370156
   0.71642022  0.23130578  0.28175225
   0.74815172  0.75086981  0.10358718
   0.74638688  0.73195620  0.22023019
   0.74815172  0.25086984  0.60358720
   0.74638688  0.23195619  0.72023022
   0.25522493  0.24031752  0.89328911
   0.23345486  0.28294510  0.78126872
   0.25522493  0.74031755  0.39328914
   0.23345486  0.78294507  0.28126875
   0.25480093  0.24442102 -0.00272378
   0.25480093  0.74442102  0.49727622
   0.74958377  0.75819706  0.99734193
   0.74958377  0.25819706  0.49734187
   0.79413652  0.75165600  0.34695734
   0.79413652  0.25165600  0.84695734
   0.79242535  0.74959164  0.65226534
   0.79242535  0.24959165  0.15226536
   0.80180973  0.75454148  0.45041524
   0.80180973  0.25454148  0.95041521
   0.29233268  0.24801547  0.54898286
   0.29138943  0.24931294  0.65228201
   0.29138943  0.74931294  0.15228201
   0.29233268  0.74801546  0.04898285
   0.79340942  0.75080066  0.54924094
   0.79340942  0.25080066  0.04924094
   0.59047269  0.53807794  0.05575925
   0.32731827  0.31869362  0.40484584
   0.52239397  0.47224530  0.13712479
   0.30859497  0.18324366  0.30252141
   0.50151071  0.49805731  0.25069685
   0.02075013  0.96718379  0.03987766
   0.10209747  0.05398607  0.14880082
   0.59047269  0.03807795  0.55575923
   0.32731827  0.81869362  0.90484584
   0.52239397  0.97224533  0.63712477
   0.30859497  0.68324363  0.80252141
   0.50151071  0.99805733  0.75069688
   0.02075013  0.46718382  0.53987765
   0.10209747  0.55398612  0.64880085
   0.11927897  0.43534653  0.94855922
   0.81975671  0.67738127  0.59630575
   0.02454776  0.52146281  0.86182094
   0.78974544  0.80741253  0.69520669
  -0.00011157  0.50558223  0.74893981
   0.52627395  0.03704454  0.96269698
   0.59152026  0.95595530  0.85123571
   0.11927897  0.93534656  0.44855919
   0.81975671  0.17738127  0.09630576
   0.02454776  0.02146283  0.36182094
   0.78974544  0.30741253  0.19520669
  -0.00011157  0.00558226  0.24893983
   0.52627395  0.53704457  0.46269695
   0.59152026  0.45595536  0.35123574
   0.09039272  0.45991975  0.05574521
   0.81520547  0.68752231  0.40468922
   0.02277599  0.52591649  0.13671430
   0.78989236  0.80846292  0.30352214
   0.00009370  0.50802259  0.25095515
   0.52203190  0.03129765  0.03965372
   0.60209229  0.94487733  0.14914782
   0.09039272  0.95991972  0.55574525
   0.81520547  0.18752233  0.90468925
   0.02277599  0.02591646  0.63671427
   0.78989236  0.30846295  0.80352211
   0.00009370  0.00802260  0.75095515
   0.52203190  0.53129766  0.53965369
   0.60209229  0.44487733  0.64914785
   0.61872248  0.55853163  0.94857679
   0.32193725  0.32155434  0.59627751
   0.52631210  0.47474460  0.86228251
   0.27668423  0.19147621  0.69513410
   0.50257104  0.49529537  0.74838113
   0.02244178  0.96523095  0.96254022
   0.09347752  0.04465402  0.85117489
   0.61872248  0.05853159  0.44857685
   0.32193725  0.82155434  0.09627753
   0.52631210  0.97474457  0.36228248
   0.27668423  0.69147621  0.19513406
   0.50257104  0.99529537  0.24838110
   0.02244178  0.46523098  0.46254022
   0.09347752  0.54465405  0.35117495
   0.32638593  0.16842092  0.50117706
   0.32638593  0.66842098  1.00117709
   0.82607307  0.83079120  0.50100790
   0.82607307  0.33079126  0.00100790
   0.28762849  0.24420233  0.34616018
   0.28762849  0.74420233  0.84616021
   0.29554060  0.24676928  0.45006847
   0.29554060  0.74676928  0.95006847
