   0.24978383  0.24836240  0.10367941
   0.23591282  0.27478948  0.22034512
   0.24978383  0.74836240  0.60367943
   0.23591282  0.77478951  0.72034508
   0.74160014  0.75232924  0.89372357
   0.71745641  0.73114054  0.78189622
   0.74160014  0.25232924  0.39372360
   0.71745641  0.23114055  0.28189616
   0.74814739  0.75097203  0.10363229
   0.74715230  0.73178410  0.22035573
   0.74814739  0.25097206  0.60363231
   0.74715230  0.23178408  0.72035576
   0.25522505  0.24140500  0.89335582
   0.23433814  0.28271653  0.78140881
   0.25522505  0.74140503  0.39335585
   0.23433814  0.78271650  0.28140884
   0.25378048  0.24485567 -0.00276817
   0.25378048  0.74485567  0.49723183
   0.74855843  0.75800863  0.99729015
   0.74855843  0.25800863  0.49729009
   0.79471545  0.75130886  0.34698688
   0.79471545  0.25130886  0.84698688
   0.79254987  0.74970811  0.65236698
   0.79254987  0.24970813  0.15236700
   0.80064224  0.75439377  0.45032464
   0.80064224  0.25439377  0.95032461
   0.29191661  0.24802271  0.54894798
   0.29162195  0.24912821  0.65237658
   0.29162195  0.74912821  0.15237658
   0.29191661  0.74802269  0.04894797
   0.79301038  0.75080954  0.54920672
   0.79301038  0.25080954  0.04920672
   0.59141979  0.53936450  0.05563170
   0.32706117  0.31911301  0.40467294
   0.52262753  0.47239395  0.13716390
   0.30893650  0.18321786  0.30256825
   0.50235874  0.49794176  0.25082516
   0.01934018  0.96617527  0.03984795
   0.10189025  0.05361810  0.14882621
   0.59141979  0.03936451  0.55563168
   0.32706117  0.81911301  0.90467294
   0.52262753  0.97239398  0.63716389
   0.30893650  0.68321783  0.80256825
   0.50235874  0.99794179  0.75082519
   0.01934018  0.46617530  0.53984794
   0.10189025  0.55361815  0.64882624
   0.11735598  0.43633176  0.94849360
   0.81965621  0.67770834  0.59627565
   0.02450072  0.52223384  0.86185225
   0.78958038  0.80698637  0.69530313
   0.00075711  0.50532125  0.74903892
   0.52498475  0.03710685  0.96257773
   0.59393832  0.95429532  0.85104037
   0.11735598  0.93633179  0.44849357
   0.81965621  0.17770834  0.09627566
   0.02450072  0.02223386  0.36185225
   0.78958038  0.30698637  0.19530313
   0.00075711  0.00532128  0.24903894
   0.52498475  0.53710688  0.46257770
   0.59393832  0.45429538  0.35104040
   0.09137412  0.45857715  0.05560689
   0.81481050  0.68733524  0.40456671
   0.02293039  0.52579526  0.13680378
   0.79027065  0.80849105  0.30354307
   0.00094374  0.50770370  0.25106528
   0.52065780  0.03229377  0.03962545
   0.60186651  0.94524127  0.14912256
   0.09137412  0.95857712  0.55560693
   0.81481050  0.18733526  0.90456674
   0.02293039  0.02579523  0.63680375
   0.79027065  0.30849108  0.80354304
   0.00094374  0.00770371  0.75106528
   0.52065780  0.53229378  0.53962543
   0.60186651  0.44524127  0.64912259
   0.61675699  0.55790953  0.94849432
   0.32168076  0.32123578  0.59624680
   0.52633176  0.47401205  0.86229501
   0.27783755  0.19162924  0.69523130
   0.50337913  0.49517951  0.74848911
   0.02125857  0.96534859  0.96241351
   0.09565773  0.04641309  0.85104046
   0.61675699  0.05790949  0.44849438
   0.32168076  0.82123578  0.09624682
   0.52633176  0.97401202  0.36229498
   0.27783755  0.69162924  0.19523126
   0.50337913  0.99517951  0.24848908
   0.02125857  0.46534862  0.46241351
   0.09565773  0.54641311  0.35104051
   0.32557737  0.16863698  0.50111918
   0.32557737  0.66863704  1.00111921
   0.82515234  0.83068466  0.50093980
   0.82515234  0.33068472  0.00093980
   0.28818530  0.24472694  0.34620866
   0.28818530  0.74472694  0.84620869
   0.29450934  0.24724301  0.44994153
   0.29450934  0.74724301  0.94994153
