   0.25166124  0.24679532  0.10434568
   0.23925556  0.27218886  0.22088150
   0.25166124  0.74679532  0.60434570
   0.23925556  0.77218889  0.72088145
   0.74422671  0.75054343  0.89346684
   0.72545696  0.72972294  0.78181653
   0.74422671  0.25054343  0.39346687
   0.72545696  0.22972296  0.28181647
   0.75095355  0.75195758  0.10446000
   0.74395273  0.72968421  0.22052775
   0.75095355  0.25195761  0.60446003
   0.74395273  0.22968420  0.72052778
   0.25688038  0.24588208  0.89325232
   0.23492027  0.28186765  0.78192248
   0.25688038  0.74588211  0.39325235
   0.23492027  0.78186762  0.28192251
   0.24785813  0.24506106 -0.00253416
   0.24785813  0.74506106  0.49746584
   0.74302675  0.75717316  0.99662566
   0.74302675  0.25717316  0.49662560
   0.79768578  0.75055295  0.34677066
   0.79768578  0.25055295  0.84677066
   0.79517013  0.75030914  0.65317290
   0.79517013  0.25030916  0.15317291
   0.79486536  0.75340281  0.44962306
   0.79486536  0.25340281  0.94962303
   0.29114371  0.24788310  0.54907381
   0.29499480  0.24854680  0.65315397
   0.29499480  0.74854680  0.15315397
   0.29114371  0.74788309  0.04907380
   0.79161248  0.75181082  0.54932603
   0.79161248  0.25181082  0.04932603
   0.59964163  0.54862197  0.05570415
   0.32470305  0.32165719  0.40362492
   0.52607017  0.47330936  0.13765550
   0.30163440  0.18125254  0.30246294
   0.50398846  0.49617795  0.25130651
   0.01195966  0.96026350  0.03982415
   0.10394886  0.05265964  0.14973089
   0.59964163  0.04862198  0.55570413
   0.32470305  0.82165719  0.90362492
   0.52607017  0.97330939  0.63765548
   0.30163440  0.68125251  0.80246294
   0.50398846  0.99617798  0.75130654
   0.01195966  0.46026353  0.53982415
   0.10394886  0.55265969  0.64973092
   0.10747121  0.43956704  0.94768462
   0.82079402  0.67969219  0.59654267
   0.02518367  0.52538920  0.86201707
   0.78857199  0.80803183  0.69599489
   0.00158119  0.50359073  0.74895700
   0.51677639  0.03851996  0.96205770
   0.60420899  0.94868452  0.84990105
   0.10747121  0.93956707  0.44768459
   0.82079402  0.17969219  0.09654269
   0.02518367  0.02538922  0.36201707
   0.78857199  0.30803183  0.19599489
   0.00158119  0.00359076  0.24895701
   0.51677639  0.53851999  0.46205767
   0.60420899  0.44868458  0.34990108
   0.10025847  0.44940090  0.05519822
   0.81441424  0.68461903  0.40377074
   0.02614463  0.52515830  0.13770942
   0.79357765  0.81101966  0.30333816
   0.00164688  0.50540341  0.25132491
   0.51120660  0.04130735  0.04005634
   0.60423835  0.94575084  0.14993505
   0.10025847  0.94940087  0.55519826
   0.81441424  0.18461904  0.90377076
   0.02614463  0.02515827  0.63770939
   0.79357765  0.31101969  0.80333813
   0.00164688  0.00540342  0.75132491
   0.51120660  0.54130736  0.54005631
   0.60423835  0.44575084  0.64993508
   0.60789368  0.55603963  0.94776541
   0.32145005  0.32003251  0.59664827
   0.52786446  0.47240339  0.86204062
   0.28853512  0.19017349  0.69586403
   0.50397718  0.49441534  0.74873562
   0.01303117  0.96349221  0.96161716
   0.10585363  0.05558446  0.84985603
   0.60789368  0.05603959  0.44776547
   0.32145005  0.82003251  0.09664828
   0.52786446  0.97240336  0.36204059
   0.28853512  0.69017349  0.19586398
   0.50397718  0.99441534  0.24873559
   0.01303117  0.46349224  0.46161716
   0.10585363  0.55558448  0.34985609
   0.32118982  0.16715169  0.50114773
   0.32118982  0.66715175  1.00114776
   0.81974790  0.83147711  0.50074646
   0.81974790  0.33147717  0.00074646
   0.29063045  0.24749874  0.34596609
   0.29063045  0.74749874  0.84596611
   0.28814118  0.24827222  0.44893057
   0.28814118  0.74827222  0.94893057
