   0.25000956  0.24790293  0.10380387
   0.23731075  0.27391177  0.22056880
   0.25000956  0.74790293  0.60380388
   0.23731075  0.77391180  0.72056876
   0.74172984  0.75163461  0.89372397
   0.71906690  0.73098255  0.78204963
   0.74172984  0.25163461  0.39372400
   0.71906690  0.23098256  0.28204957
   0.74867237  0.75101593  0.10373476
   0.74746665  0.73141819  0.22050150
   0.74867237  0.25101596  0.60373478
   0.74746665  0.23141818  0.72050153
   0.25526745  0.24316863  0.89340607
   0.23512701  0.28228383  0.78160514
   0.25526745  0.74316866  0.39340610
   0.23512701  0.78228380  0.28160517
   0.25232107  0.24562258 -0.00282866
   0.25232107  0.74562258  0.49717134
   0.74704239  0.75753861  0.99721030
   0.74704239  0.25753861  0.49721024
   0.79552005  0.75085262  0.34697060
   0.79552005  0.25085262  0.84697060
   0.79307512  0.74983301  0.65253327
   0.79307512  0.24983303  0.15253328
   0.79882422  0.75410391  0.45017443
   0.79882422  0.25410391  0.95017440
   0.29144226  0.24809091  0.54893802
   0.29243184  0.24894147  0.65254268
   0.29243184  0.74894147  0.15254268
   0.29144226  0.74809090  0.04893801
   0.79257021  0.75079586  0.54919501
   0.79257021  0.25079586  0.04919500
   0.59321214  0.54158252  0.05547390
   0.32657679  0.31975225  0.40439126
   0.52336338  0.47264249  0.13723867
   0.30868948  0.18334149  0.30257357
   0.50328087  0.49769008  0.25101218
   0.01697586  0.96433707  0.03985970
   0.10216843  0.05330148  0.14894786
   0.59321214  0.04158253  0.55547388
   0.32657679  0.81975225  0.90439126
   0.52336338  0.97264252  0.63723866
   0.30868948  0.68334146  0.80257357
   0.50328087  0.99769011  0.75101221
   0.01697586  0.46433710  0.53985970
   0.10216843  0.55330153  0.64894789
   0.11434433  0.43784067  0.94840864
   0.81988001  0.67831777  0.59628116
   0.02428885  0.52347146  0.86186006
   0.78901975  0.80620902  0.69548534
   0.00166044  0.50484357  0.74914403
   0.52296940  0.03715134  0.96239533
   0.59748785  0.95187864  0.85071901
   0.11434433  0.93784070  0.44840861
   0.81988001  0.17831777  0.09628117
   0.02428885  0.02347148  0.36186006
   0.78901975  0.30620902  0.19548534
   0.00166044  0.00484360  0.24914405
   0.52296940  0.53715136  0.46239530
   0.59748785  0.45187870  0.35071904
   0.09318510  0.45637413  0.05542569
   0.81406890  0.68707513  0.40436104
   0.02349717  0.52574120  0.13700950
   0.79103147  0.80823985  0.30353925
   0.00178520  0.50707184  0.25120785
   0.51828236  0.03422312  0.03966050
   0.60207262  0.94563651  0.14911759
   0.09318510  0.95637410  0.55542573
   0.81406890  0.18707514  0.90436107
   0.02349717  0.02574117  0.63700947
   0.79103147  0.30823988  0.80353922
   0.00178520  0.00707184  0.75120785
   0.51828236  0.53422313  0.53966047
   0.60207262  0.44563651  0.64911762
   0.61366227  0.55688281  0.94838309
   0.32144864  0.32071878  0.59625724
   0.52619236  0.47297811  0.86223206
   0.28067272  0.19193155  0.69540922
   0.50422465  0.49498337  0.74862371
   0.01936627  0.96541469  0.96220763
   0.09892367  0.04921007  0.85080206
   0.61366227  0.05688277  0.44838315
   0.32144864  0.82071878  0.09625725
   0.52619236  0.97297808  0.36223203
   0.28067272  0.69193155  0.19540918
   0.50422465  0.99498337  0.24862368
   0.01936627  0.46541472  0.46220763
   0.09892367  0.54921009  0.35080212
   0.32440306  0.16899648  0.50107086
   0.32440306  0.66899654  1.00107089
   0.82372216  0.83039694  0.50086303
   0.82372216  0.33039700  0.00086303
   0.28890783  0.24560627  0.34619325
   0.28890783  0.74560627  0.84619328
   0.29275795  0.24806167  0.44971624
   0.29275795  0.74806167  0.94971624
