   0.24983915  0.24859419  0.10363706
   0.23509893  0.27512961  0.22022784
   0.24983915  0.74859419  0.60363708
   0.23509893  0.77512964  0.72022779
   0.74147828  0.75267123  0.89370860
   0.71671624  0.73126707  0.78179584
   0.74147828  0.25267123  0.39370862
   0.71671624  0.23126709  0.28179578
   0.74812549  0.75089893  0.10359915
   0.74663682  0.73191791  0.22026446
   0.74812549  0.25089896  0.60359918
   0.74663682  0.23191790  0.72026449
   0.25523525  0.24060646  0.89330836
   0.23372678  0.28288229  0.78130982
   0.25523525  0.74060649  0.39330839
   0.23372678  0.78288226  0.28130985
   0.25453215  0.24452764 -0.00273595
   0.25453215  0.74452764  0.49726405
   0.74931577  0.75815717  0.99732786
   0.74931577  0.25815717  0.49732780
   0.79429279  0.75156402  0.34696821
   0.79429279  0.25156402  0.84696821
   0.79242604  0.74961669  0.65228662
   0.79242604  0.24961670  0.15228663
   0.80151550  0.75450702  0.45039187
   0.80151550  0.25450702  0.95039184
   0.29221659  0.24801985  0.54897245
   0.29141207  0.24926574  0.65230232
   0.29141207  0.74926574  0.15230232
   0.29221659  0.74801984  0.04897243
   0.79329872  0.75080289  0.54923042
   0.79329872  0.25080289  0.04923042
   0.59070835  0.53841860  0.05572243
   0.32724641  0.31881160  0.40479578
   0.52242494  0.47228621  0.13713605
   0.30872712  0.18322801  0.30253558
   0.50176381  0.49803160  0.25073439
   0.02036593  0.96692100  0.03986706
   0.10199228  0.05386579  0.14880452
   0.59070835  0.03841860  0.55572240
   0.32724641  0.81881160  0.90479578
   0.52242494  0.97228624  0.63713604
   0.30872712  0.68322799  0.80253558
   0.50176381  0.99803163  0.75073442
   0.02036593  0.46692103  0.53986706
   0.10199228  0.55386584  0.64880455
   0.11874311  0.43562208  0.94854027
   0.81970192  0.67746652  0.59629495
   0.02454562  0.52167929  0.86183103
   0.78970664  0.80730814  0.69523748
   0.00015388  0.50551187  0.74897032
   0.52591727  0.03706685  0.96266309
   0.59220452  0.95549353  0.85118133
   0.11874311  0.93562211  0.44854024
   0.81970192  0.17746652  0.09629497
   0.02454562  0.02167932  0.36183103
   0.78970664  0.30730814  0.19523748
   0.00015388  0.00551190  0.24897033
   0.52591727  0.53706687  0.46266306
   0.59220452  0.45549359  0.35118136
   0.09063582  0.45956307  0.05570588
   0.81509680  0.68746887  0.40465546
   0.02279020  0.52587631  0.13673643
   0.78999801  0.80848360  0.30353304
   0.00035338  0.50793524  0.25098974
   0.52165952  0.03155996  0.03964277
   0.60198205  0.94498709  0.14914059
   0.09063582  0.95956304  0.55570592
   0.81509680  0.18746889  0.90465549
   0.02279020  0.02587628  0.63673640
   0.78999801  0.30848363  0.80353301
   0.00035338  0.00793525  0.75098974
   0.52165952  0.53155997  0.53964274
   0.60198205  0.44498709  0.64914062
   0.61817954  0.55835974  0.94855350
   0.32185079  0.32146752  0.59626681
   0.52632694  0.47453797  0.86228858
   0.27693023  0.19151218  0.69516366
   0.50281853  0.49527088  0.74841262
   0.02210891  0.96526735  0.96250435
   0.09408639  0.04514307  0.85113757
   0.61817954  0.05835969  0.44855356
   0.32185079  0.82146752  0.09626682
   0.52632694  0.97453794  0.36228855
   0.27693023  0.69151218  0.19516362
   0.50281853  0.99527088  0.24841259
   0.02210891  0.46526738  0.46250435
   0.09408639  0.54514310  0.35113763
   0.32615190  0.16848181  0.50116052
   0.32615190  0.66848187  1.00116055
   0.82581040  0.83076407  0.50098928
   0.82581040  0.33076413  0.00098928
   0.28777136  0.24431547  0.34617254
   0.28777136  0.74431547  0.84617257
   0.29538055  0.24686580  0.45003736
   0.29538055  0.74686580  0.95003736
