   0.24984684  0.24861241  0.10363408
   0.23501155  0.27516164  0.22021830
   0.24984684  0.74861241  0.60363410
   0.23501155  0.77516167  0.72021825
   0.74145275  0.75270977  0.89370637
   0.71663666  0.73127428  0.78178529
   0.74145275  0.25270977  0.39370640
   0.71663666  0.23127430  0.28178523
   0.74812982  0.75089900  0.10359675
   0.74657034  0.73193264  0.22025723
   0.74812982  0.25089903  0.60359677
   0.74657034  0.23193262  0.72025726
   0.25523986  0.24051195  0.89330528
   0.23365780  0.28289964  0.78129949
   0.25523986  0.74051197  0.39330531
   0.23365780  0.78289961  0.28129952
   0.25459660  0.24449283 -0.00273300
   0.25459660  0.74449283  0.49726700
   0.74942626  0.75817316  0.99733364
   0.74942626  0.25817316  0.49733358
   0.79424884  0.75158072  0.34696332
   0.79424884  0.25158072  0.84696332
   0.79242365  0.74960458  0.65227870
   0.79242365  0.24960460  0.15227871
   0.80160677  0.75450378  0.45039712
   0.80160677  0.25450378  0.95039709
   0.29224392  0.24801532  0.54897520
   0.29140660  0.24928636  0.65229481
   0.29140660  0.74928636  0.15229481
   0.29224392  0.74801531  0.04897519
   0.79331443  0.75080800  0.54923459
   0.79331443  0.25080800  0.04923458
   0.59064257  0.53833120  0.05573214
   0.32727601  0.31877254  0.40481200
   0.52241195  0.47227743  0.13713340
   0.30868544  0.18322840  0.30253066
   0.50169013  0.49804233  0.25072165
   0.02046530  0.96699340  0.03986930
   0.10201649  0.05389955  0.14880382
   0.59064257  0.03833121  0.55573212
   0.32727601  0.81877254  0.90481200
   0.52241195  0.97227746  0.63713338
   0.30868544  0.68322837  0.80253066
   0.50169013  0.99804236  0.75072168
   0.02046530  0.46699343  0.53986929
   0.10201649  0.55389960  0.64880385
   0.11889612  0.43555121  0.94854554
   0.81971485  0.67744308  0.59629765
   0.02453295  0.52160658  0.86182877
   0.78971381  0.80734131  0.69523269
   0.00007772  0.50553523  0.74895973
   0.52602918  0.03706780  0.96267251
   0.59201386  0.95561172  0.85119479
   0.11889612  0.93555124  0.44854551
   0.81971485  0.17744308  0.09629767
   0.02453295  0.02160660  0.36182877
   0.78971381  0.30734131  0.19523269
   0.00007772  0.00553526  0.24895974
   0.52602918  0.53706782  0.46267248
   0.59201386  0.45561178  0.35119482
   0.09056877  0.45965902  0.05571610
   0.81512649  0.68748750  0.40466297
   0.02278286  0.52588599  0.13673049
   0.78996885  0.80848274  0.30352961
   0.00027591  0.50796195  0.25097804
   0.52175745  0.03148804  0.03964520
   0.60200783  0.94495721  0.14914328
   0.09056877  0.95965899  0.55571614
   0.81512649  0.18748751  0.90466300
   0.02278286  0.02588596  0.63673046
   0.78996885  0.30848276  0.80352958
   0.00027591  0.00796195  0.75097804
   0.52175745  0.53148805  0.53964517
   0.60200783  0.44495721  0.64914331
   0.61835436  0.55839250  0.94855994
   0.32187177  0.32149273  0.59626971
   0.52632148  0.47459380  0.86228713
   0.27684998  0.19150021  0.69515911
   0.50275161  0.49527610  0.74840189
   0.02222366  0.96524530  0.96251370
   0.09392157  0.04501149  0.85114691
   0.61835436  0.05839246  0.44856000
   0.32187177  0.82149273  0.09626973
   0.52632148  0.97459377  0.36228710
   0.27684998  0.69150021  0.19515907
   0.50275161  0.99527610  0.24840186
   0.02222366  0.46524533  0.46251370
   0.09392157  0.54501151  0.35114697
   0.32622073  0.16846398  0.50116424
   0.32622073  0.66846404  1.00116427
   0.82588119  0.83077426  0.50099260
   0.82588119  0.33077432  0.00099260
   0.28774239  0.24430521  0.34617317
   0.28774239  0.74430521  0.84617319
   0.29539373  0.24685395  0.45004404
   0.29539373  0.74685395  0.95004404
