   0.24981632  0.24830553  0.10369460
   0.23614922  0.27466185  0.22037993
   0.24981632  0.74830553  0.60369462
   0.23614922  0.77466188  0.72037988
   0.74161679  0.75221201  0.89372801
   0.71769062  0.73112063  0.78192547
   0.74161679  0.25221201  0.39372804
   0.71769062  0.23112064  0.28192541
   0.74822279  0.75098625  0.10364474
   0.74724622  0.73174667  0.22038081
   0.74822279  0.25098627  0.60364477
   0.74724622  0.23174666  0.72038084
   0.25522160  0.24163279  0.89336960
   0.23447819  0.28264782  0.78144065
   0.25522160  0.74163282  0.39336963
   0.23447819  0.78264779  0.28144068
   0.25360846  0.24494633 -0.00277601
   0.25360846  0.74494633  0.49722399
   0.74840683  0.75795253  0.99728045
   0.74840683  0.25795253  0.49728039
   0.79480978  0.75123373  0.34698149
   0.79480978  0.25123373  0.84698149
   0.79258480  0.74972395  0.65238254
   0.79258480  0.24972397  0.15238255
   0.80041971  0.75435101  0.45030683
   0.80041971  0.25435101  0.95030680
   0.29185453  0.24802995  0.54894473
   0.29169449  0.24911915  0.65239481
   0.29169449  0.74911915  0.15239481
   0.29185453  0.74802993  0.04894471
   0.79294688  0.75081468  0.54920291
   0.79294688  0.25081468  0.04920291
   0.59168042  0.53968573  0.05560590
   0.32696935  0.31919399  0.40464001
   0.52269147  0.47245211  0.13716805
   0.30892980  0.18323341  0.30257465
   0.50250808  0.49791467  0.25085238
   0.01899453  0.96590379  0.03984513
   0.10188534  0.05357193  0.14883685
   0.59168042  0.03968574  0.55560588
   0.32696935  0.81919399  0.90464001
   0.52269147  0.97245214  0.63716804
   0.30892980  0.68323338  0.80257465
   0.50250808  0.99791470  0.75085241
   0.01899453  0.46590382  0.53984512
   0.10188534  0.55357199  0.64883688
   0.11694122  0.43654958  0.94848242
   0.81965874  0.67780927  0.59627215
   0.02441508  0.52240849  0.86185681
   0.78949067  0.80688099  0.69532390
   0.00091332  0.50526594  0.74905545
   0.52473288  0.03712457  0.96255334
   0.59446224  0.95391705  0.85099443
   0.11694122  0.93654961  0.44848239
   0.81965874  0.17780927  0.09627217
   0.02441508  0.02240851  0.36185681
   0.78949067  0.30688099  0.19532390
   0.00091332  0.00526597  0.24905547
   0.52473288  0.53712459  0.46255331
   0.59446224  0.45391711  0.35099446
   0.09163933  0.45826267  0.05557779
   0.81470089  0.68728717  0.40453841
   0.02297919  0.52579165  0.13682575
   0.79035329  0.80846065  0.30354857
   0.00109102  0.50761862  0.25108655
   0.52031591  0.03257896  0.03962562
   0.60184127  0.94530569  0.14911535
   0.09163933  0.95826264  0.55557784
   0.81470089  0.18728718  0.90453844
   0.02297919  0.02579162  0.63682572
   0.79035329  0.30846068  0.80354854
   0.00109102  0.00761863  0.75108655
   0.52031591  0.53257897  0.53962560
   0.60184127  0.44530569  0.64911538
   0.61635146  0.55773713  0.94847977
   0.32161564  0.32116023  0.59624498
   0.52628233  0.47383339  0.86229251
   0.27819965  0.19168832  0.69525059
   0.50352050  0.49516300  0.74850964
   0.02102254  0.96534352  0.96238686
   0.09613001  0.04684291  0.85100593
   0.61635146  0.05773709  0.44847983
   0.32161564  0.82116023  0.09624499
   0.52628233  0.97383336  0.36229248
   0.27819965  0.69168832  0.19525055
   0.50352050  0.99516300  0.24850961
   0.02102254  0.46534355  0.46238686
   0.09613001  0.54684294  0.35100599
   0.32540775  0.16868979  0.50111179
   0.32540775  0.66868985  1.00111182
   0.82494601  0.83064299  0.50092955
   0.82494601  0.33064305  0.00092955
   0.28828590  0.24485024  0.34621259
   0.28828590  0.74485024  0.84621262
   0.29427666  0.24734648  0.44991461
   0.29427666  0.74734648  0.94991461
