   0.24978680  0.24843881  0.10366335
   0.23564610  0.27491020  0.22030383
   0.24978680  0.74843881  0.60366336
   0.23564610  0.77491023  0.72030379
   0.74157459  0.75243911  0.89372188
   0.71720067  0.73117917  0.78186378
   0.74157459  0.25243911  0.39372191
   0.71720067  0.23117918  0.28186372
   0.74812167  0.75094829  0.10361995
   0.74700530  0.73183162  0.22032413
   0.74812167  0.25094832  0.60361997
   0.74700530  0.23183161  0.72032416
   0.25523060  0.24113415  0.89334250
   0.23414348  0.28278047  0.78137579
   0.25523060  0.74113418  0.39334253
   0.23414348  0.78278044  0.28137582
   0.25404373  0.24474531 -0.00275660
   0.25404373  0.74474531  0.49724340
   0.74881205  0.75805370  0.99730348
   0.74881205  0.25805370  0.49730342
   0.79457616  0.75140492  0.34698034
   0.79457616  0.25140492  0.84698034
   0.79249885  0.74967483  0.65233609
   0.79249885  0.24967485  0.15233610
   0.80093971  0.75444246  0.45035011
   0.80093971  0.25444246  0.95035008
   0.29202117  0.24802029  0.54895483
   0.29153388  0.24917280  0.65234882
   0.29153388  0.74917280  0.15234882
   0.29202117  0.74802027  0.04895482
   0.79311066  0.75080467  0.54921385
   0.79311066  0.25080467  0.04921385
   0.59115831  0.53903054  0.05566306
   0.32712896  0.31900354  0.40471422
   0.52254236  0.47235432  0.13715432
   0.30888407  0.18321623  0.30256063
   0.50215964  0.49797702  0.25079257
   0.01970142  0.96644732  0.03985156
   0.10191550  0.05369964  0.14881736
   0.59115831  0.03903055  0.55566303
   0.32712896  0.81900354  0.90471422
   0.52254236  0.97235435  0.63715431
   0.30888407  0.68321620  0.80256063
   0.50215964  0.99797705  0.75079260
   0.01970142  0.46644735  0.53985156
   0.10191550  0.55369969  0.64881739
   0.11787112  0.43608374  0.94850864
   0.81966357  0.67761717  0.59628232
   0.02454025  0.52205090  0.86184635
   0.78963500  0.80710793  0.69528287
   0.00055538  0.50539493  0.74901492
   0.52530072  0.03707407  0.96260756
   0.59332155  0.95470366  0.85109145
   0.11787112  0.93608377  0.44850861
   0.81966357  0.17761717  0.09628233
   0.02454025  0.02205092  0.36184635
   0.78963500  0.30710793  0.19528287
   0.00055538  0.00539496  0.24901493
   0.52530072  0.53707410  0.46260753
   0.59332155  0.45470372  0.35109148
   0.09110113  0.45892522  0.05564129
   0.81491902  0.68737414  0.40459547
   0.02287124  0.52582080  0.13677832
   0.79017906  0.80849955  0.30353901
   0.00074906  0.50778702  0.25103868
   0.52101131  0.03202292  0.03962823
   0.60189413  0.94514629  0.14912992
   0.09110113  0.95892519  0.55564133
   0.81491902  0.18737416  0.90459550
   0.02287124  0.02582077  0.63677829
   0.79017906  0.30849958  0.80353898
   0.00074906  0.00778702  0.75103868
   0.52101131  0.53202292  0.53962820
   0.60189413  0.44514629  0.64912995
   0.61724992  0.55809644  0.94851375
   0.32173887  0.32131962  0.59625399
   0.52632343  0.47420169  0.86229557
   0.27746824  0.19158305  0.69520857
   0.50319259  0.49521182  0.74846182
   0.02156884  0.96531016  0.96244550
   0.09512101  0.04594437  0.85107643
   0.61724992  0.05809639  0.44851381
   0.32173887  0.82131962  0.09625401
   0.52632343  0.97420166  0.36229554
   0.27746824  0.69158305  0.19520853
   0.50319259  0.99521182  0.24846179
   0.02156884  0.46531019  0.46244550
   0.09512101  0.54594439  0.35107649
   0.32577946  0.16858063  0.50112990
   0.32577946  0.66858069  1.00112993
   0.82538733  0.83071397  0.50095616
   0.82538733  0.33071403  0.00095616
   0.28807252  0.24459491  0.34619867
   0.28807252  0.74459491  0.84619870
   0.29474928  0.24712542  0.44997467
   0.29474928  0.74712542  0.94997467
