   0.24981250  0.24827138  0.10369935
   0.23620170  0.27465791  0.22038410
   0.24981250  0.74827138  0.60369937
   0.23620170  0.77465794  0.72038405
   0.74165615  0.75217362  0.89373390
   0.71779217  0.73106982  0.78193840
   0.74165615  0.25217362  0.39373393
   0.71779217  0.23106984  0.28193834
   0.74821614  0.75099069  0.10364771
   0.74728841  0.73171512  0.22038407
   0.74821614  0.25099072  0.60364774
   0.74728841  0.23171511  0.72038410
   0.25521856  0.24174933  0.89337616
   0.23456167  0.28262616  0.78145359
   0.25521856  0.74174936  0.39337619
   0.23456167  0.78262613  0.28145362
   0.25352509  0.24500304 -0.00277571
   0.25352509  0.74500304  0.49722429
   0.74822627  0.75792833  0.99727711
   0.74822627  0.25792833  0.49727705
   0.79490419  0.75123390  0.34699284
   0.79490419  0.25123390  0.84699284
   0.79264683  0.74971016  0.65238946
   0.79264683  0.24971017  0.15238947
   0.80019856  0.75437065  0.45029852
   0.80019856  0.25437065  0.95029849
   0.29178938  0.24802363  0.54893975
   0.29176438  0.24908528  0.65240184
   0.29176438  0.74908528  0.15240184
   0.29178938  0.74802361  0.04893974
   0.79290216  0.75079962  0.54920097
   0.79290216  0.25079962  0.04920096
   0.59170611  0.53975155  0.05559853
   0.32699869  0.31925073  0.40461241
   0.52272557  0.47242626  0.13717865
   0.30898069  0.18322187  0.30256887
   0.50255769  0.49791403  0.25086086
   0.01893876  0.96588759  0.03984324
   0.10190378  0.05350775  0.14884431
   0.59170611  0.03975156  0.55559850
   0.32699869  0.81925073  0.90461241
   0.52272557  0.97242629  0.63717864
   0.30898069  0.68322184  0.80256887
   0.50255769  0.99791406  0.75086089
   0.01893876  0.46588762  0.53984323
   0.10190378  0.55350780  0.64884434
   0.11684227  0.43659868  0.94847373
   0.81966235  0.67779885  0.59627661
   0.02453289  0.52247219  0.86185640
   0.78951315  0.80685783  0.69534254
   0.00095506  0.50525253  0.74906335
   0.52458220  0.03705778  0.96254543
   0.59458771  0.95385648  0.85098436
   0.11684227  0.93659871  0.44847370
   0.81966235  0.17779885  0.09627663
   0.02453289  0.02247221  0.36185640
   0.78951315  0.30685783  0.19534254
   0.00095506  0.00525256  0.24906336
   0.52458220  0.53705780  0.46254540
   0.59458771  0.45385654  0.35098439
   0.09166578  0.45816236  0.05556993
   0.81471156  0.68725707  0.40452409
   0.02301360  0.52578824  0.13683579
   0.79038230  0.80845733  0.30355310
   0.00114140  0.50758840  0.25109405
   0.52026554  0.03257391  0.03962235
   0.60184683  0.94532433  0.14912270
   0.09166578  0.95816233  0.55556997
   0.81471156  0.18725709  0.90452412
   0.02301360  0.02578821  0.63683576
   0.79038230  0.30845736  0.80355307
   0.00114140  0.00758840  0.75109405
   0.52026554  0.53257391  0.53962233
   0.60184683  0.44532433  0.64912273
   0.61613869  0.55780753  0.94847003
   0.32162642  0.32114133  0.59624730
   0.52633236  0.47382517  0.86229307
   0.27825901  0.19166977  0.69526495
   0.50357728  0.49512792  0.74851707
   0.02091618  0.96539691  0.96237803
   0.09624536  0.04687161  0.85100151
   0.61613869  0.05780749  0.44847009
   0.32162642  0.82114133  0.09624731
   0.52633236  0.97382514  0.36229304
   0.27825901  0.69166977  0.19526491
   0.50357728  0.99512792  0.24851704
   0.02091618  0.46539694  0.46237803
   0.09624536  0.54687163  0.35100157
   0.32537387  0.16869788  0.50109968
   0.32537387  0.66869794  1.00109971
   0.82492264  0.83064325  0.50092236
   0.82492264  0.33064331  0.00092236
   0.28839820  0.24493351  0.34620759
   0.28839820  0.74493351  0.84620762
   0.29399161  0.24747055  0.44988494
   0.29399161  0.74747055  0.94988494
