   0.25263302  0.24683063  0.10470455
   0.23963868  0.27190291  0.22074846
   0.25263302  0.74683063  0.60470456
   0.23963868  0.77190294  0.72074842
   0.74735863  0.74996504  0.89349544
   0.72936139  0.72726889  0.78169002
   0.74735863  0.24996504  0.39349547
   0.72936139  0.22726890  0.28168996
   0.75108052  0.75272208  0.10494410
   0.74108777  0.72944920  0.22035966
   0.75108052  0.25272211  0.60494412
   0.74108777  0.22944918  0.72035969
   0.25638582  0.24648751  0.89327810
   0.23448509  0.28048854  0.78191922
   0.25638582  0.74648754  0.39327813
   0.23448509  0.78048851  0.28191925
   0.24592043  0.24303568 -0.00193998
   0.24592043  0.74303568  0.49806002
   0.74251024  0.75850319  0.99648000
   0.74251024  0.25850319  0.49647994
   0.79730137  0.75081700  0.34654045
   0.79730137  0.25081700  0.84654045
   0.79546989  0.75076373  0.65365075
   0.79546989  0.25076374  0.15365076
   0.79395855  0.75344910  0.44947897
   0.79395855  0.25344910  0.94947894
   0.29106922  0.24704200  0.54911553
   0.29521742  0.24885492  0.65317151
   0.29521742  0.74885492  0.15317151
   0.29106922  0.74704198  0.04911552
   0.79072780  0.75323644  0.54934266
   0.79072780  0.25323644  0.04934266
   0.60214852  0.55164700  0.05601399
   0.32343146  0.32254206  0.40344004
   0.52670117  0.47313802  0.13777171
   0.29729021  0.18125819  0.30263955
   0.50381754  0.49522044  0.25126411
   0.01083900  0.95919115  0.03954404
   0.10431568  0.05316487  0.15018931
   0.60214852  0.05164701  0.55601397
   0.32343146  0.82254206  0.90344004
   0.52670117  0.97313805  0.63777169
   0.29729021  0.68125816  0.80263955
   0.50381754  0.99522047  0.75126414
   0.01083900  0.45919118  0.53954403
   0.10431568  0.55316492  0.65018934
   0.10463452  0.44002331  0.94663603
   0.82068627  0.67975769  0.59670750
   0.02541291  0.52568618  0.86225603
   0.78953811  0.80984304  0.69588216
   0.00191594  0.50311950  0.74860987
   0.51376055  0.04097876  0.96220080
   0.60577248  0.94819830  0.84965302
   0.10463452  0.94002334  0.44663600
   0.82068627  0.17975769  0.09670751
   0.02541291  0.02568620  0.36225603
   0.78953811  0.30984304  0.19588216
   0.00191594  0.00311953  0.24860989
   0.51376055  0.54097878  0.46220077
   0.60577248  0.44819836  0.34965305
   0.10477313  0.44477998  0.05500807
   0.81791608  0.68178544  0.40331083
   0.02667420  0.52468177  0.13786578
   0.79427590  0.81328628  0.30343817
   0.00160455  0.50566170  0.25114275
   0.50812666  0.04444713  0.04019529
   0.60558934  0.94518592  0.15062305
   0.10477313  0.94477995  0.55500811
   0.81791608  0.18178546  0.90331086
   0.02667420  0.02468174  0.63786575
   0.79427590  0.31328631  0.80343814
   0.00160455  0.00566170  0.75114275
   0.50812666  0.54444714  0.54019527
   0.60558934  0.44518592  0.65062308
   0.60834305  0.55757407  0.94733720
   0.32280382  0.32042064  0.59695132
   0.52901724  0.47280183  0.86221200
   0.29119993  0.18847487  0.69597976
   0.50330981  0.49484162  0.74863059
   0.00866743  0.96039585  0.96139646
   0.10664107  0.05719958  0.84933699
   0.60834305  0.05757402  0.44733726
   0.32280382  0.82042064  0.09695133
   0.52901724  0.97280180  0.36221197
   0.29119993  0.68847487  0.19597971
   0.50330981  0.99484162  0.24863056
   0.00866743  0.46039588  0.46139646
   0.10664107  0.55719961  0.34933705
   0.31912337  0.16403953  0.50119409
   0.31912337  0.66403959  1.00119412
   0.81860149  0.83444914  0.50080012
   0.81860149  0.33444920  0.00080012
   0.29164322  0.24833696  0.34605987
   0.29164322  0.74833696  0.84605990
   0.28721921  0.24705214  0.44872996
   0.28721921  0.74705214  0.94872996
