   0.24980946  0.24852673  0.10364713
   0.23532318  0.27504562  0.22025922
   0.24980946  0.74852673  0.60364714
   0.23532318  0.77504565  0.72025917
   0.74152041  0.75257277  0.89371433
   0.71691465  0.73122668  0.78182097
   0.74152041  0.25257277  0.39371436
   0.71691465  0.23122670  0.28182091
   0.74811320  0.75092262  0.10360721
   0.74679994  0.73188183  0.22028963
   0.74811320  0.25092265  0.60360723
   0.74679994  0.23188182  0.72028966
   0.25523592  0.24081314  0.89332213
   0.23390685  0.28284645  0.78133365
   0.25523592  0.74081317  0.39332216
   0.23390685  0.78284642  0.28133368
   0.25434261  0.24461744 -0.00274338
   0.25434261  0.74461744  0.49725662
   0.74910793  0.75810879  0.99731870
   0.74910793  0.25810879  0.49731864
   0.79441853  0.75150144  0.34697094
   0.79441853  0.25150144  0.84697094
   0.79245736  0.74964407  0.65231028
   0.79245736  0.24964408  0.15231030
   0.80126643  0.75448219  0.45037519
   0.80126643  0.25448219  0.95037516
   0.29212688  0.24801288  0.54896433
   0.29145930  0.24921765  0.65232625
   0.29145930  0.74921765  0.15232625
   0.29212688  0.74801287  0.04896432
   0.79321151  0.75080374  0.54922385
   0.79321151  0.25080374  0.04922384
   0.59086837  0.53863908  0.05570122
   0.32721551  0.31887794  0.40476570
   0.52246562  0.47230535  0.13714289
   0.30879010  0.18321811  0.30254464
   0.50191347  0.49801486  0.25075481
   0.02013034  0.96675382  0.03986149
   0.10196057  0.05380189  0.14880795
   0.59086837  0.03863909  0.55570120
   0.32721551  0.81887794  0.90476570
   0.52246562  0.97230538  0.63714288
   0.30879010  0.68321809  0.80254464
   0.50191347  0.99801489  0.75075484
   0.02013034  0.46675385  0.53986149
   0.10196057  0.55380194  0.64880798
   0.11844701  0.43577249  0.94852890
   0.81968602  0.67751517  0.59629018
   0.02455097  0.52180651  0.86183679
   0.78968234  0.80723414  0.69525118
   0.00030456  0.50547138  0.74898644
   0.52569963  0.03706212  0.96264391
   0.59261351  0.95520899  0.85114912
   0.11844701  0.93577252  0.44852887
   0.81968602  0.17751517  0.09629019
   0.02455097  0.02180653  0.36183679
   0.78968234  0.30723414  0.19525118
   0.00030456  0.00547141  0.24898646
   0.52569963  0.53706214  0.46264388
   0.59261351  0.45520905  0.35114915
   0.09080103  0.45933035  0.05568273
   0.81503986  0.68743107  0.40463383
   0.02281587  0.52585340  0.13675090
   0.79006056  0.80848592  0.30353477
   0.00050068  0.50787992  0.25100697
   0.52142860  0.03171861  0.03963751
   0.60194873  0.94504690  0.14913671
   0.09080103  0.95933032  0.55568277
   0.81503986  0.18743109  0.90463386
   0.02281587  0.02585338  0.63675087
   0.79006056  0.30848595  0.80353474
   0.00050068  0.00787993  0.75100697
   0.52142860  0.53171862  0.53963749
   0.60194873  0.44504690  0.64913674
   0.61785628  0.55827158  0.94853920
   0.32181045  0.32141434  0.59626184
   0.52633576  0.47441386  0.86229176
   0.27710145  0.19153442  0.69517923
   0.50296100  0.49524832  0.74843028
   0.02191759  0.96528411  0.96248451
   0.09446092  0.04542484  0.85111592
   0.61785628  0.05827154  0.44853926
   0.32181045  0.82141434  0.09626186
   0.52633576  0.97441383  0.36229173
   0.27710145  0.69153442  0.19517919
   0.50296100  0.99524832  0.24843025
   0.02191759  0.46528414  0.46248451
   0.09446092  0.54542486  0.35111598
   0.32602774  0.16851175  0.50114829
   0.32602774  0.66851181  1.00114832
   0.82566944  0.83074631  0.50097647
   0.82566944  0.33074637  0.00097647
   0.28794781  0.24446989  0.34618362
   0.28794781  0.74446989  0.84618365
   0.29497373  0.24702834  0.44999972
   0.29497373  0.74702834  0.94999972
