   0.25200495  0.24664776  0.10459580
   0.23959010  0.27206949  0.22087651
   0.25200495  0.74664776  0.60459582
   0.23959010  0.77206952  0.72087647
   0.74601232  0.75029564  0.89343208
   0.72764121  0.72838171  0.78173014
   0.74601232  0.25029564  0.39343211
   0.72764121  0.22838172  0.28173008
   0.75101537  0.75266082  0.10479598
   0.74209215  0.72952519  0.22048040
   0.75101537  0.25266085  0.60479600
   0.74209215  0.22952518  0.72048043
   0.25652071  0.24613537  0.89322167
   0.23467015  0.28135666  0.78193739
   0.25652071  0.74613540  0.39322170
   0.23467015  0.78135663  0.28193742
   0.24662623  0.24381386 -0.00219536
   0.24662623  0.74381386  0.49780464
   0.74248658  0.75797651  0.99647114
   0.74248658  0.25797651  0.49647108
   0.79766315  0.75018268  0.34693148
   0.79766315  0.25018268  0.84693148
   0.79555836  0.74986599  0.65299724
   0.79555836  0.24986600  0.15299726
   0.79437014  0.75346238  0.44939377
   0.79437014  0.25346238  0.94939374
   0.29111026  0.24732188  0.54913763
   0.29527518  0.24907806  0.65297481
   0.29527518  0.74907806  0.15297481
   0.29111026  0.74732187  0.04913762
   0.79115750  0.75257787  0.54943226
   0.79115750  0.25257787  0.04943225
   0.60135870  0.55051142  0.05588937
   0.32394290  0.32225426  0.40353954
   0.52652720  0.47329095  0.13776753
   0.29889914  0.18072167  0.30247636
   0.50405704  0.49555425  0.25127555
   0.01120738  0.95952605  0.03965986
   0.10427155  0.05288302  0.15004114
   0.60135870  0.05051143  0.55588934
   0.32394290  0.82225426  0.90353954
   0.52652720  0.97329098  0.63776751
   0.29889914  0.68072164  0.80247636
   0.50405704  0.99555428  0.75127558
   0.01120738  0.45952608  0.53965986
   0.10427155  0.55288307  0.65004117
   0.10562774  0.43976388  0.94709422
   0.82079833  0.67980404  0.59657374
   0.02542407  0.52556617  0.86214343
   0.78903814  0.80975297  0.69632655
   0.00164833  0.50326553  0.74873118
   0.51487051  0.03999250  0.96215020
   0.60534361  0.94837808  0.84972089
   0.10562774  0.93976391  0.44709419
   0.82079833  0.17980404  0.09657375
   0.02542407  0.02556619  0.36214343
   0.78903814  0.30975297  0.19632655
   0.00164833  0.00326556  0.24873120
   0.51487051  0.53999253  0.46215017
   0.60534361  0.44837814  0.34972092
   0.10303227  0.44667090  0.05508813
   0.81637722  0.68294120  0.40362208
   0.02659454  0.52487191  0.13784636
   0.79402809  0.81290055  0.30314450
   0.00155015  0.50541443  0.25119412
   0.50926719  0.04336725  0.04013927
   0.60507276  0.94544530  0.15038756
   0.10303227  0.94667087  0.55508817
   0.81637722  0.18294121  0.90362211
   0.02659454  0.02487188  0.63784633
   0.79402809  0.31290058  0.80314447
   0.00155015  0.00541444  0.75119412
   0.50926719  0.54336726  0.54013924
   0.60507276  0.44544530  0.65038759
   0.60789946  0.55679242  0.94752479
   0.32215037  0.32018738  0.59678636
   0.52870663  0.47265068  0.86212364
   0.29027958  0.18877640  0.69611715
   0.50368081  0.49453272  0.74866676
   0.01042281  0.96179976  0.96149569
   0.10652553  0.05680520  0.84951127
   0.60789946  0.05679237  0.44752485
   0.32215037  0.82018738  0.09678637
   0.52870663  0.97265065  0.36212361
   0.29027958  0.68877640  0.19611710
   0.50368081  0.99453272  0.24866673
   0.01042281  0.46179979  0.46149569
   0.10652553  0.55680522  0.34951133
   0.31995625  0.16529139  0.50117987
   0.31995625  0.66529145  1.00117990
   0.81904396  0.83317870  0.50075279
   0.81904396  0.33317876  0.00075279
   0.29121704  0.24821654  0.34608604
   0.29121704  0.74821654  0.84608607
   0.28738606  0.24754042  0.44873104
   0.28738606  0.74754042  0.94873104
