   0.25018289  0.24769764  0.10387452
   0.23771728  0.27353498  0.22064814
   0.25018289  0.74769764  0.60387453
   0.23771728  0.77353501  0.72064810
   0.74181273  0.75143560  0.89369879
   0.71976329  0.73091280  0.78207198
   0.74181273  0.25143560  0.39369881
   0.71976329  0.23091282  0.28207192
   0.74899319  0.75105518  0.10380210
   0.74732634  0.73122742  0.22054292
   0.74899319  0.25105521  0.60380212
   0.74732634  0.23122741  0.72054295
   0.25539428  0.24385184  0.89339209
   0.23528112  0.28214835  0.78167144
   0.25539428  0.74385187  0.39339212
   0.23528112  0.78214832  0.28167147
   0.25169356  0.24589343 -0.00284622
   0.25169356  0.74589343  0.49715378
   0.74643518  0.75731313  0.99717999
   0.74643518  0.25731313  0.49717993
   0.79585794  0.75071734  0.34693857
   0.79585794  0.25071734  0.84693857
   0.79339216  0.74983292  0.65260305
   0.79339216  0.24983293  0.15260307
   0.79809907  0.75393761  0.45009673
   0.79809907  0.25393761  0.95009670
   0.29127550  0.24813805  0.54896251
   0.29288187  0.24890971  0.65262487
   0.29288187  0.74890971  0.15262487
   0.29127550  0.74813803  0.04896250
   0.79239981  0.75080487  0.54921460
   0.79239981  0.25080487  0.04921460
   0.59407649  0.54261164  0.05543231
   0.32638226  0.31996674  0.40425562
   0.52381716  0.47276259  0.13729319
   0.30823693  0.18342763  0.30256174
   0.50353253  0.49753993  0.25108489
   0.01596779  0.96356131  0.03988102
   0.10248107  0.05316841  0.14904019
   0.59407649  0.04261165  0.55543229
   0.32638226  0.81996674  0.90425562
   0.52381716  0.97276262  0.63729317
   0.30823693  0.68342760  0.80256174
   0.50353253  0.99753996  0.75108492
   0.01596779  0.46356134  0.53988101
   0.10248107  0.55316846  0.64904022
   0.11305680  0.43840867  0.94836373
   0.82009176  0.67859543  0.59630232
   0.02429934  0.52398950  0.86185222
   0.78876247  0.80597142  0.69559302
   0.00187573  0.50459284  0.74916998
   0.52204008  0.03716508  0.96230494
   0.59881620  0.95097115  0.85057411
   0.11305680  0.93840870  0.44836370
   0.82009176  0.17859543  0.09630233
   0.02429934  0.02398952  0.36185222
   0.78876247  0.30597142  0.19559302
   0.00187573  0.00459287  0.24916999
   0.52204008  0.53716510  0.46230491
   0.59881620  0.45097121  0.35057414
   0.09400599  0.45544975  0.05536374
   0.81375412  0.68699883  0.40425391
   0.02390061  0.52572533  0.13712895
   0.79146930  0.80813727  0.30351840
   0.00194473  0.50678248  0.25126273
   0.51720990  0.03516300  0.03970821
   0.60233055  0.94575054  0.14915949
   0.09400599  0.95544972  0.55536378
   0.81375412  0.18699885  0.90425394
   0.02390061  0.02572530  0.63712892
   0.79146930  0.30813730  0.80351837
   0.00194473  0.00678248  0.75126273
   0.51720990  0.53516301  0.53970818
   0.60233055  0.44575054  0.64915952
   0.61236091  0.55646061  0.94832195
   0.32141024  0.32049985  0.59628648
   0.52616865  0.47269538  0.86216978
   0.28202385  0.19196155  0.69552352
   0.50444076  0.49491142  0.74866594
   0.01849230  0.96535301  0.96210168
   0.10028774  0.05033159  0.85068400
   0.61236091  0.05646056  0.44832201
   0.32141024  0.82049985  0.09628650
   0.52616865  0.97269535  0.36216975
   0.28202385  0.69196155  0.19552347
   0.50444076  0.99491142  0.24866591
   0.01849230  0.46535304  0.46210168
   0.10028774  0.55033162  0.35068406
   0.32393297  0.16911788  0.50105345
   0.32393297  0.66911794  1.00105348
   0.82305592  0.83025713  0.50083051
   0.82305592  0.33025719  0.00083051
   0.28912369  0.24594796  0.34615656
   0.28912369  0.74594796  0.84615659
   0.29214463  0.24831305  0.44962526
   0.29214463  0.74831305  0.94962526
