   0.24995113  0.24795211  0.10378297
   0.23716836  0.27401920  0.22054350
   0.24995113  0.74795211  0.60378298
   0.23716836  0.77401923  0.72054346
   0.74171098  0.75171028  0.89373041
   0.71885268  0.73099874  0.78203799
   0.74171098  0.25171028  0.39373044
   0.71885268  0.23099876  0.28203793
   0.74856836  0.75102085  0.10371507
   0.74749329  0.73148255  0.22048788
   0.74856836  0.25102088  0.60371509
   0.74749329  0.23148254  0.72048791
   0.25523048  0.24295278  0.89340774
   0.23507797  0.28233182  0.78158087
   0.25523048  0.74295281  0.39340777
   0.23507797  0.78233179  0.28158090
   0.25251834  0.24553626 -0.00281948
   0.25251834  0.74553626  0.49718052
   0.74723531  0.75760978  0.99722411
   0.74723531  0.25760978  0.49722405
   0.79541357  0.75088774  0.34698052
   0.79541357  0.25088774  0.84698052
   0.79298083  0.74981073  0.65250079
   0.79298083  0.24981075  0.15250081
   0.79904720  0.75414351  0.45019900
   0.79904720  0.25414351  0.95019897
   0.29149013  0.24807682  0.54893520
   0.29230279  0.24897401  0.65251120
   0.29230279  0.74897401  0.15251120
   0.29149013  0.74807681  0.04893519
   0.79261773  0.75079130  0.54919346
   0.79261773  0.25079130  0.04919345
   0.59297341  0.54128807  0.05548639
   0.32663698  0.31968262  0.40442951
   0.52323883  0.47261447  0.13722503
   0.30881223  0.18332695  0.30257660
   0.50320174  0.49773273  0.25099001
   0.01726775  0.96456686  0.03985432
   0.10210590  0.05332697  0.14892371
   0.59297341  0.04128807  0.55548637
   0.32663698  0.81968262  0.90442951
   0.52323883  0.97261450  0.63722501
   0.30881223  0.68332692  0.80257660
   0.50320174  0.99773276  0.75099004
   0.01726775  0.46456689  0.53985431
   0.10210590  0.55332702  0.64892374
   0.11471927  0.43766565  0.94842022
   0.81982358  0.67823834  0.59627232
   0.02429484  0.52332216  0.86186160
   0.78909086  0.80629565  0.69546592
   0.00158701  0.50491190  0.74913582
   0.52323619  0.03714437  0.96241982
   0.59707215  0.95214275  0.85076221
   0.11471927  0.93766568  0.44842019
   0.81982358  0.17823834  0.09627233
   0.02429484  0.02332218  0.36186160
   0.78909086  0.30629565  0.19546592
   0.00158701  0.00491193  0.24913583
   0.52323619  0.53714439  0.46241979
   0.59707215  0.45214281  0.35076224
   0.09295097  0.45664934  0.05544335
   0.81416284  0.68710211  0.40438940
   0.02339657  0.52575231  0.13697782
   0.79090478  0.80827146  0.30354069
   0.00172616  0.50716345  0.25119084
   0.51859229  0.03395339  0.03964856
   0.60201011  0.94560298  0.14910848
   0.09295097  0.95664931  0.55544339
   0.81416284  0.18710212  0.90438943
   0.02339657  0.02575228  0.63697779
   0.79090478  0.30827149  0.80354066
   0.00172616  0.00716345  0.75119084
   0.51859229  0.53395340  0.53964854
   0.60201011  0.44560298  0.64910851
   0.61404227  0.55701709  0.94839924
   0.32146019  0.32078114  0.59624744
   0.52619405  0.47307987  0.86224825
   0.28028319  0.19190523  0.69538670
   0.50415248  0.49501016  0.74861118
   0.01961867  0.96542953  0.96223666
   0.09851905  0.04886660  0.85083698
   0.61404227  0.05701704  0.44839930
   0.32146019  0.82078114  0.09624746
   0.52619405  0.97307984  0.36224822
   0.28028319  0.69190523  0.19538666
   0.50415248  0.99501016  0.24861115
   0.01961867  0.46542956  0.46223666
   0.09851905  0.54886663  0.35083704
   0.32454320  0.16895959  0.50107324
   0.32454320  0.66895965  1.00107327
   0.82391522  0.83043657  0.50087013
   0.82391522  0.33043663  0.00087013
   0.28881507  0.24549113  0.34620496
   0.28881507  0.74549113  0.84620499
   0.29299272  0.24796994  0.44975128
   0.29299272  0.74796994  0.94975128
