   0.24987429  0.24865543  0.10362531
   0.23482606  0.27522495  0.22019313
   0.24987429  0.74865543  0.60362533
   0.23482606  0.77522498  0.72019309
   0.74141694  0.75277220  0.89370301
   0.71646392  0.73129572  0.78175866
   0.74141694  0.25277220  0.39370304
   0.71646392  0.23129573  0.28175860
   0.74814406  0.75087545  0.10358944
   0.74642756  0.73195035  0.22023605
   0.74814406  0.25087547  0.60358946
   0.74642756  0.23195034  0.72023608
   0.25522506  0.24036059  0.89329233
   0.23349690  0.28293776  0.78127458
   0.25522506  0.74036062  0.39329236
   0.23349690  0.78293773  0.28127461
   0.25476419  0.24443891 -0.00272552
   0.25476419  0.74443891  0.49727448
   0.74954121  0.75818783  0.99733975
   0.74954121  0.25818783  0.49733969
   0.79416632  0.75164323  0.34695736
   0.79416632  0.25164323  0.84695736
   0.79242544  0.74959445  0.65226917
   0.79242544  0.24959446  0.15226918
   0.80175763  0.75453883  0.45041124
   0.80175763  0.25453883  0.95041121
   0.29231410  0.24801408  0.54898077
   0.29139320  0.24930488  0.65228547
   0.29139320  0.74930488  0.15228547
   0.29231410  0.74801406  0.04898076
   0.79339113  0.75079949  0.54923963
   0.79339113  0.25079949  0.04923963
   0.59050678  0.53812704  0.05575406
   0.32731157  0.31870941  0.40483869
   0.52239701  0.47225006  0.13712605
   0.30861356  0.18324102  0.30252473
   0.50154644  0.49805355  0.25070187
   0.02069601  0.96714604  0.03987608
   0.10208250  0.05396873  0.14880048
   0.59050678  0.03812705  0.55575404
   0.32731157  0.81870941  0.90483869
   0.52239701  0.97225009  0.63712603
   0.30861356  0.68324099  0.80252473
   0.50154644  0.99805358  0.75070190
   0.02069601  0.46714607  0.53987607
   0.10208250  0.55396878  0.64880051
   0.11920561  0.43538029  0.94855676
   0.81974809  0.67739308  0.59630381
   0.02454902  0.52149317  0.86182261
   0.78974017  0.80739513  0.69520980
  -0.00007396  0.50557171  0.74894421
   0.52622624  0.03704435  0.96269239
   0.59162213  0.95588939  0.85122829
   0.11920561  0.93538032  0.44855673
   0.81974809  0.17739308  0.09630383
   0.02454902  0.02149319  0.36182261
   0.78974017  0.30739513  0.19520980
  -0.00007396  0.00557174  0.24894422
   0.52622624  0.53704438  0.46269236
   0.59162213  0.45588945  0.35122832
   0.09042725  0.45986746  0.05573960
   0.81519321  0.68751328  0.40468466
   0.02277664  0.52590989  0.13671698
   0.78990871  0.80846661  0.30352444
   0.00012983  0.50801107  0.25095975
   0.52197953  0.03133410  0.03965211
   0.60207678  0.94489158  0.14914613
   0.09042725  0.95986743  0.55573964
   0.81519321  0.18751329  0.90468469
   0.02277664  0.02590986  0.63671695
   0.78990871  0.30846664  0.80352441
   0.00012983  0.00801107  0.75095975
   0.52197953  0.53133411  0.53965208
   0.60207678  0.44489158  0.64914616
   0.61864808  0.55850842  0.94857369
   0.32192457  0.32154137  0.59627568
   0.52631522  0.47471181  0.86228374
   0.27671552  0.19148223  0.69513729
   0.50260658  0.49529141  0.74838580
   0.02239563  0.96523783  0.96253537
   0.09356529  0.04472373  0.85116997
   0.61864808  0.05850837  0.44857375
   0.32192457  0.82154137  0.09627569
   0.52631522  0.97471178  0.36228371
   0.27671552  0.69148223  0.19513724
   0.50260658  0.99529141  0.24838577
   0.02239563  0.46523786  0.46253537
   0.09356529  0.54472375  0.35117003
   0.32635590  0.16842851  0.50117468
   0.32635590  0.66842857  1.00117471
   0.82603848  0.83078591  0.50100484
   0.82603848  0.33078597  0.00100484
   0.28767697  0.24423742  0.34616418
   0.28767697  0.74423742  0.84616421
   0.29546635  0.24680008  0.45006079
   0.29546635  0.74680008  0.95006079
