   0.24979307  0.24845354  0.10366108
   0.23560124  0.27493095  0.22029687
   0.24979307  0.74845354  0.60366109
   0.23560124  0.77493098  0.72029682
   0.74156460  0.75246509  0.89372048
   0.71716036  0.73118819  0.78185875
   0.74156460  0.25246509  0.39372051
   0.71716036  0.23118821  0.28185869
   0.74812533  0.75094227  0.10361826
   0.74697887  0.73183835  0.22031901
   0.74812533  0.25094230  0.60361828
   0.74697887  0.23183833  0.72031904
   0.25523686  0.24107870  0.89333972
   0.23410568  0.28278457  0.78137070
   0.25523686  0.74107873  0.39333975
   0.23410568  0.78278454  0.28137073
   0.25409336  0.24471845 -0.00275513
   0.25409336  0.74471845  0.49724487
   0.74886631  0.75806709  0.99730534
   0.74886631  0.25806709  0.49730528
   0.79455024  0.75141695  0.34697351
   0.79455024  0.25141695  0.84697351
   0.79248989  0.74967546  0.65233834
   0.79248989  0.24967547  0.15233836
   0.80099147  0.75444329  0.45035085
   0.80099147  0.25444329  0.95035082
   0.29203907  0.24802049  0.54895658
   0.29151864  0.24917282  0.65235265
   0.29151864  0.74917282  0.15235265
   0.29203907  0.74802047  0.04895656
   0.79312782  0.75080208  0.54921627
   0.79312782  0.25080208  0.04921626
   0.59111247  0.53897421  0.05566904
   0.32713576  0.31897670  0.40472556
   0.52252533  0.47234686  0.13715155
   0.30886936  0.18321776  0.30255737
   0.50212083  0.49798404  0.25078587
   0.01976439  0.96649221  0.03985241
   0.10192276  0.05372157  0.14881544
   0.59111247  0.03897422  0.55566902
   0.32713576  0.81897670  0.90472556
   0.52252533  0.97234689  0.63715154
   0.30886936  0.68321773  0.80255737
   0.50212083  0.99798407  0.75078590
   0.01976439  0.46649224  0.53985240
   0.10192276  0.55372162  0.64881547
   0.11796154  0.43603877  0.94851196
   0.81966422  0.67760304  0.59628411
   0.02453425  0.52201112  0.86184534
   0.78964278  0.80712126  0.69527497
   0.00051800  0.50540946  0.74900981
   0.52536198  0.03707475  0.96261328
   0.59321514  0.95477778  0.85110026
   0.11796154  0.93603880  0.44851193
   0.81966422  0.17760304  0.09628413
   0.02453425  0.02201114  0.36184534
   0.78964278  0.30712126  0.19527497
   0.00051800  0.00540949  0.24900982
   0.52536198  0.53707478  0.46261325
   0.59321514  0.45477784  0.35110029
   0.09105793  0.45898714  0.05564789
   0.81493578  0.68738787  0.40460246
   0.02285826  0.52582542  0.13677292
   0.79016167  0.80849181  0.30354218
   0.00071184  0.50780099  0.25103319
   0.52106971  0.03197618  0.03962893
   0.60190273  0.94512449  0.14913071
   0.09105793  0.95898711  0.55564794
   0.81493578  0.18738788  0.90460249
   0.02285826  0.02582539  0.63677289
   0.79016167  0.30849184  0.80354215
   0.00071184  0.00780100  0.75103319
   0.52106971  0.53197618  0.53962891
   0.60190273  0.44512449  0.64913074
   0.61735000  0.55811978  0.94851797
   0.32174691  0.32133256  0.59625600
   0.52632380  0.47423316  0.86229524
   0.27740806  0.19158497  0.69519955
   0.50315648  0.49521804  0.74845632
   0.02162786  0.96529814  0.96245141
   0.09501877  0.04586934  0.85108247
   0.61735000  0.05811973  0.44851803
   0.32174691  0.82133256  0.09625602
   0.52632380  0.97423313  0.36229521
   0.27740806  0.69158497  0.19519950
   0.50315648  0.99521804  0.24845629
   0.02162786  0.46529817  0.46245141
   0.09501877  0.54586936  0.35108253
   0.32581324  0.16857007  0.50113246
   0.32581324  0.66857013  1.00113249
   0.82542589  0.83071987  0.50095852
   0.82542589  0.33071993  0.00095852
   0.28806762  0.24458800  0.34619802
   0.28806762  0.74458800  0.84619805
   0.29477149  0.24712418  0.44997345
   0.29477149  0.74712418  0.94997345
