   0.24978877  0.24834320  0.10368416
   0.23596525  0.27475812  0.22035594
   0.24978877  0.74834320  0.60368418
   0.23596525  0.77475815  0.72035590
   0.74161532  0.75230048  0.89372367
   0.71751644  0.73112994  0.78190145
   0.74161532  0.25230048  0.39372369
   0.71751644  0.23112995  0.28190139
   0.74815849  0.75097921  0.10363632
   0.74717640  0.73178234  0.22036435
   0.74815849  0.25097924  0.60363635
   0.74717640  0.23178233  0.72036438
   0.25522894  0.24147088  0.89335730
   0.23438020  0.28270125  0.78141462
   0.25522894  0.74147090  0.39335733
   0.23438020  0.78270122  0.28141465
   0.25373701  0.24488534 -0.00277123
   0.25373701  0.74488534  0.49722877
   0.74848974  0.75799408  0.99728566
   0.74848974  0.25799408  0.49728560
   0.79474062  0.75129805  0.34698092
   0.79474062  0.25129805  0.84698092
   0.79256382  0.74970555  0.65237071
   0.79256382  0.24970557  0.15237073
   0.80057153  0.75440183  0.45031812
   0.80057153  0.25440183  0.95031809
   0.29189164  0.24802396  0.54894714
   0.29163959  0.24912420  0.65238283
   0.29163959  0.74912420  0.15238283
   0.29189164  0.74802395  0.04894713
   0.79299307  0.75080514  0.54920710
   0.79299307  0.25080514  0.04920710
   0.59146908  0.53943132  0.05562531
   0.32704091  0.31914030  0.40466161
   0.52264138  0.47240358  0.13716569
   0.30894348  0.18322470  0.30257051
   0.50239640  0.49793235  0.25083072
   0.01926941  0.96612365  0.03984758
   0.10190235  0.05359365  0.14882828
   0.59146908  0.03943133  0.55562529
   0.32704091  0.81914030  0.90466161
   0.52264138  0.97240361  0.63716568
   0.30894348  0.68322467  0.80257051
   0.50239640  0.99793237  0.75083075
   0.01926941  0.46612368  0.53984758
   0.10190235  0.55359371  0.64882831
   0.11724437  0.43637068  0.94849029
   0.81965397  0.67772774  0.59627307
   0.02449804  0.52226767  0.86185350
   0.78956812  0.80696702  0.69531222
   0.00079811  0.50530701  0.74904296
   0.52491098  0.03710518  0.96257189
   0.59407416  0.95423169  0.85103100
   0.11724437  0.93637071  0.44849026
   0.81965397  0.17772774  0.09627308
   0.02449804  0.02226769  0.36185350
   0.78956812  0.30696702  0.19531222
   0.00079811  0.00530704  0.24904297
   0.52491098  0.53710521  0.46257186
   0.59407416  0.45423175  0.35103103
   0.09142553  0.45850607  0.05559991
   0.81478728  0.68732520  0.40456005
   0.02295084  0.52579910  0.13680861
   0.79028883  0.80847345  0.30355204
   0.00098279  0.50768225  0.25106925
   0.52058756  0.03234471  0.03962523
   0.60186265  0.94524981  0.14912124
   0.09142553  0.95850604  0.55559995
   0.81478728  0.18732522  0.90456008
   0.02295084  0.02579907  0.63680858
   0.79028883  0.30847348  0.80355201
   0.00098279  0.00768225  0.75106925
   0.52058756  0.53234472  0.53962521
   0.60186265  0.44524981  0.64912127
   0.61664683  0.55788433  0.94849034
   0.32166852  0.32121476  0.59624479
   0.52634500  0.47396888  0.86229506
   0.27791647  0.19163629  0.69523663
   0.50341584  0.49517409  0.74849391
   0.02117586  0.96537032  0.96240731
   0.09575119  0.04651748  0.85103424
   0.61664683  0.05788429  0.44849040
   0.32166852  0.82121476  0.09624480
   0.52634500  0.97396885  0.36229503
   0.27791647  0.69163629  0.19523658
   0.50341584  0.99517409  0.24849388
   0.02117586  0.46537035  0.46240731
   0.09575119  0.54651750  0.35103430
   0.32553408  0.16864944  0.50111737
   0.32553408  0.66864950  1.00111740
   0.82510543  0.83067525  0.50093717
   0.82510543  0.33067531  0.00093717
   0.28820696  0.24474570  0.34620756
   0.28820696  0.74474570  0.84620759
   0.29448043  0.24725256  0.44993550
   0.29448043  0.74725256  0.94993550
