   0.24980955  0.24832691  0.10368961
   0.23608000  0.27470179  0.22036896
   0.24980955  0.74832691  0.60368962
   0.23608000  0.77470182  0.72036891
   0.74160401  0.75223819  0.89372764
   0.71761267  0.73112680  0.78191712
   0.74160401  0.25223819  0.39372767
   0.71761267  0.23112682  0.28191706
   0.74820743  0.75098365  0.10364082
   0.74721623  0.73175911  0.22037265
   0.74820743  0.25098368  0.60364084
   0.74721623  0.23175910  0.72037268
   0.25521659  0.24155295  0.89336607
   0.23442508  0.28267134  0.78143140
   0.25521659  0.74155298  0.39336610
   0.23442508  0.78267131  0.28143143
   0.25368380  0.24491626 -0.00277244
   0.25368380  0.74491626  0.49722756
   0.74847517  0.75796503  0.99728454
   0.74847517  0.25796503  0.49728448
   0.79477220  0.75125911  0.34698070
   0.79477220  0.25125911  0.84698070
   0.79256383  0.74971606  0.65237354
   0.79256383  0.24971608  0.15237355
   0.80049921  0.75436500  0.45031301
   0.80049921  0.25436500  0.95031298
   0.29187971  0.24802819  0.54894643
   0.29166248  0.24913040  0.65238684
   0.29166248  0.74913040  0.15238684
   0.29187971  0.74802817  0.04894642
   0.79297039  0.75081345  0.54920572
   0.79297039  0.25081345  0.04920572
   0.59160465  0.53959012  0.05561424
   0.32699649  0.31916599  0.40465141
   0.52266508  0.47244257  0.13716460
   0.30892253  0.18322826  0.30257317
   0.50245598  0.49792513  0.25084330
   0.01910216  0.96598133  0.03984604
   0.10187946  0.05358963  0.14883293
   0.59160465  0.03959013  0.55561422
   0.32699649  0.81916599  0.90465141
   0.52266508  0.97244260  0.63716459
   0.30892253  0.68322824  0.80257317
   0.50245598  0.99792516  0.75084333
   0.01910216  0.46598136  0.53984603
   0.10187946  0.55358968  0.64883296
   0.11708702  0.43647251  0.94848695
   0.81965656  0.67778417  0.59627278
   0.02442515  0.52234901  0.86185553
   0.78950807  0.80691748  0.69531638
   0.00086359  0.50528770  0.74904895
   0.52483746  0.03711618  0.96256246
   0.59429233  0.95403970  0.85100890
   0.11708702  0.93647254  0.44848692
   0.81965656  0.17778417  0.09627280
   0.02442515  0.02234903  0.36185553
   0.78950807  0.30691748  0.19531638
   0.00086359  0.00528773  0.24904897
   0.52483746  0.53711620  0.46256243
   0.59429233  0.45403976  0.35100893
   0.09156080  0.45836430  0.05558687
   0.81473670  0.68729620  0.40454785
   0.02295914  0.52579681  0.13681740
   0.79032279  0.80846365  0.30355018
   0.00104100  0.50764454  0.25107942
   0.52042137  0.03250037  0.03962628
   0.60183838  0.94528825  0.14911647
   0.09156080  0.95836427  0.55558692
   0.81473670  0.18729621  0.90454788
   0.02295914  0.02579679  0.63681737
   0.79032279  0.30846368  0.80355015
   0.00104100  0.00764455  0.75107942
   0.52042137  0.53250038  0.53962626
   0.60183838  0.44528825  0.64911650
   0.61650054  0.55778172  0.94848564
   0.32162974  0.32118429  0.59624550
   0.52628618  0.47387973  0.86229364
   0.27808450  0.19167687  0.69524154
   0.50347314  0.49517345  0.74850215
   0.02111392  0.96534150  0.96239681
   0.09597191  0.04670988  0.85101618
   0.61650054  0.05778168  0.44848570
   0.32162974  0.82118429  0.09624552
   0.52628618  0.97387970  0.36229361
   0.27808450  0.69167687  0.19524149
   0.50347314  0.99517345  0.24850212
   0.02111392  0.46534153  0.46239681
   0.09597191  0.54670991  0.35101624
   0.32547352  0.16867152  0.50111464
   0.32547352  0.66867158  1.00111467
   0.82502023  0.83065366  0.50093383
   0.82502023  0.33065372  0.00093383
   0.28825355  0.24481628  0.34621174
   0.28825355  0.74481628  0.84621177
   0.29433738  0.24731277  0.44992351
   0.29433738  0.74731277  0.94992351
