   0.24986464  0.24862633  0.10363093
   0.23497745  0.27517273  0.22021108
   0.24986464  0.74862633  0.60363094
   0.23497745  0.77517276  0.72021103
   0.74146068  0.75271558  0.89370558
   0.71661016  0.73128302  0.78178149
   0.74146068  0.25271558  0.39370561
   0.71661016  0.23128304  0.28178143
   0.74814542  0.75088806  0.10359396
   0.74654518  0.73193589  0.22025048
   0.74814542  0.25088809  0.60359399
   0.74654518  0.23193587  0.72025051
   0.25524316  0.24048562  0.89330265
   0.23362924  0.28289880  0.78129598
   0.25524316  0.74048565  0.39330268
   0.23362924  0.78289877  0.28129601
   0.25463793  0.24448262 -0.00273253
   0.25463793  0.74448262  0.49726747
   0.74946134  0.75817238  0.99733400
   0.74946134  0.25817238  0.49733394
   0.79423178  0.75159449  0.34696470
   0.79423178  0.25159449  0.84696470
   0.79242034  0.74963144  0.65229673
   0.79242034  0.24963145  0.15229674
   0.80164311  0.75450873  0.45039767
   0.80164311  0.25450873  0.95039764
   0.29226418  0.24801411  0.54897359
   0.29139422  0.24926183  0.65231123
   0.29139422  0.74926183  0.15231123
   0.29226418  0.74801410  0.04897358
   0.79333238  0.75080691  0.54923225
   0.79333238  0.25080691  0.04923224
   0.59061864  0.53829883  0.05573688
   0.32727688  0.31875681  0.40481757
   0.52240741  0.47227164  0.13713092
   0.30866909  0.18323654  0.30253106
   0.50166933  0.49804223  0.25072012
   0.02050151  0.96701921  0.03987092
   0.10202643  0.05391544  0.14880250
   0.59061864  0.03829884  0.55573686
   0.32727688  0.81875681  0.90481757
   0.52240741  0.97227167  0.63713091
   0.30866909  0.68323651  0.80253106
   0.50166933  0.99804226  0.75072015
   0.02050151  0.46701924  0.53987091
   0.10202643  0.55391549  0.64880253
   0.11896664  0.43553152  0.94854818
   0.81971606  0.67743752  0.59630182
   0.02454596  0.52159957  0.86182768
   0.78971865  0.80731733  0.69521084
   0.00005466  0.50553758  0.74895856
   0.52605483  0.03705154  0.96267650
   0.59193347  0.95564541  0.85120063
   0.11896664  0.93553155  0.44854815
   0.81971606  0.17743752  0.09630183
   0.02454596  0.02159959  0.36182768
   0.78971865  0.30731733  0.19521084
   0.00005466  0.00553761  0.24895858
   0.52605483  0.53705156  0.46267647
   0.59193347  0.45564547  0.35120066
   0.09054316  0.45969241  0.05572100
   0.81513557  0.68749278  0.40466745
   0.02277960  0.52589073  0.13672690
   0.78995628  0.80848432  0.30352389
   0.00025415  0.50797075  0.25097682
   0.52179305  0.03146165  0.03964704
   0.60202035  0.94494297  0.14914307
   0.09054316  0.95969238  0.55572104
   0.81513557  0.18749279  0.90466748
   0.02277960  0.02589070  0.63672687
   0.78995628  0.30848435  0.80352386
   0.00025415  0.00797076  0.75097682
   0.52179305  0.53146166  0.53964701
   0.60202035  0.44494297  0.64914310
   0.61839549  0.55842498  0.94856294
   0.32187666  0.32149719  0.59627331
   0.52630624  0.47461968  0.86228664
   0.27683355  0.19152658  0.69513917
   0.50272748  0.49528133  0.74840037
   0.02226510  0.96523194  0.96251813
   0.09387340  0.04495182  0.85115116
   0.61839549  0.05842494  0.44856300
   0.32187666  0.82149719  0.09627332
   0.52630624  0.97461965  0.36228661
   0.27683355  0.69152658  0.19513912
   0.50272748  0.99528133  0.24840034
   0.02226510  0.46523197  0.46251813
   0.09387340  0.54495184  0.35115122
   0.32623958  0.16846324  0.50116649
   0.32623958  0.66846330  1.00116651
   0.82590612  0.83077233  0.50099730
   0.82590612  0.33077239  0.00099730
   0.28775545  0.24429804  0.34616980
   0.28775545  0.74429804  0.84616983
   0.29531768  0.24685739  0.45004446
   0.29531768  0.74685739  0.95004446
