   0.25080568  0.24719546  0.10406178
   0.23850037  0.27270889  0.22080981
   0.25080568  0.74719546  0.60406179
   0.23850037  0.77270892  0.72080976
   0.74229718  0.75107696  0.89359358
   0.72201651  0.73077127  0.78200207
   0.74229718  0.25107696  0.39359361
   0.72201651  0.23077128  0.28200201
   0.75007096  0.75119458  0.10403496
   0.74627369  0.73049769  0.22058666
   0.75007096  0.25119461  0.60403498
   0.74627369  0.23049767  0.72058669
   0.25619746  0.24511975  0.89332193
   0.23531872  0.28208469  0.78182478
   0.25619746  0.74511978  0.39332196
   0.23531872  0.78208466  0.28182481
   0.25006070  0.24623237 -0.00284067
   0.25006070  0.74623237  0.49715933
   0.74479044  0.75674657  0.99699904
   0.74479044  0.25674657  0.49699898
   0.79691665  0.75056384  0.34687183
   0.79691665  0.25056384  0.84687183
   0.79427416  0.74998976  0.65283760
   0.79427416  0.24998977  0.15283761
   0.79638644  0.75349075  0.44989950
   0.79638644  0.25349075  0.94989947
   0.29112868  0.24827318  0.54902828
   0.29405551  0.24874877  0.65283434
   0.29405551  0.74874877  0.15283434
   0.29112868  0.74827316  0.04902827
   0.79207069  0.75101775  0.54927186
   0.79207069  0.25101775  0.04927186
   0.59641665  0.54523857  0.05545888
   0.32573810  0.32058160  0.40393837
   0.52498449  0.47303803  0.13745749
   0.30586555  0.18272407  0.30247334
   0.50378917  0.49703491  0.25122073
   0.01383274  0.96189753  0.03991895
   0.10314391  0.05283962  0.14931265
   0.59641665  0.04523858  0.55545886
   0.32573810  0.82058160  0.90393837
   0.52498449  0.97303806  0.63745748
   0.30586555  0.68272404  0.80247334
   0.50378917  0.99703494  0.75122076
   0.01383274  0.46189756  0.53991894
   0.10314391  0.55283968  0.64931268
   0.11040073  0.43927127  0.94823783
   0.82056141  0.67915769  0.59640408
   0.02456220  0.52483769  0.86187008
   0.78834800  0.80630517  0.69583725
   0.00183473  0.50409500  0.74915897
   0.51982187  0.03728335  0.96211176
   0.60168222  0.94961253  0.85022870
   0.11040073  0.93927130  0.44823780
   0.82056141  0.17915769  0.09640409
   0.02456220  0.02483771  0.36187008
   0.78834800  0.30630517  0.19583725
   0.00183473  0.00409503  0.24915899
   0.51982187  0.53728338  0.46211173
   0.60168222  0.44961259  0.35022873
   0.09632832  0.45315761  0.05528030
   0.81327392  0.68651469  0.40401757
   0.02494539  0.52551703  0.13742510
   0.79259200  0.80881919  0.30342155
   0.00185178  0.50596716  0.25136088
   0.51456482  0.03773787  0.03986769
   0.60307314  0.94597779  0.14938485
   0.09632832  0.95315758  0.55528034
   0.81327392  0.18651471  0.90401760
   0.02494539  0.02551700  0.63742507
   0.79259200  0.30881922  0.80342152
   0.00185178  0.00596716  0.75136088
   0.51456482  0.53773788  0.53986766
   0.60307314  0.44597779  0.64938488
   0.60974370  0.55573743  0.94812455
   0.32128063  0.32016402  0.59642945
   0.52662326  0.47228021  0.86202657
   0.28516569  0.19149151  0.69575161
   0.50444996  0.49462323  0.74872727
   0.01632974  0.96493902  0.96186031
   0.10328134  0.05294888  0.85034808
   0.60974370  0.05573738  0.44812461
   0.32128063  0.82016402  0.09642947
   0.52662326  0.97228018  0.36202654
   0.28516569  0.69149151  0.19575156
   0.50444996  0.99462323  0.24872724
   0.01632974  0.46493905  0.46186031
   0.10328134  0.55294890  0.35034814
   0.32291555  0.16895999  0.50107175
   0.32291555  0.66896005  1.00107178
   0.82135409  0.83016332  0.50077695
   0.82135409  0.33016338  0.00077695
   0.28978482  0.24664983  0.34603148
   0.28978482  0.74664983  0.84603151
   0.29029593  0.24872174  0.44932751
   0.29029593  0.74872174  0.94932751
