   0.24981926  0.24824627  0.10370570
   0.23629584  0.27457898  0.22040170
   0.24981926  0.74824627  0.60370571
   0.23629584  0.77457901  0.72040165
   0.74164699  0.75214346  0.89372983
   0.71785714  0.73109747  0.78194222
   0.74164699  0.25214346  0.39372986
   0.71785714  0.23109749  0.28194216
   0.74824771  0.75099947  0.10365350
   0.74730601  0.73171104  0.22039575
   0.74824771  0.25099950  0.60365352
   0.74730601  0.23171102  0.72039578
   0.25521081  0.24182575  0.89337600
   0.23458549  0.28260671  0.78145985
   0.25521081  0.74182578  0.39337603
   0.23458549  0.78260668  0.28145988
   0.25345621  0.24503635 -0.00278125
   0.25345621  0.74503635  0.49721875
   0.74820685  0.75790267  0.99727167
   0.74820685  0.25790267  0.49727161
   0.79489952  0.75119238  0.34698576
   0.79489952  0.25119238  0.84698576
   0.79264163  0.74974011  0.65239689
   0.79264163  0.24974013  0.15239690
   0.80021349  0.75433391  0.45029189
   0.80021349  0.25433391  0.95029186
   0.29180220  0.24803585  0.54894202
   0.29177423  0.24908819  0.65240838
   0.29177423  0.74908819  0.15240838
   0.29180220  0.74803583  0.04894201
   0.79290629  0.75080395  0.54920096
   0.79290629  0.25080395  0.04920095
   0.59183737  0.53988677  0.05558883
   0.32692200  0.31926735  0.40460645
   0.52276351  0.47246335  0.13717730
   0.30894761  0.18323607  0.30257783
   0.50261569  0.49788987  0.25087181
   0.01877830  0.96574676  0.03984353
   0.10190414  0.05352373  0.14884672
   0.59183737  0.03988678  0.55558881
   0.32692200  0.81926735  0.90460645
   0.52276351  0.97246338  0.63717728
   0.30894761  0.68323604  0.80257783
   0.50261569  0.99788990  0.75087184
   0.01877830  0.46574679  0.53984352
   0.10190414  0.55352378  0.64884675
   0.11664135  0.43669350  0.94847196
   0.81967179  0.67785612  0.59626940
   0.02442863  0.52254305  0.86185815
   0.78945321  0.80681683  0.69534711
   0.00101531  0.50521910  0.74906927
   0.52450820  0.03711301  0.96253414
   0.59482122  0.95367777  0.85096580
   0.11664135  0.93669353  0.44847193
   0.81967179  0.17785612  0.09626942
   0.02442863  0.02254307  0.36185815
   0.78945321  0.30681683  0.19534711
   0.00101531  0.00521913  0.24906928
   0.52450820  0.53711303  0.46253411
   0.59482122  0.45367783  0.35096583
   0.09179912  0.45804661  0.05555900
   0.81463843  0.68725642  0.40452057
   0.02303047  0.52578215  0.13684544
   0.79042012  0.80845132  0.30354680
   0.00119495  0.50756171  0.25110150
   0.52010054  0.03273346  0.03962462
   0.60185827  0.94535573  0.14911477
   0.09179912  0.95804658  0.55555904
   0.81463843  0.18725644  0.90452060
   0.02303047  0.02578212  0.63684541
   0.79042012  0.30845135  0.80354677
   0.00119495  0.00756172  0.75110150
   0.52010054  0.53273347  0.53962459
   0.60185827  0.44535573  0.64911480
   0.61601827  0.55766825  0.94846657
   0.32159551  0.32111073  0.59624207
   0.52628346  0.47373355  0.86228928
   0.27844019  0.19169756  0.69527327
   0.50361659  0.49513920  0.74852544
   0.02081427  0.96537482  0.96236608
   0.09645356  0.04710309  0.85098589
   0.61601827  0.05766820  0.44846663
   0.32159551  0.82111073  0.09624208
   0.52628346  0.97373352  0.36228925
   0.27844019  0.69169756  0.19527323
   0.50361659  0.99513920  0.24852541
   0.02081427  0.46537485  0.46236608
   0.09645356  0.54710312  0.35098594
   0.32528625  0.16872331  0.50110378
   0.32528625  0.66872337  1.00110381
   0.82481072  0.83061710  0.50091923
   0.82481072  0.33061716  0.00091923
   0.28836685  0.24493254  0.34621373
   0.28836685  0.74493254  0.84621376
   0.29409412  0.24743640  0.44989272
   0.29409412  0.74743640  0.94989272
