   0.24982050  0.24825081  0.10370405
   0.23628676  0.27458905  0.22039782
   0.24982050  0.74825081  0.60370407
   0.23628676  0.77458908  0.72039777
   0.74164861  0.75214833  0.89373090
   0.71785186  0.73109816  0.78194331
   0.74164861  0.25214833  0.39373093
   0.71785186  0.23109818  0.28194325
   0.74824633  0.75099691  0.10365196
   0.74730363  0.73170757  0.22039228
   0.74824633  0.25099693  0.60365198
   0.74730363  0.23170755  0.72039231
   0.25521003  0.24181990  0.89337688
   0.23458021  0.28260721  0.78146072
   0.25521003  0.74181993  0.39337691
   0.23458021  0.78260718  0.28146075
   0.25346430  0.24503336 -0.00278054
   0.25346430  0.74503336  0.49721946
   0.74821392  0.75790458  0.99727240
   0.74821392  0.25790458  0.49727234
   0.79489377  0.75119916  0.34698755
   0.79489377  0.25119916  0.84698755
   0.79263963  0.74974597  0.65239615
   0.79263963  0.24974599  0.15239617
   0.80022832  0.75433406  0.45029360
   0.80022832  0.25433406  0.95029357
   0.29181159  0.24803872  0.54894140
   0.29177034  0.24908416  0.65240711
   0.29177034  0.74908416  0.15240711
   0.29181159  0.74803870  0.04894139
   0.79291478  0.75080265  0.54919951
   0.79291478  0.25080265  0.04919951
   0.59182835  0.53988639  0.05558998
   0.32692153  0.31926577  0.40460607
   0.52276089  0.47246212  0.13717715
   0.30894699  0.18323825  0.30257725
   0.50261072  0.49789304  0.25087158
   0.01878165  0.96575641  0.03984323
   0.10190205  0.05352592  0.14884669
   0.59182835  0.03988640  0.55558996
   0.32692153  0.81926577  0.90460607
   0.52276089  0.97246215  0.63717714
   0.30894699  0.68323822  0.80257725
   0.50261072  0.99789307  0.75087161
   0.01878165  0.46575644  0.53984322
   0.10190205  0.55352598  0.64884672
   0.11665835  0.43669490  0.94847164
   0.81967196  0.67785475  0.59627137
   0.02443588  0.52254757  0.86185754
   0.78945817  0.80681898  0.69534488
   0.00101009  0.50522250  0.74906872
   0.52450459  0.03710477  0.96253445
   0.59479988  0.95368334  0.85096671
   0.11665835  0.93669493  0.44847161
   0.81967196  0.17785475  0.09627138
   0.02443588  0.02254759  0.36185754
   0.78945817  0.30681898  0.19534488
   0.00101009  0.00522253  0.24906874
   0.52450459  0.53710479  0.46253442
   0.59479988  0.45368340  0.35096674
   0.09179061  0.45804747  0.05556023
   0.81464123  0.68725532  0.40452016
   0.02302815  0.52578297  0.13684496
   0.79041801  0.80845363  0.30354501
   0.00119177  0.50756303  0.25110168
   0.52010409  0.03272446  0.03962425
   0.60185773  0.94535350  0.14911514
   0.09179061  0.95804744  0.55556027
   0.81464123  0.18725533  0.90452019
   0.02302815  0.02578295  0.63684493
   0.79041801  0.30845365  0.80354498
   0.00119177  0.00756303  0.75110168
   0.52010409  0.53272447  0.53962423
   0.60185773  0.44535350  0.64911517
   0.61601923  0.55768355  0.94846639
   0.32159683  0.32111273  0.59624392
   0.52627811  0.47374166  0.86228887
   0.27842870  0.19169716  0.69527247
   0.50361194  0.49513922  0.74852456
   0.02082348  0.96537094  0.96236635
   0.09644748  0.04708409  0.85098645
   0.61601923  0.05768350  0.44846645
   0.32159683  0.82111273  0.09624394
   0.52627811  0.97374163  0.36228884
   0.27842870  0.69169716  0.19527243
   0.50361194  0.99513922  0.24852453
   0.02082348  0.46537097  0.46236635
   0.09644748  0.54708411  0.35098650
   0.32528892  0.16872387  0.50110266
   0.32528892  0.66872393  1.00110269
   0.82481479  0.83061769  0.50091942
   0.82481479  0.33061775  0.00091942
   0.28835201  0.24491740  0.34621499
   0.28835201  0.74491740  0.84621501
   0.29413096  0.24741580  0.44990004
   0.29413096  0.74741580  0.94990004
