   0.24980257  0.24835131  0.10368064
   0.23598069  0.27475006  0.22034904
   0.24980257  0.74835131  0.60368065
   0.23598069  0.77475009  0.72034900
   0.74159802  0.75228425  0.89372984
   0.71749598  0.73113577  0.78190758
   0.74159802  0.25228425  0.39372987
   0.71749598  0.23113578  0.28190752
   0.74818568  0.75098505  0.10363331
   0.74717192  0.73178270  0.22035662
   0.74818568  0.25098508  0.60363333
   0.74717192  0.23178268  0.72035665
   0.25521639  0.24144478  0.89336401
   0.23434954  0.28271284  0.78142094
   0.25521639  0.74144481  0.39336404
   0.23434954  0.78271281  0.28142097
   0.25378948  0.24487277 -0.00276665
   0.25378948  0.74487277  0.49723335
   0.74857476  0.75798418  0.99729088
   0.74857476  0.25798418  0.49729082
   0.79471487  0.75129623  0.34698451
   0.79471487  0.25129623  0.84698451
   0.79254101  0.74969675  0.65234740
   0.79254101  0.24969676  0.15234741
   0.80061141  0.75437795  0.45032454
   0.80061141  0.25437795  0.95032451
   0.29192401  0.24803424  0.54894931
   0.29163226  0.24916674  0.65235738
   0.29163226  0.74916674  0.15235738
   0.29192401  0.74803422  0.04894930
   0.79301623  0.75080916  0.54920766
   0.79301623  0.25080916  0.04920766
   0.59151215  0.53947668  0.05562496
   0.32701586  0.31912423  0.40466250
   0.52263905  0.47242606  0.13716265
   0.30890864  0.18323207  0.30257322
   0.50239418  0.49793996  0.25083314
   0.01922447  0.96608606  0.03984769
   0.10187028  0.05361278  0.14882922
   0.59151215  0.03947669  0.55562494
   0.32701586  0.81912423  0.90466250
   0.52263905  0.97242609  0.63716263
   0.30890864  0.68323205  0.80257322
   0.50239418  0.99793999  0.75083317
   0.01922447  0.46608609  0.53984769
   0.10187028  0.55361283  0.64882925
   0.11727047  0.43639118  0.94849105
   0.81965356  0.67775868  0.59627491
   0.02444806  0.52230174  0.86185162
   0.78952457  0.80698227  0.69531832
   0.00079891  0.50531019  0.74904203
   0.52493766  0.03709320  0.96257217
   0.59407085  0.95416266  0.85102229
   0.11727047  0.93639121  0.44849102
   0.81965356  0.17775868  0.09627493
   0.02444806  0.02230176  0.36185162
   0.78952457  0.30698227  0.19531832
   0.00079891  0.00531022  0.24904204
   0.52493766  0.53709322  0.46257214
   0.59407085  0.45416272  0.35102232
   0.09146253  0.45848391  0.05559874
   0.81477766  0.68730831  0.40455404
   0.02293292  0.52580163  0.13680955
   0.79028758  0.80847518  0.30354397
   0.00097778  0.50767888  0.25107169
   0.52053950  0.03239832  0.03962764
   0.60183921  0.94527725  0.14911900
   0.09146253  0.95848388  0.55559878
   0.81477766  0.18730832  0.90455407
   0.02293292  0.02580161  0.63680952
   0.79028758  0.30847521  0.80354394
   0.00097778  0.00767889  0.75107169
   0.52053950  0.53239833  0.53962761
   0.60183921  0.44527725  0.64911903
   0.61666040  0.55786268  0.94849096
   0.32164502  0.32121286  0.59624656
   0.52627482  0.47395365  0.86229194
   0.27794157  0.19164182  0.69524571
   0.50341483  0.49518319  0.74849370
   0.02122736  0.96533078  0.96240730
   0.09580484  0.04653675  0.85102368
   0.61666040  0.05786263  0.44849102
   0.32164502  0.82121286  0.09624658
   0.52627482  0.97395362  0.36229191
   0.27794157  0.69164182  0.19524567
   0.50341483  0.99518319  0.24849367
   0.02122736  0.46533081  0.46240730
   0.09580484  0.54653677  0.35102374
   0.32554159  0.16865239  0.50111669
   0.32554159  0.66865245  1.00111672
   0.82510179  0.83066594  0.50093785
   0.82510179  0.33066600  0.00093785
   0.28816128  0.24473907  0.34622305
   0.28816128  0.74473907  0.84622308
   0.29453548  0.24721467  0.44995507
   0.29453548  0.74721467  0.94995507
