   0.24989491  0.24868271  0.10362082
   0.23472477  0.27525890  0.22018010
   0.24989491  0.74868271  0.60362084
   0.23472477  0.77525893  0.72018005
   0.74138593  0.75282380  0.89369880
   0.71637540  0.73131906  0.78174549
   0.74138593  0.25282380  0.39369883
   0.71637540  0.23131907  0.28174543
   0.74815939  0.75086543  0.10358561
   0.74634492  0.73196450  0.22022517
   0.74815939  0.25086546  0.60358563
   0.74634492  0.23196449  0.72022520
   0.25522413  0.24026573  0.89328511
   0.23341492  0.28295000  0.78126226
   0.25522413  0.74026576  0.39328514
   0.23341492  0.78294997  0.28126229
   0.25483869  0.24439947 -0.00272290
   0.25483869  0.74439947  0.49727710
   0.74963584  0.75821014  0.99734366
   0.74963584  0.25821014  0.49734360
   0.79410511  0.75165556  0.34696217
   0.79410511  0.25165556  0.84696217
   0.79242436  0.74958736  0.65226208
   0.79242436  0.24958738  0.15226210
   0.80186760  0.75453981  0.45041681
   0.80186760  0.25453981  0.95041678
   0.29235212  0.24801820  0.54898441
   0.29138635  0.24932297  0.65227969
   0.29138635  0.74932297  0.15227969
   0.29235212  0.74801819  0.04898440
   0.79342707  0.75080090  0.54924223
   0.79342707  0.25080090  0.04924223
   0.59043838  0.53802841  0.05576464
   0.32732660  0.31867419  0.40485604
   0.52239065  0.47224248  0.13712264
   0.30857178  0.18324435  0.30251619
   0.50147064  0.49806163  0.25069141
   0.02080550  0.96722192  0.03987950
   0.10211319  0.05400665  0.14880003
   0.59043838  0.03802842  0.55576461
   0.32732660  0.81867419  0.90485604
   0.52239065  0.97224251  0.63712262
   0.30857178  0.68324432  0.80251619
   0.50147064  0.99806166  0.75069144
   0.02080550  0.46722195  0.53987949
   0.10211319  0.55400670  0.64880006
   0.11935424  0.43531204  0.94856259
   0.81976601  0.67737112  0.59630731
   0.02453679  0.52142498  0.86181940
   0.78974992  0.80742966  0.69520221
  -0.00015310  0.50559394  0.74893504
   0.52632671  0.03704688  0.96270218
   0.59141449  0.95602281  0.85124364
   0.11935424  0.93531207  0.44856256
   0.81976601  0.17737112  0.09630732
   0.02453679  0.02142500  0.36181940
   0.78974992  0.30742966  0.19520221
  -0.00015310  0.00559397  0.24893506
   0.52632671  0.53704690  0.46270215
   0.59141449  0.45602287  0.35124367
   0.09035816  0.45997459  0.05575099
   0.81521688  0.68753637  0.40469558
   0.02277495  0.52592289  0.13671075
   0.78987417  0.80846798  0.30351535
   0.00005332  0.50803646  0.25095019
   0.52208623  0.03126263  0.03965566
   0.60210887  0.94486262  0.14914835
   0.09035816  0.95997456  0.55575103
   0.81521688  0.18753638  0.90469561
   0.02277495  0.02592286  0.63671072
   0.78987417  0.30846801  0.80351532
   0.00005332  0.00803647  0.75095019
   0.52208623  0.53126264  0.53965563
   0.60210887  0.44486262  0.64914837
   0.61880460  0.55855181  0.94858078
   0.32194995  0.32156770  0.59627919
   0.52630743  0.47477736  0.86228134
   0.27665293  0.19147355  0.69512917
   0.50253201  0.49530061  0.74837622
   0.02249465  0.96522151  0.96254555
   0.09338274  0.04458862  0.85118025
   0.61880460  0.05855177  0.44858084
   0.32194995  0.82156770  0.09627920
   0.52630743  0.97477733  0.36228131
   0.27665293  0.69147355  0.19512912
   0.50253201  0.99530061  0.24837619
   0.02249465  0.46522154  0.46254555
   0.09338274  0.54458864  0.35118031
   0.32641700  0.16841474  0.50118043
   0.32641700  0.66841480  1.00118046
   0.82610738  0.83079651  0.50101148
   0.82610738  0.33079657  0.00101148
   0.28756991  0.24416722  0.34615721
   0.28756991  0.74416722  0.84615724
   0.29563522  0.24673103  0.45007709
   0.29563522  0.74673103  0.95007709
