   0.24978274  0.24841776  0.10366808
   0.23575041  0.27487338  0.22031568
   0.24978274  0.74841776  0.60366810
   0.23575041  0.77487341  0.72031563
   0.74157241  0.75241009  0.89372318
   0.71728596  0.73117703  0.78187966
   0.74157241  0.25241009  0.39372321
   0.71728596  0.23117705  0.28187960
   0.74813290  0.75096327  0.10362341
   0.74706995  0.73181786  0.22033292
   0.74813290  0.25096330  0.60362343
   0.74706995  0.23181784  0.72033295
   0.25523028  0.24121183  0.89334991
   0.23421009  0.28275392  0.78139089
   0.25523028  0.74121186  0.39334994
   0.23421009  0.78275389  0.28139092
   0.25394371  0.24477506 -0.00275964
   0.25394371  0.74477506  0.49724036
   0.74876116  0.75804730  0.99730145
   0.74876116  0.25804730  0.49730139
   0.79462214  0.75135933  0.34698315
   0.79462214  0.25135933  0.84698315
   0.79250903  0.74969779  0.65235125
   0.79250903  0.24969781  0.15235127
   0.80083868  0.75440919  0.45033765
   0.80083868  0.25440919  0.95033762
   0.29198805  0.24802508  0.54895264
   0.29156516  0.24915745  0.65235979
   0.29156516  0.74915745  0.15235979
   0.29198805  0.74802506  0.04895263
   0.79306711  0.75081251  0.54921199
   0.79306711  0.25081251  0.04921199
   0.59127408  0.53919834  0.05564751
   0.32710566  0.31904356  0.40470089
   0.52257023  0.47237839  0.13715858
   0.30890162  0.18321327  0.30256342
   0.50224769  0.49796628  0.25080686
   0.01952519  0.96632455  0.03984815
   0.10189032  0.05366894  0.14882077
   0.59127408  0.03919835  0.55564749
   0.32710566  0.81904356  0.90470089
   0.52257023  0.97237842  0.63715857
   0.30890162  0.68321324  0.80256342
   0.50224769  0.99796631  0.75080689
   0.01952519  0.46632458  0.53984814
   0.10189032  0.55366899  0.64882080
   0.11763619  0.43619668  0.94850301
   0.81965321  0.67766671  0.59627932
   0.02448847  0.52212386  0.86184820
   0.78960437  0.80705698  0.69529452
   0.00064514  0.50536908  0.74902543
   0.52517978  0.03710514  0.96259389
   0.59360124  0.95451509  0.85106542
   0.11763619  0.93619671  0.44850298
   0.81965321  0.17766671  0.09627933
   0.02448847  0.02212388  0.36184820
   0.78960437  0.30705698  0.19529452
   0.00064514  0.00536911  0.24902544
   0.52517978  0.53710517  0.46259386
   0.59360124  0.45451515  0.35106545
   0.09122492  0.45876496  0.05562423
   0.81486949  0.68737445  0.40458350
   0.02288908  0.52581417  0.13679019
   0.79021705  0.80850197  0.30353920
   0.00084002  0.50775499  0.25105091
   0.52083818  0.03215003  0.03962540
   0.60186828  0.94519537  0.14912620
   0.09122492  0.95876493  0.55562427
   0.81486949  0.18737447  0.90458353
   0.02288908  0.02581415  0.63679016
   0.79021705  0.30850200  0.80353917
   0.00084002  0.00775500  0.75105091
   0.52083818  0.53215004  0.53962538
   0.60186828  0.44519537  0.64912622
   0.61705669  0.55798733  0.94850591
   0.32170320  0.32128316  0.59625055
   0.52632137  0.47410581  0.86229375
   0.27761796  0.19161114  0.69522234
   0.50327875  0.49520061  0.74847415
   0.02144505  0.96532254  0.96243097
   0.09536259  0.04616863  0.85105746
   0.61705669  0.05798729  0.44850597
   0.32170320  0.82128316  0.09625056
   0.52632137  0.97410578  0.36229372
   0.27761796  0.69161114  0.19522229
   0.50327875  0.99520061  0.24847412
   0.02144505  0.46532257  0.46243097
   0.09536259  0.54616865  0.35105752
   0.32568521  0.16861001  0.50112421
   0.32568521  0.66861007  1.00112424
   0.82527223  0.83070452  0.50094561
   0.82527223  0.33070458  0.00094561
   0.28805833  0.24458153  0.34620176
   0.28805833  0.74458153  0.84620179
   0.29479830  0.24713287  0.44997558
   0.29479830  0.74713287  0.94997558
