   0.24981904  0.24857021  0.10363893
   0.23516775  0.27510797  0.22023697
   0.24981904  0.74857021  0.60363895
   0.23516775  0.77510800  0.72023693
   0.74148799  0.75263795  0.89371134
   0.71677387  0.73124631  0.78180132
   0.74148799  0.25263795  0.39371136
   0.71677387  0.23124632  0.28180126
   0.74810876  0.75090619  0.10360041
   0.74669163  0.73190025  0.22027169
   0.74810876  0.25090622  0.60360043
   0.74669163  0.23190024  0.72027172
   0.25522722  0.24067332  0.89331300
   0.23378224  0.28287861  0.78131500
   0.25522722  0.74067334  0.39331303
   0.23378224  0.78287858  0.28131503
   0.25447031  0.24455968 -0.00273756
   0.25447031  0.74455968  0.49726244
   0.74923626  0.75813790  0.99732536
   0.74923626  0.25813790  0.49732530
   0.79433566  0.75155335  0.34696834
   0.79433566  0.25155335  0.84696834
   0.79243956  0.74962794  0.65229392
   0.79243956  0.24962796  0.15229393
   0.80143650  0.75449914  0.45038947
   0.80143650  0.25449914  0.95038944
   0.29219039  0.24801394  0.54896962
   0.29142884  0.24924528  0.65230914
   0.29142884  0.74924528  0.15230914
   0.29219039  0.74801393  0.04896961
   0.79327306  0.75080326  0.54922757
   0.79327306  0.25080326  0.04922756
   0.59075107  0.53847231  0.05571769
   0.32724429  0.31882736  0.40478818
   0.52243932  0.47229118  0.13713788
   0.30874571  0.18322603  0.30254066
   0.50180569  0.49802560  0.25073883
   0.02031065  0.96688035  0.03986554
   0.10198835  0.05384566  0.14880453
   0.59075107  0.03847231  0.55571767
   0.32724429  0.81882736  0.90478818
   0.52243932  0.97229121  0.63713787
   0.30874571  0.68322600  0.80254066
   0.50180569  0.99802563  0.75073886
   0.02031065  0.46688038  0.53986553
   0.10198835  0.55384571  0.64880456
   0.11868128  0.43565967  0.94853704
   0.81970462  0.67747390  0.59629375
   0.02455814  0.52171512  0.86183291
   0.78970530  0.80728901  0.69523634
   0.00019484  0.50550130  0.74897412
   0.52585662  0.03705912  0.96265837
   0.59230585  0.95541770  0.85117457
   0.11868128  0.93565970  0.44853701
   0.81970462  0.17747390  0.09629376
   0.02455814  0.02171514  0.36183291
   0.78970530  0.30728901  0.19523634
   0.00019484  0.00550133  0.24897414
   0.52585662  0.53705914  0.46265834
   0.59230585  0.45541776  0.35117460
   0.09067958  0.45950252  0.05570060
   0.81509024  0.68745547  0.40465029
   0.02280246  0.52586711  0.13674002
   0.79001610  0.80848430  0.30353355
   0.00039352  0.50792003  0.25099330
   0.52160471  0.03159509  0.03964121
   0.60197615  0.94500134  0.14913906
   0.09067958  0.95950249  0.55570065
   0.81509024  0.18745549  0.90465032
   0.02280246  0.02586708  0.63673999
   0.79001610  0.30848433  0.80353352
   0.00039352  0.00792003  0.75099330
   0.52160471  0.53159510  0.53964118
   0.60197615  0.44500134  0.64913909
   0.61809439  0.55834772  0.94854939
   0.32184859  0.32145661  0.59626565
   0.52632987  0.47450965  0.86228993
   0.27697026  0.19151753  0.69516358
   0.50285758  0.49526322  0.74841681
   0.02206657  0.96526775  0.96249966
   0.09419010  0.04520354  0.85113348
   0.61809439  0.05834767  0.44854945
   0.32184859  0.82145661  0.09626566
   0.52632987  0.97450962  0.36228990
   0.27697026  0.69151753  0.19516353
   0.50285758  0.99526322  0.24841678
   0.02206657  0.46526778  0.46249966
   0.09419010  0.54520356  0.35113353
   0.32612825  0.16848403  0.50115631
   0.32612825  0.66848409  1.00115634
   0.82578467  0.83076135  0.50098525
   0.82578467  0.33076141  0.00098525
   0.28784471  0.24438789  0.34618025
   0.28784471  0.74438789  0.84618028
   0.29516114  0.24692907  0.45002663
   0.29516114  0.74692907  0.95002663
