   0.24984603  0.24860413  0.10363448
   0.23506381  0.27514455  0.22022407
   0.24984603  0.74860413  0.60363450
   0.23506381  0.77514458  0.72022402
   0.74146937  0.75269212  0.89370680
   0.71668792  0.73127375  0.78179089
   0.74146937  0.25269212  0.39370683
   0.71668792  0.23127376  0.28179083
   0.74813088  0.75089723  0.10359678
   0.74661084  0.73192128  0.22026181
   0.74813088  0.25089726  0.60359680
   0.74661084  0.23192126  0.72026184
   0.25523710  0.24056533  0.89330653
   0.23370022  0.28288385  0.78130507
   0.25523710  0.74056536  0.39330656
   0.23370022  0.78288382  0.28130510
   0.25455669  0.24451028 -0.00273506
   0.25455669  0.74451028  0.49726494
   0.74936536  0.75816754  0.99733014
   0.74936536  0.25816754  0.49733008
   0.79427726  0.75156490  0.34696729
   0.79427726  0.25156490  0.84696729
   0.79242173  0.74962466  0.65229499
   0.79242173  0.24962468  0.15229501
   0.80155452  0.75449745  0.45039251
   0.80155452  0.25449745  0.95039248
   0.29222574  0.24801875  0.54897218
   0.29140523  0.24926354  0.65230951
   0.29140523  0.74926354  0.15230951
   0.29222574  0.74801873  0.04897217
   0.79330396  0.75080647  0.54923019
   0.79330396  0.25080647  0.04923018
   0.59068009  0.53838469  0.05572710
   0.32725628  0.31878844  0.40480541
   0.52241742  0.47228441  0.13713402
   0.30870572  0.18322847  0.30253237
   0.50173333  0.49803765  0.25072941
   0.02040603  0.96695157  0.03986820
   0.10200063  0.05388526  0.14880341
   0.59068009  0.03838470  0.55572708
   0.32725628  0.81878844  0.90480541
   0.52241742  0.97228444  0.63713400
   0.30870572  0.68322844  0.80253237
   0.50173333  0.99803768  0.75072944
   0.02040603  0.46695160  0.53986820
   0.10200063  0.55388532  0.64880344
   0.11881409  0.43560133  0.94854264
   0.81970612  0.67745810  0.59629781
   0.02453667  0.52164852  0.86182998
   0.78971018  0.80731029  0.69522572
   0.00012186  0.50552426  0.74896628
   0.52595728  0.03706571  0.96266713
   0.59212107  0.95553741  0.85118690
   0.11881409  0.93560136  0.44854261
   0.81970612  0.17745810  0.09629782
   0.02453667  0.02164855  0.36182998
   0.78971018  0.30731029  0.19522572
   0.00012186  0.00552429  0.24896629
   0.52595728  0.53706574  0.46266710
   0.59212107  0.45553747  0.35118693
   0.09060954  0.45960353  0.05571081
   0.81510762  0.68748141  0.40465968
   0.02278498  0.52587900  0.13673296
   0.78998361  0.80848475  0.30353077
   0.00032084  0.50794584  0.25098517
   0.52169669  0.03153010  0.03964401
   0.60199203  0.94497241  0.14914102
   0.09060954  0.95960350  0.55571085
   0.81510762  0.18748142  0.90465971
   0.02278498  0.02587897  0.63673293
   0.78998361  0.30848478  0.80353074
   0.00032084  0.00794584  0.75098517
   0.52169669  0.53153010  0.53964398
   0.60199203  0.44497241  0.64914105
   0.61825032  0.55837756  0.94855631
   0.32185812  0.32147774  0.59626964
   0.52632055  0.47456603  0.86228783
   0.27689629  0.19151986  0.69515354
   0.50279073  0.49527279  0.74840867
   0.02216729  0.96524951  0.96250819
   0.09401933  0.04508691  0.85114138
   0.61825032  0.05837752  0.44855637
   0.32185812  0.82147774  0.09626966
   0.52632055  0.97456600  0.36228780
   0.27689629  0.69151986  0.19515349
   0.50279073  0.99527279  0.24840864
   0.02216729  0.46524954  0.46250819
   0.09401933  0.54508693  0.35114144
   0.32617843  0.16847579  0.50116165
   0.32617843  0.66847585  1.00116167
   0.82583821  0.83076890  0.50099058
   0.82583821  0.33076896  0.00099058
   0.28774002  0.24430820  0.34617391
   0.28774002  0.74430820  0.84617394
   0.29542171  0.24685755  0.45003926
   0.29542171  0.74685755  0.95003926
