   0.24978238  0.24840167  0.10367144
   0.23576754  0.27485635  0.22032444
   0.24978238  0.74840167  0.60367146
   0.23576754  0.77485638  0.72032440
   0.74158630  0.75238158  0.89372293
   0.71732040  0.73115673  0.78187967
   0.74158630  0.25238158  0.39372296
   0.71732040  0.23115675  0.28187961
   0.74813245  0.75096208  0.10362626
   0.74707462  0.73180752  0.22034051
   0.74813245  0.25096211  0.60362629
   0.74707462  0.23180751  0.72034054
   0.25523451  0.24125959  0.89334903
   0.23424292  0.28275362  0.78139143
   0.25523451  0.74125962  0.39334906
   0.23424292  0.78275359  0.28139146
   0.25391933  0.24479689 -0.00276222
   0.25391933  0.74479689  0.49723778
   0.74869664  0.75803107  0.99729744
   0.74869664  0.25803107  0.49729738
   0.79464440  0.75135915  0.34698338
   0.79464440  0.25135915  0.84698338
   0.79252908  0.74968604  0.65234837
   0.79252908  0.24968606  0.15234839
   0.80078268  0.75442922  0.45033694
   0.80078268  0.25442922  0.95033691
   0.29196769  0.24801702  0.54895126
   0.29158105  0.24915472  0.65235955
   0.29158105  0.74915472  0.15235955
   0.29196769  0.74801700  0.04895125
   0.79305396  0.75080784  0.54921129
   0.79305396  0.25080784  0.04921129
   0.59126950  0.53917454  0.05564863
   0.32710990  0.31905299  0.40469660
   0.52258073  0.47236857  0.13715907
   0.30891451  0.18321202  0.30256466
   0.50224427  0.49796521  0.25080485
   0.01954592  0.96633089  0.03984917
   0.10190216  0.05366350  0.14882201
   0.59126950  0.03917455  0.55564861
   0.32710990  0.81905299  0.90469660
   0.52258073  0.97236860  0.63715905
   0.30891451  0.68321199  0.80256466
   0.50224427  0.99796524  0.75080488
   0.01954592  0.46633092  0.53984916
   0.10190216  0.55366355  0.64882204
   0.11764744  0.43618697  0.94850216
   0.81966175  0.67765358  0.59627823
   0.02452885  0.52212626  0.86184881
   0.78961490  0.80706327  0.69529591
   0.00064186  0.50536512  0.74902408
   0.52517090  0.03709085  0.96259484
   0.59358517  0.95452510  0.85106861
   0.11764744  0.93618700  0.44850213
   0.81966175  0.17765358  0.09627824
   0.02452885  0.02212628  0.36184881
   0.78961490  0.30706327  0.19529591
   0.00064186  0.00536515  0.24902409
   0.52517090  0.53709087  0.46259481
   0.59358517  0.45452516  0.35106864
   0.09121717  0.45877645  0.05562550
   0.81487584  0.68735486  0.40458301
   0.02289638  0.52580751  0.13678954
   0.79022216  0.80849927  0.30353945
   0.00083326  0.50775300  0.25104847
   0.52086153  0.03213579  0.03962633
   0.60188282  0.94518888  0.14912786
   0.09121717  0.95877642  0.55562554
   0.81487584  0.18735488  0.90458304
   0.02289638  0.02580748  0.63678951
   0.79022216  0.30849930  0.80353942
   0.00083326  0.00775300  0.75104847
   0.52086153  0.53213580  0.53962631
   0.60188282  0.44518888  0.64912789
   0.61704712  0.55800805  0.94850525
   0.32171620  0.32128450  0.59624956
   0.52632734  0.47412151  0.86229588
   0.27761816  0.19158976  0.69522492
   0.50327294  0.49519386  0.74847253
   0.02143660  0.96532571  0.96243208
   0.09535718  0.04614090  0.85106048
   0.61704712  0.05800801  0.44850531
   0.32171620  0.82128450  0.09624958
   0.52632734  0.97412148  0.36229585
   0.27761816  0.69158976  0.19522487
   0.50327294  0.99519386  0.24847250
   0.02143660  0.46532574  0.46243208
   0.09535718  0.54614092  0.35106054
   0.32569396  0.16860478  0.50112465
   0.32569396  0.66860484  1.00112468
   0.82528796  0.83070068  0.50094857
   0.82528796  0.33070074  0.00094857
   0.28815148  0.24467251  0.34620352
   0.28815148  0.74467251  0.84620355
   0.29456779  0.24720184  0.44995296
   0.29456779  0.74720184  0.94995296
