   0.25152055  0.24684351  0.10429745
   0.23915868  0.27225699  0.22087663
   0.25152055  0.74684351  0.60429747
   0.23915868  0.77225702  0.72087658
   0.74383260  0.75064691  0.89348476
   0.72485870  0.72997763  0.78184583
   0.74383260  0.25064691  0.39348479
   0.72485870  0.22997765  0.28184577
   0.75086422  0.75180262  0.10438573
   0.74438575  0.72981611  0.22054275
   0.75086422  0.25180265  0.60438575
   0.74438575  0.22981609  0.72054278
   0.25682837  0.24578748  0.89326264
   0.23500720  0.28194423  0.78191071
   0.25682837  0.74578751  0.39326267
   0.23500720  0.78194420  0.28191074
   0.24821813  0.24534302 -0.00260416
   0.24821813  0.74534302  0.49739584
   0.74326870  0.75702564  0.99668767
   0.74326870  0.25702564  0.49668761
   0.79761275  0.75053372  0.34679751
   0.79761275  0.25053372  0.84679751
   0.79505120  0.75022128  0.65310155
   0.79505120  0.25022129  0.15310156
   0.79507702  0.75339224  0.44966982
   0.79507702  0.25339224  0.94966979
   0.29114473  0.24799401  0.54906675
   0.29488060  0.24856689  0.65309907
   0.29488060  0.74856689  0.15309907
   0.29114473  0.74799400  0.04906674
   0.79170758  0.75163771  0.54931810
   0.79170758  0.25163771  0.04931810
   0.59910323  0.54807075  0.05565358
   0.32488393  0.32145849  0.40367247
   0.52596019  0.47324266  0.13762490
   0.30238104  0.18148139  0.30245818
   0.50397725  0.49632042  0.25129972
   0.01221658  0.96051994  0.03985078
   0.10376760  0.05271926  0.14965496
   0.59910323  0.04807076  0.55565356
   0.32488393  0.82145849  0.90367247
   0.52596019  0.97324269  0.63762488
   0.30238104  0.68148137  0.80245818
   0.50397725  0.99632045  0.75129975
   0.01221658  0.46051997  0.53985078
   0.10376760  0.55271931  0.64965499
   0.10797830  0.43957190  0.94780740
   0.82077871  0.67961992  0.59652043
   0.02509119  0.52532713  0.86198182
   0.78848488  0.80768866  0.69598006
   0.00159288  0.50366854  0.74900481
   0.51727328  0.03820130  0.96205170
   0.60384512  0.94881589  0.84994604
   0.10797830  0.93957193  0.44780737
   0.82077871  0.17961992  0.09652044
   0.02509119  0.02532715  0.36198182
   0.78848488  0.30768866  0.19598006
   0.00159288  0.00366857  0.24900482
   0.51727328  0.53820132  0.46205167
   0.60384512  0.44881595  0.34994607
   0.09953879  0.45008189  0.05521489
   0.81408426  0.68501141  0.40380917
   0.02592937  0.52518527  0.13766745
   0.79343280  0.81058837  0.30334869
   0.00165651  0.50545342  0.25134154
   0.51176513  0.04070678  0.04002698
   0.60408306  0.94588593  0.14982784
   0.09953879  0.95008186  0.55521493
   0.81408426  0.18501143  0.90380920
   0.02592937  0.02518524  0.63766742
   0.79343280  0.31058840  0.80334866
   0.00165651  0.00545342  0.75134154
   0.51176513  0.54070679  0.54002696
   0.60408306  0.44588593  0.64982787
   0.60806218  0.55594401  0.94782970
   0.32137636  0.32003638  0.59660797
   0.52763214  0.47235801  0.86202279
   0.28799438  0.19038510  0.69588137
   0.50409114  0.49443468  0.74874090
   0.01366030  0.96379207  0.96165328
   0.10551921  0.05518011  0.84993811
   0.60806218  0.05594397  0.44782976
   0.32137636  0.82003638  0.09660799
   0.52763214  0.97235798  0.36202276
   0.28799438  0.69038510  0.19588132
   0.50409114  0.99443468  0.24874087
   0.01366030  0.46379210  0.46165328
   0.10551921  0.55518013  0.34993817
   0.32150738  0.16755142  0.50112959
   0.32150738  0.66755148  1.00112961
   0.81997343  0.83115766  0.50074876
   0.81997343  0.33115772  0.00074876
   0.29049184  0.24735602  0.34597094
   0.29049184  0.74735602  0.84597097
   0.28845046  0.24839508  0.44899030
   0.28845046  0.74839508  0.94899030
