   0.24981240  0.24854412  0.10364495
   0.23525023  0.27507001  0.22025141
   0.24981240  0.74854412  0.60364496
   0.23525023  0.77507004  0.72025137
   0.74150270  0.75260548  0.89371104
   0.71684845  0.73124002  0.78180971
   0.74150270  0.25260548  0.39371107
   0.71684845  0.23124004  0.28180965
   0.74810851  0.75091871  0.10360573
   0.74674782  0.73189645  0.22028376
   0.74810851  0.25091874  0.60360575
   0.74674782  0.23189643  0.72028379
   0.25523145  0.24074520  0.89331588
   0.23385227  0.28286041  0.78132287
   0.25523145  0.74074523  0.39331591
   0.23385227  0.78286038  0.28132290
   0.25440362  0.24459076 -0.00274163
   0.25440362  0.74459076  0.49725837
   0.74916613  0.75812387  0.99732081
   0.74916613  0.25812387  0.49732075
   0.79437833  0.75151989  0.34696910
   0.79437833  0.25151989  0.84696910
   0.79244871  0.74963105  0.65230150
   0.79244871  0.24963106  0.15230151
   0.80134642  0.75449589  0.45037980
   0.80134642  0.25449589  0.95037977
   0.29215386  0.24801435  0.54896723
   0.29144526  0.24923732  0.65231743
   0.29144526  0.74923732  0.15231743
   0.29215386  0.74801434  0.04896722
   0.79323965  0.75080164  0.54922705
   0.79323965  0.25080164  0.04922704
   0.59080911  0.53855230  0.05570851
   0.32722933  0.31885298  0.40477868
   0.52245141  0.47229959  0.13714035
   0.30876888  0.18322103  0.30254234
   0.50186012  0.49802024  0.25074617
   0.02022216  0.96681633  0.03986375
   0.10197491  0.05382403  0.14880577
   0.59080911  0.03855231  0.55570848
   0.32722933  0.81885298  0.90477868
   0.52245141  0.97229962  0.63714033
   0.30876888  0.68322100  0.80254234
   0.50186012  0.99802027  0.75074620
   0.02022216  0.46681636  0.53986374
   0.10197491  0.55382408  0.64880580
   0.11854394  0.43570169  0.94853283
   0.81969301  0.67749749  0.59628911
   0.02454176  0.52174648  0.86183509
   0.78969285  0.80726498  0.69524528
   0.00025186  0.50548671  0.74898028
   0.52579239  0.03707672  0.96265068
   0.59247651  0.95532547  0.85116261
   0.11854394  0.93570172  0.44853280
   0.81969301  0.17749749  0.09628913
   0.02454176  0.02174650  0.36183509
   0.78969285  0.30726498  0.19524528
   0.00025186  0.00548674  0.24898029
   0.52579239  0.53707675  0.46265065
   0.59247651  0.45532553  0.35116264
   0.09073963  0.45942057  0.05569077
   0.81506416  0.68744948  0.40464524
   0.02280937  0.52586016  0.13674543
   0.79003769  0.80848492  0.30353529
   0.00044802  0.50789851  0.25099916
   0.52151782  0.03165827  0.03963951
   0.60196211  0.94502302  0.14913738
   0.09073963  0.95942054  0.55569081
   0.81506416  0.18744949  0.90464527
   0.02280937  0.02586013  0.63674540
   0.79003769  0.30848495  0.80353526
   0.00044802  0.00789851  0.75099916
   0.52151782  0.53165828  0.53963949
   0.60196211  0.44502302  0.64913741
   0.61799183  0.55829030  0.94854416
   0.32182785  0.32143308  0.59626091
   0.52634635  0.47445078  0.86229097
   0.27703369  0.19152517  0.69517241
   0.50290951  0.49525611  0.74842363
   0.02197874  0.96528890  0.96249158
   0.09431114  0.04533298  0.85112557
   0.61799183  0.05829025  0.44854422
   0.32182785  0.82143308  0.09626093
   0.52634635  0.97445075  0.36229094
   0.27703369  0.69152517  0.19517237
   0.50290951  0.99525611  0.24842360
   0.02197874  0.46528893  0.46249158
   0.09431114  0.54533300  0.35112563
   0.32607642  0.16849836  0.50115513
   0.32607642  0.66849842  1.00115516
   0.82572458  0.83075102  0.50098084
   0.82572458  0.33075108  0.00098084
   0.28789544  0.24442470  0.34618025
   0.28789544  0.74442470  0.84618028
   0.29508126  0.24697229  0.45001361
   0.29508126  0.74697229  0.95001361
