   0.25025462  0.24766228  0.10389028
   0.23777189  0.27346611  0.22066371
   0.25025462  0.74766228  0.60389029
   0.23777189  0.77346614  0.72066367
   0.74185763  0.75140488  0.89368795
   0.71997071  0.73091487  0.78206404
   0.74185763  0.25140488  0.39368798
   0.71997071  0.23091488  0.28206398
   0.74910204  0.75105637  0.10382323
   0.74722018  0.73115192  0.22054753
   0.74910204  0.25105639  0.60382325
   0.74722018  0.23115191  0.72054756
   0.25548899  0.24395027  0.89338433
   0.23528568  0.28214427  0.78168547
   0.25548899  0.74395030  0.39338436
   0.23528568  0.78214424  0.28168550
   0.25154824  0.24591794 -0.00285064
   0.25154824  0.74591794  0.49714936
   0.74629029  0.75726110  0.99715698
   0.74629029  0.25726110  0.49715692
   0.79596798  0.75069229  0.34694028
   0.79596798  0.25069229  0.84694028
   0.79347584  0.74988357  0.65265058
   0.79347584  0.24988358  0.15265060
   0.79793265  0.75389275  0.45007652
   0.79793265  0.25389275  0.95007649
   0.29127052  0.24816070  0.54896125
   0.29299703  0.24886599  0.65265494
   0.29299703  0.74886599  0.15265494
   0.29127052  0.74816068  0.04896124
   0.79236821  0.75082841  0.54920990
   0.79236821  0.25082841  0.04920990
   0.59424210  0.54279074  0.05543957
   0.32633129  0.32001476  0.40423628
   0.52390611  0.47277553  0.13730410
   0.30802973  0.18333134  0.30254444
   0.50353783  0.49750592  0.25109273
   0.01582749  0.96345374  0.03988592
   0.10250192  0.05316607  0.14905834
   0.59424210  0.04279075  0.55543955
   0.32633129  0.82001476  0.90423628
   0.52390611  0.97277556  0.63730409
   0.30802973  0.68333131  0.80254444
   0.50353783  0.99750595  0.75109276
   0.01582749  0.46345377  0.53988591
   0.10250192  0.55316613  0.64905837
   0.11288568  0.43845727  0.94835754
   0.82012127  0.67862538  0.59631743
   0.02429664  0.52400734  0.86185331
   0.78874678  0.80599203  0.69559158
   0.00185699  0.50456772  0.74916636
   0.52189365  0.03718295  0.96229299
   0.59904284  0.95093587  0.85054727
   0.11288568  0.93845730  0.44835751
   0.82012127  0.17862538  0.09631745
   0.02429664  0.02400736  0.36185331
   0.78874678  0.30599203  0.19559158
   0.00185699  0.00456775  0.24916637
   0.52189365  0.53718298  0.46229296
   0.59904284  0.45093593  0.35054730
   0.09416884  0.45529259  0.05536291
   0.81372148  0.68696149  0.40423731
   0.02396066  0.52568740  0.13714759
   0.79155183  0.80821865  0.30350530
   0.00192707  0.50671907  0.25126869
   0.51702870  0.03534697  0.03972298
   0.60239433  0.94577911  0.14917636
   0.09416884  0.95529256  0.55536296
   0.81372148  0.18696150  0.90423734
   0.02396066  0.02568737  0.63714756
   0.79155183  0.30821867  0.80350527
   0.00192707  0.00671907  0.75126869
   0.51702870  0.53534698  0.53972295
   0.60239433  0.44577911  0.64917638
   0.61219606  0.55640559  0.94830835
   0.32140073  0.32048686  0.59630233
   0.52624190  0.47264832  0.86215858
   0.28223394  0.19192537  0.69553076
   0.50442139  0.49488163  0.74866911
   0.01833565  0.96531499  0.96208678
   0.10046447  0.05054976  0.85065682
   0.61219606  0.05640554  0.44830841
   0.32140073  0.82048686  0.09630235
   0.52624190  0.97264829  0.36215855
   0.28223394  0.69192537  0.19553072
   0.50442139  0.99488163  0.24866908
   0.01833565  0.46531502  0.46208678
   0.10046447  0.55054978  0.35065688
   0.32386475  0.16910060  0.50106094
   0.32386475  0.66910066  1.00106097
   0.82292596  0.83025183  0.50083154
   0.82292596  0.33025189  0.00083154
   0.28919502  0.24601647  0.34615001
   0.28919502  0.74601647  0.84615004
   0.29194407  0.24835274  0.44958933
   0.29194407  0.74835274  0.94958933
