   0.24981707  0.24829068  0.10369593
   0.23614340  0.27468009  0.22037551
   0.24981707  0.74829068  0.60369595
   0.23614340  0.77468012  0.72037546
   0.74164806  0.75220663  0.89373038
   0.71772237  0.73109217  0.78192972
   0.74164806  0.25220663  0.39373041
   0.71772237  0.23109218  0.28192966
   0.74821230  0.75098629  0.10364529
   0.74726034  0.73173272  0.22037747
   0.74821230  0.25098632  0.60364531
   0.74726034  0.23173270  0.72037750
   0.25522630  0.24167084  0.89337085
   0.23451970  0.28264074  0.78144437
   0.25522630  0.74167086  0.39337088
   0.23451970  0.78264071  0.28144440
   0.25358916  0.24496819 -0.00277431
   0.25358916  0.74496819  0.49722569
   0.74831169  0.75794404  0.99727981
   0.74831169  0.25794404  0.49727975
   0.79486228  0.75123608  0.34699430
   0.79486228  0.25123608  0.84699430
   0.79262811  0.74971825  0.65239346
   0.79262811  0.24971826  0.15239348
   0.80028687  0.75437835  0.45029854
   0.80028687  0.25437835  0.95029851
   0.29181823  0.24802325  0.54894189
   0.29173716  0.24909056  0.65240044
   0.29173716  0.74909056  0.15240044
   0.29181823  0.74802323  0.04894188
   0.79292473  0.75080075  0.54920312
   0.79292473  0.25080075  0.04920312
   0.59164355  0.53966786  0.05560558
   0.32700673  0.31921109  0.40462897
   0.52270552  0.47241457  0.13717354
   0.30896163  0.18322457  0.30257034
   0.50251048  0.49792133  0.25085320
   0.01902583  0.96594956  0.03984477
   0.10189532  0.05354366  0.14883912
   0.59164355  0.03966787  0.55560556
   0.32700673  0.81921109  0.90462897
   0.52270552  0.97241460  0.63717352
   0.30896163  0.68322454  0.80257034
   0.50251048  0.99792135  0.75085323
   0.01902583  0.46594959  0.53984477
   0.10189532  0.55354371  0.64883915
   0.11694506  0.43651576  0.94847933
   0.81965739  0.67778731  0.59627525
   0.02451509  0.52242116  0.86185569
   0.78952082  0.80687640  0.69532611
   0.00090891  0.50526733  0.74905819
   0.52469275  0.03707825  0.96255332
   0.59444160  0.95394771  0.85099675
   0.11694506  0.93651579  0.44847930
   0.81965739  0.17778731  0.09627526
   0.02451509  0.02242118  0.36185569
   0.78952082  0.30687640  0.19532611
   0.00090891  0.00526736  0.24905821
   0.52469275  0.53707828  0.46255329
   0.59444160  0.45394777  0.35099678
   0.09160213  0.45825564  0.05557778
   0.81473173  0.68728206  0.40453837
   0.02298560  0.52578845  0.13682702
   0.79035414  0.80846696  0.30354683
   0.00109370  0.50761567  0.25108768
   0.52034929  0.03251415  0.03962389
   0.60185835  0.94531180  0.14912131
   0.09160213  0.95825561  0.55557782
   0.81473173  0.18728207  0.90453840
   0.02298560  0.02578842  0.63682699
   0.79035414  0.30846699  0.80354680
   0.00109370  0.00761568  0.75108768
   0.52034929  0.53251416  0.53962387
   0.60185835  0.44531180  0.64912134
   0.61630619  0.55780723  0.94847673
   0.32163149  0.32115800  0.59624542
   0.52632072  0.47386466  0.86229354
   0.27816532  0.19166499  0.69525599
   0.50352785  0.49514192  0.74851131
   0.02098687  0.96539472  0.96238680
   0.09611554  0.04677486  0.85100974
   0.61630619  0.05780719  0.44847679
   0.32163149  0.82115800  0.09624543
   0.52632072  0.97386463  0.36229351
   0.27816532  0.69166499  0.19525594
   0.50352785  0.99514192  0.24851128
   0.02098687  0.46539475  0.46238680
   0.09611554  0.54677489  0.35100980
   0.32541857  0.16868580  0.50110621
   0.32541857  0.66868586  1.00110624
   0.82497174  0.83064704  0.50092604
   0.82497174  0.33064710  0.00092604
   0.28837257  0.24489819  0.34620805
   0.28837257  0.74489819  0.84620808
   0.29406945  0.24744147  0.44989027
   0.29406945  0.74744147  0.94989027
