   0.24984220  0.24860795  0.10363464
   0.23503709  0.27515746  0.22022083
   0.24984220  0.74860795  0.60363466
   0.23503709  0.77515749  0.72022079
   0.74145408  0.75270517  0.89370697
   0.71665959  0.73127300  0.78178761
   0.74145408  0.25270517  0.39370700
   0.71665959  0.23127302  0.28178755
   0.74812631  0.75090041  0.10359708
   0.74659045  0.73192386  0.22025926
   0.74812631  0.25090044  0.60359710
   0.74659045  0.23192385  0.72025929
   0.25523397  0.24053795  0.89330649
   0.23367935  0.28289523  0.78130176
   0.25523397  0.74053798  0.39330652
   0.23367935  0.78289520  0.28130179
   0.25457110  0.24450221 -0.00273277
   0.25457110  0.74450221  0.49726723
   0.74939147  0.75817246  0.99733318
   0.74939147  0.25817246  0.49733312
   0.79426439  0.75156770  0.34696698
   0.79426439  0.25156770  0.84696698
   0.79242019  0.74961513  0.65228688
   0.79242019  0.24961514  0.15228689
   0.80157419  0.75449751  0.45039572
   0.80157419  0.25449751  0.95039569
   0.29223059  0.24801819  0.54897473
   0.29140461  0.24927565  0.65230260
   0.29140461  0.74927565  0.15230260
   0.29223059  0.74801817  0.04897472
   0.79330600  0.75080879  0.54923325
   0.79330600  0.25080879  0.04923325
   0.59067127  0.53837754  0.05572809
   0.32726383  0.31878497  0.40480686
   0.52242121  0.47227770  0.13713476
   0.30870601  0.18322479  0.30253219
   0.50172205  0.49803922  0.25072725
   0.02041823  0.96696244  0.03986800
   0.10200405  0.05388416  0.14880372
   0.59067127  0.03837755  0.55572807
   0.32726383  0.81878497  0.90480686
   0.52242121  0.97227773  0.63713474
   0.30870601  0.68322476  0.80253219
   0.50172205  0.99803925  0.75072728
   0.02041823  0.46696247  0.53986799
   0.10200405  0.55388421  0.64880375
   0.11884393  0.43559220  0.94854331
   0.81971084  0.67745014  0.59629918
   0.02455059  0.52164565  0.86183036
   0.78970983  0.80731816  0.69522903
   0.00010811  0.50552464  0.74896511
   0.52596714  0.03705531  0.96266869
   0.59209086  0.95554756  0.85118958
   0.11884393  0.93559223  0.44854328
   0.81971084  0.17745014  0.09629919
   0.02455059  0.02164567  0.36183036
   0.78970983  0.30731816  0.19522903
   0.00010811  0.00552467  0.24896513
   0.52596714  0.53705534  0.46266866
   0.59209086  0.45554762  0.35118961
   0.09059913  0.45961016  0.05571189
   0.81511632  0.68747678  0.40465795
   0.02278383  0.52587958  0.13673322
   0.78998137  0.80849135  0.30352721
   0.00030539  0.50795375  0.25098296
   0.52170909  0.03151823  0.03964370
   0.60199893  0.94497597  0.14914182
   0.09059913  0.95961013  0.55571193
   0.81511632  0.18747680  0.90465798
   0.02278383  0.02587955  0.63673319
   0.78998137  0.30849138  0.80352718
   0.00030539  0.00795375  0.75098296
   0.52170909  0.53151824  0.53964367
   0.60199893  0.44497597  0.64914185
   0.61826531  0.55840077  0.94855713
   0.32186457  0.32148490  0.59627070
   0.52632038  0.47458232  0.86228847
   0.27688436  0.19151369  0.69515608
   0.50278090  0.49527392  0.74840764
   0.02218675  0.96524489  0.96250942
   0.09400719  0.04505926  0.85114347
   0.61826531  0.05840073  0.44855719
   0.32186457  0.82148490  0.09627071
   0.52632038  0.97458229  0.36228844
   0.27688436  0.69151369  0.19515603
   0.50278090  0.99527392  0.24840761
   0.02218675  0.46524492  0.46250942
   0.09400719  0.54505928  0.35114353
   0.32619311  0.16846875  0.50115947
   0.32619311  0.66846881  1.00115950
   0.82585356  0.83077466  0.50098944
   0.82585356  0.33077472  0.00098944
   0.28772527  0.24430126  0.34617415
   0.28772527  0.74430126  0.84617418
   0.29545071  0.24684640  0.45004386
   0.29545071  0.74684640  0.95004386
