   0.25031267  0.24760928  0.10390927
   0.23786189  0.27337214  0.22068151
   0.25031267  0.74760928  0.60390929
   0.23786189  0.77337217  0.72068147
   0.74189961  0.75136445  0.89367774
   0.72019742  0.73090342  0.78205944
   0.74189961  0.25136445  0.39367777
   0.72019742  0.23090343  0.28205938
   0.74920927  0.75106635  0.10384524
   0.74712661  0.73108389  0.22055320
   0.74920927  0.25106638  0.60384526
   0.74712661  0.23108387  0.72055323
   0.25555766  0.24410256  0.89337736
   0.23529966  0.28213005  0.78170239
   0.25555766  0.74410259  0.39337739
   0.23529966  0.78213002  0.28170242
   0.25138247  0.24597012 -0.00285219
   0.25138247  0.74597012  0.49714781
   0.74612321  0.75719557  0.99714175
   0.74612321  0.25719557  0.49714169
   0.79606563  0.75067050  0.34693485
   0.79606563  0.25067050  0.84693485
   0.79355535  0.74989364  0.65267151
   0.79355535  0.24989365  0.15267153
   0.79777123  0.75385122  0.45005664
   0.79777123  0.25385122  0.95005661
   0.29124463  0.24817286  0.54896772
   0.29310554  0.24885161  0.65267678
   0.29310554  0.74885161  0.15267678
   0.29124463  0.74817285  0.04896771
   0.79233490  0.75084132  0.54921583
   0.79233490  0.25084132  0.04921582
   0.59450559  0.54308630  0.05543772
   0.32626022  0.32007675  0.40419999
   0.52403886  0.47280971  0.13732137
   0.30780111  0.18328650  0.30253640
   0.50357762  0.49745286  0.25110961
   0.01557378  0.96325326  0.03989158
   0.10258341  0.05312820  0.14908786
   0.59450559  0.04308631  0.55543769
   0.32626022  0.82007675  0.90419999
   0.52403886  0.97280974  0.63732135
   0.30780111  0.68328648  0.80253640
   0.50357762  0.99745288  0.75110964
   0.01557378  0.46325329  0.53989157
   0.10258341  0.55312825  0.64908789
   0.11256659  0.43857177  0.94834534
   0.82017789  0.67869787  0.59632590
   0.02432111  0.52412782  0.86185463
   0.78868487  0.80599232  0.69561737
   0.00186665  0.50450623  0.74916772
   0.52163909  0.03718835  0.96227001
   0.59937310  0.95074130  0.85050838
   0.11256659  0.93857180  0.44834531
   0.82017789  0.17869787  0.09632592
   0.02432111  0.02412784  0.36185463
   0.78868487  0.30599232  0.19561737
   0.00186665  0.00450626  0.24916774
   0.52163909  0.53718837  0.46226998
   0.59937310  0.45074136  0.35050841
   0.09442291  0.45503952  0.05535054
   0.81365177  0.68692296  0.40421153
   0.02408022  0.52567173  0.13718180
   0.79167933  0.80826622  0.30349300
   0.00192617  0.50662576  0.25128161
   0.51673025  0.03563338  0.03974045
   0.60247711  0.94580637  0.14919705
   0.09442291  0.95503949  0.55535059
   0.81365177  0.18692297  0.90421156
   0.02408022  0.02567170  0.63718177
   0.79167933  0.30826625  0.80349297
   0.00192617  0.00662576  0.75128161
   0.51673025  0.53563339  0.53974042
   0.60247711  0.44580637  0.64919708
   0.61187924  0.55631197  0.94828848
   0.32138381  0.32043858  0.59631535
   0.52626318  0.47259769  0.86214153
   0.28260687  0.19189708  0.69555576
   0.50443896  0.49485359  0.74867688
   0.01809315  0.96527779  0.96205898
   0.10082249  0.05084236  0.85062165
   0.61187924  0.05631193  0.44828854
   0.32138381  0.82043858  0.09631536
   0.52626318  0.97259766  0.36214150
   0.28260687  0.69189708  0.19555571
   0.50443896  0.99485359  0.24867685
   0.01809315  0.46527782  0.46205898
   0.10082249  0.55084239  0.35062171
   0.32374989  0.16910357  0.50106254
   0.32374989  0.66910363  1.00106257
   0.82273472  0.83022786  0.50082608
   0.82273472  0.33022792  0.00082608
   0.28925142  0.24608957  0.34613846
   0.28925142  0.74608957  0.84613849
   0.29179055  0.24839561  0.44956532
   0.29179055  0.74839561  0.94956532
