   0.25081032  0.24718450  0.10405777
   0.23850983  0.27268524  0.22081935
   0.25081032  0.74718450  0.60405778
   0.23850983  0.77268527  0.72081931
   0.74222209  0.75109146  0.89359412
   0.72200430  0.73081370  0.78200465
   0.74222209  0.25109146  0.39359415
   0.72200430  0.23081371  0.28200459
   0.75011135  0.75115457  0.10402766
   0.74632126  0.73046821  0.22059473
   0.75011135  0.25115459  0.60402768
   0.74632126  0.23046820  0.72059476
   0.25623260  0.24514895  0.89332346
   0.23531548  0.28210724  0.78182954
   0.25623260  0.74514898  0.39332349
   0.23531548  0.78210721  0.28182957
   0.25005464  0.24632450 -0.00286093
   0.25005464  0.74632450  0.49713907
   0.74475980  0.75668069  0.99699951
   0.74475980  0.25668069  0.49699945
   0.79695233  0.75059091  0.34684182
   0.79695233  0.25059091  0.84684182
   0.79429607  0.75001044  0.65288557
   0.79429607  0.25001046  0.15288558
   0.79636935  0.75348188  0.44989586
   0.79636935  0.25348188  0.94989583
   0.29109689  0.24833091  0.54901923
   0.29406722  0.24869580  0.65285219
   0.29406722  0.74869580  0.15285219
   0.29109689  0.74833089  0.04901921
   0.79209638  0.75095624  0.54926147
   0.79209638  0.25095624  0.04926147
   0.59640845  0.54526055  0.05545164
   0.32574525  0.32056501  0.40393626
   0.52506842  0.47297698  0.13745617
   0.30590860  0.18272620  0.30246556
   0.50378245  0.49704245  0.25122475
   0.01379219  0.96186947  0.03992915
   0.10304501  0.05293035  0.14930601
   0.59640845  0.04526055  0.55545162
   0.32574525  0.82056501  0.90393626
   0.52506842  0.97297701  0.63745616
   0.30590860  0.68272617  0.80246556
   0.50378245  0.99704248  0.75122478
   0.01379219  0.46186950  0.53992915
   0.10304501  0.55293040  0.64930604
   0.11039876  0.43931291  0.94826365
   0.82057917  0.67917208  0.59641312
   0.02454933  0.52485771  0.86186401
   0.78831186  0.80619816  0.69580358
   0.00184182  0.50408934  0.74916871
   0.51981010  0.03720124  0.96210200
   0.60175206  0.94958564  0.85022235
   0.11039876  0.93931294  0.44826362
   0.82057917  0.17917208  0.09641313
   0.02454933  0.02485773  0.36186401
   0.78831186  0.30619816  0.19580358
   0.00184182  0.00408937  0.24916872
   0.51981010  0.53720126  0.46210197
   0.60175206  0.44958570  0.35022238
   0.09628523  0.45319007  0.05528249
   0.81316690  0.68658204  0.40401621
   0.02489570  0.52545251  0.13742784
   0.79262393  0.80873657  0.30344389
   0.00185188  0.50593692  0.25137006
   0.51456120  0.03774344  0.03987103
   0.60316483  0.94610390  0.14937005
   0.09628523  0.95319004  0.55528253
   0.81316690  0.18658205  0.90401623
   0.02489570  0.02545248  0.63742781
   0.79262393  0.30873660  0.80344386
   0.00185188  0.00593692  0.75137006
   0.51456120  0.53774345  0.53987100
   0.60316483  0.44610390  0.64937008
   0.60964896  0.55568506  0.94812979
   0.32126001  0.32015450  0.59642890
   0.52660743  0.47224478  0.86201465
   0.28521867  0.19153781  0.69574797
   0.50445457  0.49461281  0.74873087
   0.01636836  0.96497727  0.96185835
   0.10335131  0.05299542  0.85034990
   0.60964896  0.05568501  0.44812985
   0.32126001  0.82015450  0.09642891
   0.52660743  0.97224475  0.36201462
   0.28521867  0.69153781  0.19574793
   0.50445457  0.99461281  0.24873084
   0.01636836  0.46497730  0.46185835
   0.10335131  0.55299544  0.35034996
   0.32294457  0.16904468  0.50107441
   0.32294457  0.66904474  1.00107444
   0.82131371  0.83008453  0.50078008
   0.82131371  0.33008459  0.00078008
   0.28977500  0.24664256  0.34602508
   0.28977500  0.74664256  0.84602511
   0.29029404  0.24876168  0.44932543
   0.29029404  0.74876168  0.94932543
