   0.24982973  0.24858212  0.10363791
   0.23512698  0.27512211  0.22023172
   0.24982973  0.74858212  0.60363793
   0.23512698  0.77512214  0.72023168
   0.74147946  0.75265978  0.89370958
   0.71673767  0.73125705  0.78179723
   0.74147946  0.25265978  0.39370961
   0.71673767  0.23125707  0.28179717
   0.74811826  0.75090274  0.10359977
   0.74666010  0.73190820  0.22026758
   0.74811826  0.25090277  0.60359980
   0.74666010  0.23190819  0.72026761
   0.25523175  0.24062989  0.89330975
   0.23375142  0.28288289  0.78131113
   0.25523175  0.74062992  0.39330978
   0.23375142  0.78288286  0.28131116
   0.25451269  0.24453984 -0.00273649
   0.25451269  0.74453984  0.49726351
   0.74927813  0.75814851  0.99732650
   0.74927813  0.25814851  0.49732644
   0.79431409  0.75155595  0.34696828
   0.79431409  0.25155595  0.84696828
   0.79243492  0.74962324  0.65229346
   0.79243492  0.24962325  0.15229348
   0.80147439  0.75450479  0.45038923
   0.80147439  0.25450479  0.95038920
   0.29220549  0.24801577  0.54897152
   0.29142201  0.24925375  0.65230840
   0.29142201  0.74925375  0.15230840
   0.29220549  0.74801576  0.04897151
   0.79328849  0.75080093  0.54923019
   0.79328849  0.25080093  0.04923018
   0.59071480  0.53842712  0.05572197
   0.32724763  0.31880507  0.40479758
   0.52242882  0.47228753  0.13713561
   0.30872623  0.18323031  0.30253862
   0.50177049  0.49803090  0.25073315
   0.02036261  0.96691559  0.03986650
   0.10199893  0.05386493  0.14880376
   0.59071480  0.03842713  0.55572195
   0.32724763  0.81880507  0.90479758
   0.52242882  0.97228756  0.63713560
   0.30872623  0.68323028  0.80253862
   0.50177049  0.99803093  0.75073318
   0.02036261  0.46691562  0.53986649
   0.10199893  0.55386499  0.64880379
   0.11874202  0.43562104  0.94853983
   0.81970825  0.67746500  0.59629480
   0.02454988  0.52167939  0.86183141
   0.78970903  0.80730177  0.69523202
   0.00015906  0.50551328  0.74896925
   0.52590900  0.03706318  0.96266269
   0.59221876  0.95548489  0.85118145
   0.11874202  0.93562107  0.44853980
   0.81970825  0.17746500  0.09629481
   0.02454988  0.02167941  0.36183141
   0.78970903  0.30730177  0.19523202
   0.00015906  0.00551331  0.24896927
   0.52590900  0.53706320  0.46266266
   0.59221876  0.45548495  0.35118148
   0.09064615  0.45955435  0.05570531
   0.81510368  0.68746896  0.40465604
   0.02279607  0.52587251  0.13673612
   0.79000228  0.80848429  0.30353231
   0.00035851  0.50793144  0.25098840
   0.52165202  0.03155925  0.03964213
   0.60198650  0.94498303  0.14913995
   0.09064615  0.95955432  0.55570535
   0.81510368  0.18746898  0.90465607
   0.02279607  0.02587248  0.63673609
   0.79000228  0.30848431  0.80353228
   0.00035851  0.00793145  0.75098840
   0.52165202  0.53155926  0.53964210
   0.60198650  0.44498303  0.64913998
   0.61817507  0.55835967  0.94855301
   0.32185610  0.32146520  0.59626661
   0.52633011  0.47453509  0.86228899
   0.27693056  0.19151550  0.69515923
   0.50282483  0.49526684  0.74841170
   0.02210826  0.96526635  0.96250399
   0.09409957  0.04514521  0.85113811
   0.61817507  0.05835963  0.44855307
   0.32185610  0.82146520  0.09626662
   0.52633011  0.97453506  0.36228896
   0.27693056  0.69151550  0.19515919
   0.50282483  0.99526684  0.24841167
   0.02210826  0.46526638  0.46250399
   0.09409957  0.54514524  0.35113817
   0.32615492  0.16847789  0.50115907
   0.32615492  0.66847795  1.00115910
   0.82581505  0.83076246  0.50098700
   0.82581505  0.33076252  0.00098700
   0.28782277  0.24436405  0.34617742
   0.28782277  0.74436405  0.84617745
   0.29522615  0.24691017  0.45003013
   0.29522615  0.74691017  0.95003013
