   0.24984812  0.24819952  0.10371573
   0.23642937  0.27449251  0.22041998
   0.24984812  0.74819952  0.60371575
   0.23642937  0.77449254  0.72041994
   0.74168241  0.75206777  0.89373261
   0.71801632  0.73108255  0.78195853
   0.74168241  0.25206777  0.39373264
   0.71801632  0.23108256  0.28195847
   0.74829854  0.75100381  0.10366166
   0.74735313  0.73168093  0.22040703
   0.74829854  0.25100384  0.60366168
   0.74735313  0.23168091  0.72040706
   0.25521845  0.24199749  0.89338281
   0.23468092  0.28255677  0.78147888
   0.25521845  0.74199752  0.39338284
   0.23468092  0.78255674  0.28147891
   0.25333744  0.24511055 -0.00278647
   0.25333744  0.74511055  0.49721353
   0.74805561  0.75785615  0.99726363
   0.74805561  0.25785615  0.49726357
   0.79497502  0.75115368  0.34698143
   0.79497502  0.25115368  0.84698143
   0.79268038  0.74977513  0.65243263
   0.79268038  0.24977515  0.15243265
   0.80003155  0.75432255  0.45027523
   0.80003155  0.25432255  0.95027520
   0.29176204  0.24803860  0.54893907
   0.29183752  0.24904946  0.65243478
   0.29183752  0.74904946  0.15243478
   0.29176204  0.74803858  0.04893906
   0.79286514  0.75079720  0.54919968
   0.79286514  0.25079720  0.04919967
   0.59197461  0.54006198  0.05557543
   0.32687877  0.31932482  0.40457954
   0.52282792  0.47247043  0.13718149
   0.30894636  0.18324349  0.30257873
   0.50269880  0.49786942  0.25088861
   0.01858561  0.96560644  0.03984259
   0.10190242  0.05350798  0.14885452
   0.59197461  0.04006199  0.55557541
   0.32687877  0.81932482  0.90457954
   0.52282792  0.97247046  0.63718148
   0.30894636  0.68324346  0.80257873
   0.50269880  0.99786945  0.75088864
   0.01858561  0.46560647  0.53984258
   0.10190242  0.55350804  0.64885455
   0.11639395  0.43680993  0.94846399
   0.81968011  0.67790485  0.59627182
   0.02441736  0.52264136  0.86186019
   0.78942015  0.80673720  0.69535003
   0.00110186  0.50517931  0.74908023
   0.52434340  0.03711384  0.96251921
   0.59511739  0.95347689  0.85094046
   0.11639395  0.93680996  0.44846396
   0.81968011  0.17790485  0.09627183
   0.02441736  0.02264139  0.36186019
   0.78942015  0.30673720  0.19535003
   0.00110186  0.00517934  0.24908025
   0.52434340  0.53711387  0.46251918
   0.59511739  0.45347695  0.35094049
   0.09193816  0.45786514  0.05554394
   0.81457859  0.68722964  0.40450361
   0.02305691  0.52576195  0.13685907
   0.79047226  0.80843224  0.30354642
   0.00127779  0.50751490  0.25111481
   0.51991032  0.03287227  0.03962486
   0.60188147  0.94540229  0.14911295
   0.09193816  0.95786511  0.55554398
   0.81457859  0.18722965  0.90450364
   0.02305691  0.02576192  0.63685904
   0.79047226  0.30843227  0.80354639
   0.00127779  0.00751490  0.75111481
   0.51991032  0.53287228  0.53962483
   0.60188147  0.44540229  0.64911298
   0.61576098  0.55758684  0.94845673
   0.32157173  0.32106480  0.59624275
   0.52627170  0.47364266  0.86228695
   0.27865075  0.19172348  0.69528511
   0.50369096  0.49512310  0.74853839
   0.02065011  0.96538761  0.96235006
   0.09671403  0.04733231  0.85096791
   0.61576098  0.05758680  0.44845679
   0.32157173  0.82106480  0.09624276
   0.52627170  0.97364263  0.36228692
   0.27865075  0.69172348  0.19528507
   0.50369096  0.99512310  0.24853836
   0.02065011  0.46538764  0.46235006
   0.09671403  0.54733233  0.35096797
   0.32518458  0.16875241  0.50109872
   0.32518458  0.66875247  1.00109875
   0.82469271  0.83059228  0.50091193
   0.82469271  0.33059234  0.00091193
   0.28847238  0.24503199  0.34621052
   0.28847238  0.74503199  0.84621055
   0.29386359  0.24755128  0.44986113
   0.29386359  0.74755128  0.94986113
