   0.24980464  0.24830919  0.10369124
   0.23606653  0.27470904  0.22036679
   0.24980464  0.74830919  0.60369125
   0.23606653  0.77470907  0.72036675
   0.74164533  0.75223999  0.89372874
   0.71764298  0.73110765  0.78191624
   0.74164533  0.25223999  0.39372877
   0.71764298  0.23110767  0.28191618
   0.74818941  0.75098457  0.10364169
   0.74722190  0.73176044  0.22037144
   0.74818941  0.25098459  0.60364171
   0.74722190  0.23176043  0.72037147
   0.25523273  0.24159478  0.89336636
   0.23446504  0.28266259  0.78143002
   0.25523273  0.74159481  0.39336639
   0.23446504  0.78266256  0.28143005
   0.25364752  0.24493828 -0.00277202
   0.25364752  0.74493828  0.49722798
   0.74838187  0.75796018  0.99728354
   0.74838187  0.25796018  0.49728348
   0.79480577  0.75126875  0.34698536
   0.79480577  0.25126875  0.84698536
   0.79260464  0.74971050  0.65237692
   0.79260464  0.24971052  0.15237694
   0.80042090  0.75439205  0.45031203
   0.80042090  0.25439205  0.95031200
   0.29185646  0.24802026  0.54894453
   0.29169553  0.24910422  0.65238916
   0.29169553  0.74910422  0.15238916
   0.29185646  0.74802024  0.04894452
   0.79295845  0.75080451  0.54920546
   0.79295845  0.25080451  0.04920546
   0.59155902  0.53954220  0.05561485
   0.32702176  0.31917751  0.40464200
   0.52268069  0.47240405  0.13717064
   0.30895509  0.18322768  0.30257017
   0.50245690  0.49792624  0.25084269
   0.01914545  0.96603669  0.03984634
   0.10190031  0.05356844  0.14883401
   0.59155902  0.03954220  0.55561483
   0.32702176  0.81917751  0.90464200
   0.52268069  0.97240408  0.63717062
   0.30895509  0.68322765  0.80257017
   0.50245690  0.99792627  0.75084272
   0.01914545  0.46603672  0.53984633
   0.10190031  0.55356849  0.64883404
   0.11708754  0.43644265  0.94848315
   0.81965191  0.67775965  0.59627322
   0.02451320  0.52234887  0.86185572
   0.78954676  0.80692178  0.69532161
   0.00085372  0.50528558  0.74905147
   0.52479817  0.03709788  0.96256110
   0.59425600  0.95408251  0.85101481
   0.11708754  0.93644268  0.44848312
   0.81965191  0.17775965  0.09627324
   0.02451320  0.02234889  0.36185572
   0.78954676  0.30692178  0.19532161
   0.00085372  0.00528561  0.24905148
   0.52479817  0.53709791  0.46256107
   0.59425600  0.45408257  0.35101484
   0.09151453  0.45838255  0.05558831
   0.81475621  0.68730166  0.40454713
   0.02296856  0.52578649  0.13681858
   0.79032306  0.80847184  0.30354973
   0.00104174  0.50764688  0.25107909
   0.52046916  0.03242823  0.03962456
   0.60186879  0.94528278  0.14912159
   0.09151453  0.95838252  0.55558835
   0.81475621  0.18730168  0.90454716
   0.02296856  0.02578647  0.63681855
   0.79032306  0.30847187  0.80354970
   0.00104174  0.00764689  0.75107909
   0.52046916  0.53242824  0.53962453
   0.60186879  0.44528278  0.64912162
   0.61647136  0.55784400  0.94848183
   0.32164767  0.32118262  0.59624444
   0.52633211  0.47391905  0.86229535
   0.27803918  0.19164642  0.69524781
   0.50347164  0.49515504  0.74850308
   0.02107201  0.96538228  0.96239583
   0.09593832  0.04664189  0.85102306
   0.61647136  0.05784395  0.44848189
   0.32164767  0.82118262  0.09624445
   0.52633211  0.97391902  0.36229532
   0.27803918  0.69164642  0.19524777
   0.50347164  0.99515504  0.24850305
   0.02107201  0.46538231  0.46239583
   0.09593832  0.54664191  0.35102312
   0.32547158  0.16866850  0.50111212
   0.32547158  0.66866856  1.00111215
   0.82503472  0.83065738  0.50093084
   0.82503472  0.33065744  0.00093084
   0.28831530  0.24484316  0.34620695
   0.28831530  0.74484316  0.84620698
   0.29419750  0.24737036  0.44991034
   0.29419750  0.74737036  0.94991034
