   0.25174929  0.24674133  0.10439266
   0.23932230  0.27213824  0.22088267
   0.25174929  0.74674133  0.60439268
   0.23932230  0.77213827  0.72088263
   0.74456483  0.75047742  0.89346022
   0.72590698  0.72950585  0.78179978
   0.74456483  0.25047742  0.39346025
   0.72590698  0.22950587  0.28179972
   0.75098096  0.75210219  0.10452577
   0.74361539  0.72963449  0.22051606
   0.75098096  0.25210222  0.60452580
   0.74361539  0.22963447  0.72051609
   0.25687530  0.24594356  0.89324886
   0.23486227  0.28179965  0.78193271
   0.25687530  0.74594359  0.39324889
   0.23486227  0.78179962  0.28193274
   0.24759843  0.24482247 -0.00246867
   0.24759843  0.74482247  0.49753133
   0.74287613  0.75731019  0.99658977
   0.74287613  0.25731019  0.49658971
   0.79771550  0.75049740  0.34679438
   0.79771550  0.25049740  0.84679438
   0.79526877  0.75020461  0.65312376
   0.79526877  0.25020462  0.15312378
   0.79473034  0.75341225  0.44958891
   0.79473034  0.25341225  0.94958888
   0.29115862  0.24778776  0.54909801
   0.29509071  0.24872038  0.65305761
   0.29509071  0.74872038  0.15305761
   0.29115862  0.74778775  0.04909800
   0.79153248  0.75195978  0.54935087
   0.79153248  0.25195978  0.04935086
   0.60002705  0.54901450  0.05574040
   0.32455350  0.32179198  0.40359850
   0.52620114  0.47330094  0.13768495
   0.30106419  0.18108450  0.30245948
   0.50400859  0.49606508  0.25130588
   0.01176794  0.96010504  0.03979537
   0.10400247  0.05270626  0.14979673
   0.60002705  0.04901451  0.55574038
   0.32455350  0.82179198  0.90359850
   0.52620114  0.97330097  0.63768493
   0.30106419  0.68108447  0.80245948
   0.50400859  0.99606511  0.75130591
   0.01176794  0.46010507  0.53979536
   0.10400247  0.55270632  0.64979676
   0.10712020  0.43961948  0.94757712
   0.82080256  0.67973667  0.59655134
   0.02525473  0.52543076  0.86203761
   0.78864099  0.80838478  0.69607540
   0.00157183  0.50352787  0.74891401
   0.51638131  0.03876921  0.96206641
   0.60445622  0.94862011  0.84985908
   0.10712020  0.93961951  0.44757709
   0.82080256  0.17973667  0.09655136
   0.02525473  0.02543078  0.36203761
   0.78864099  0.30838478  0.19607540
   0.00157183  0.00352790  0.24891402
   0.51638131  0.53876923  0.46206638
   0.60445622  0.44862017  0.34985911
   0.10079161  0.44886474  0.05518003
   0.81473450  0.68428965  0.40373405
   0.02623766  0.52508199  0.13774440
   0.79367547  0.81138428  0.30330461
   0.00162330  0.50538334  0.25130431
   0.51080168  0.04174636  0.04007323
   0.60442424  0.94572926  0.15002761
   0.10079161  0.94886471  0.55518007
   0.81473450  0.18428966  0.90373408
   0.02623766  0.02508196  0.63774437
   0.79367547  0.31138431  0.80330458
   0.00162330  0.00538335  0.75130431
   0.51080168  0.54174637  0.54007320
   0.60442424  0.44572926  0.65002764
   0.60778970  0.55617355  0.94771495
   0.32154660  0.32004633  0.59666925
   0.52804939  0.47245000  0.86205082
   0.28889771  0.18980303  0.69598594
   0.50390992  0.49441323  0.74872524
   0.01256527  0.96319658  0.96158805
   0.10604575  0.05585310  0.84978264
   0.60778970  0.05617350  0.44771501
   0.32154660  0.82004633  0.09666926
   0.52804939  0.97244997  0.36205079
   0.28889771  0.68980303  0.19598590
   0.50390992  0.99441323  0.24872521
   0.01256527  0.46319661  0.46158805
   0.10604575  0.55585312  0.34978270
   0.32094363  0.16681351  0.50114645
   0.32094363  0.66681357  1.00114648
   0.81959268  0.83176659  0.50073930
   0.81959268  0.33176665  0.00073930
   0.29074102  0.24764349  0.34598446
   0.29074102  0.74764349  0.84598449
   0.28792855  0.24814606  0.44888893
   0.28792855  0.74814606  0.94888893
