   0.24986779  0.24864852  0.10362658
   0.23485175  0.27521463  0.22019729
   0.24986779  0.74864852  0.60362659
   0.23485175  0.77521466  0.72019724
   0.74141942  0.75276165  0.89370339
   0.71648344  0.73129145  0.78176123
   0.74141942  0.25276165  0.39370342
   0.71648344  0.23129147  0.28176117
   0.74813870  0.75087891  0.10359056
   0.74644630  0.73194945  0.22023968
   0.74813870  0.25087894  0.60359058
   0.74644630  0.23194943  0.72023971
   0.25522496  0.24037897  0.89329368
   0.23351832  0.28293428  0.78127695
   0.25522496  0.74037900  0.39329371
   0.23351832  0.78293425  0.28127698
   0.25474440  0.24444725 -0.00272693
   0.25474440  0.74444725  0.49727307
   0.74952236  0.75818350  0.99733829
   0.74952236  0.25818350  0.49733823
   0.79418038  0.75163435  0.34695713
   0.79418038  0.25163435  0.84695713
   0.79242593  0.74959514  0.65227169
   0.79242593  0.24959515  0.15227170
   0.80173356  0.75453702  0.45040885
   0.80173356  0.25453702  0.95040882
   0.29230307  0.24801305  0.54897941
   0.29139508  0.24930158  0.65228775
   0.29139508  0.74930158  0.15228775
   0.29230307  0.74801304  0.04897940
   0.79338020  0.75079944  0.54923869
   0.79338020  0.25079944  0.04923868
   0.59052346  0.53814767  0.05575154
   0.32730916  0.31871690  0.40483600
   0.52239825  0.47225244  0.13712628
   0.30862287  0.18323887  0.30252602
   0.50156229  0.49805195  0.25070359
   0.02067181  0.96712725  0.03987562
   0.10207636  0.05396067  0.14879993
   0.59052346  0.03814768  0.55575152
   0.32730916  0.81871690  0.90483600
   0.52239825  0.97225247  0.63712626
   0.30862287  0.68323884  0.80252602
   0.50156229  0.99805198  0.75070362
   0.02067181  0.46712728  0.53987561
   0.10207636  0.55396072  0.64879996
   0.11916919  0.43539249  0.94855603
   0.81974407  0.67739865  0.59630211
   0.02454909  0.52150474  0.86182341
   0.78973796  0.80738660  0.69521058
  -0.00005743  0.50556698  0.74894592
   0.52620995  0.03704818  0.96269064
   0.59166538  0.95585997  0.85122522
   0.11916919  0.93539252  0.44855600
   0.81974407  0.17739865  0.09630212
   0.02454909  0.02150476  0.36182341
   0.78973796  0.30738660  0.19521058
  -0.00005743  0.00556701  0.24894593
   0.52620995  0.53704821  0.46269061
   0.59166538  0.45586003  0.35122525
   0.09044351  0.45984504  0.05573693
   0.81518712  0.68750945  0.40468334
   0.02277739  0.52590699  0.13671786
   0.78991752  0.80846932  0.30352593
   0.00014571  0.50800551  0.25096121
   0.52195696  0.03135211  0.03965165
   0.60206981  0.94489717  0.14914497
   0.09044351  0.95984501  0.55573697
   0.81518712  0.18750947  0.90468337
   0.02277739  0.02590697  0.63671783
   0.78991752  0.30846935  0.80352590
   0.00014571  0.00800551  0.75096121
   0.52195696  0.53135211  0.53965162
   0.60206981  0.44489717  0.64914500
   0.61862045  0.55849274  0.94857275
   0.32191884  0.32153503  0.59627411
   0.52631647  0.47469844  0.86228436
   0.27673208  0.19148457  0.69513805
   0.50262239  0.49528895  0.74838771
   0.02237347  0.96524309  0.96253343
   0.09360309  0.04475460  0.85116801
   0.61862045  0.05849270  0.44857281
   0.32191884  0.82153503  0.09627412
   0.52631647  0.97469841  0.36228433
   0.27673208  0.69148457  0.19513800
   0.50262239  0.99528895  0.24838768
   0.02237347  0.46524312  0.46253343
   0.09360309  0.54475462  0.35116807
   0.32634270  0.16843172  0.50117451
   0.32634270  0.66843178  1.00117454
   0.82602261  0.83078266  0.50100385
   0.82602261  0.33078272  0.00100385
   0.28770286  0.24426262  0.34616804
   0.28770286  0.74426262  0.84616807
   0.29542862  0.24681727  0.45005609
   0.29542862  0.74681727  0.95005609
