   0.25220347  0.24676107  0.10465389
   0.23967206  0.27211103  0.22083391
   0.25220347  0.74676107  0.60465391
   0.23967206  0.77211106  0.72083386
   0.74657457  0.75018118  0.89343704
   0.72829526  0.72790073  0.78167444
   0.74657457  0.25018118  0.39343707
   0.72829526  0.22790075  0.28167438
   0.75105168  0.75269581  0.10487255
   0.74153334  0.72946347  0.22043959
   0.75105168  0.25269584  0.60487257
   0.74153334  0.22946346  0.72043962
   0.25638820  0.24625947  0.89322342
   0.23460000  0.28106834  0.78189646
   0.25638820  0.74625950  0.39322345
   0.23460000  0.78106831  0.28189649
   0.24627643  0.24345920 -0.00209887
   0.24627643  0.74345920  0.49790113
   0.74243827  0.75822341  0.99644848
   0.74243827  0.25822341  0.49644842
   0.79756615  0.75031926  0.34683248
   0.79756615  0.25031926  0.84683248
   0.79552476  0.75029902  0.65330205
   0.79552476  0.25029903  0.15330207
   0.79423259  0.75340268  0.44939984
   0.79423259  0.25340268  0.94939981
   0.29111054  0.24713649  0.54910313
   0.29524249  0.24866737  0.65329301
   0.29524249  0.74866737  0.15329301
   0.29111054  0.74713647  0.04910312
   0.79094178  0.75289856  0.54939048
   0.79094178  0.25289856  0.04939047
   0.60177480  0.55098764  0.05595061
   0.32372570  0.32239427  0.40350957
   0.52659223  0.47326166  0.13776152
   0.29817145  0.18088235  0.30255805
   0.50404415  0.49533798  0.25128424
   0.01103567  0.95937702  0.03961534
   0.10434864  0.05297535  0.15009637
   0.60177480  0.05098765  0.55595059
   0.32372570  0.82239427  0.90350957
   0.52659223  0.97326169  0.63776150
   0.29817145  0.68088233  0.80255805
   0.50404415  0.99533800  0.75128427
   0.01103567  0.45937705  0.53961533
   0.10434864  0.55297540  0.65009640
   0.10517893  0.43987239  0.94689901
   0.82077169  0.67978147  0.59661659
   0.02541484  0.52559342  0.86219425
   0.78925993  0.80977397  0.69611055
   0.00172111  0.50315728  0.74869407
   0.51436438  0.04045327  0.96218129
   0.60560585  0.94831511  0.84969286
   0.10517893  0.93987242  0.44689898
   0.82077169  0.17978147  0.09661660
   0.02541484  0.02559344  0.36219425
   0.78925993  0.30977397  0.19611055
   0.00172111  0.00315731  0.24869409
   0.51436438  0.54045330  0.46218126
   0.60560585  0.44831517  0.34969289
   0.10380586  0.44583022  0.05505949
   0.81704750  0.68242947  0.40351992
   0.02667889  0.52481554  0.13784747
   0.79414162  0.81318877  0.30321946
   0.00154367  0.50549778  0.25117889
   0.50878715  0.04389468  0.04017148
   0.60527747  0.94529801  0.15048313
   0.10380586  0.94583019  0.55505953
   0.81704750  0.18242948  0.90351995
   0.02667889  0.02481551  0.63784744
   0.79414162  0.31318880  0.80321943
   0.00154367  0.00549779  0.75117889
   0.50878715  0.54389469  0.54017145
   0.60527747  0.44529801  0.65048316
   0.60805398  0.55712958  0.94744869
   0.32242363  0.32028839  0.59686517
   0.52889523  0.47270691  0.86216438
   0.29075079  0.18889907  0.69584578
   0.50359053  0.49466981  0.74866889
   0.00963669  0.96119307  0.96145939
   0.10657577  0.05707052  0.84943554
   0.60805398  0.05712954  0.44744875
   0.32242363  0.82028839  0.09686519
   0.52889523  0.97270688  0.36216435
   0.29075079  0.68889907  0.19584574
   0.50359053  0.99466981  0.24866886
   0.00963669  0.46119310  0.46145939
   0.10657577  0.55707054  0.34943560
   0.31959776  0.16472813  0.50120294
   0.31959776  0.66472819  1.00120297
   0.81886340  0.83373175  0.50078645
   0.81886340  0.33373181  0.00078645
   0.29139950  0.24828319  0.34606386
   0.29139950  0.74828319  0.84606389
   0.28726927  0.24733464  0.44871275
   0.28726927  0.74733464  0.94871275
