   0.24985042  0.24814289  0.10372973
   0.23660682  0.27439700  0.22045301
   0.24985042  0.74814289  0.60372975
   0.23660682  0.77439703  0.72045296
   0.74167645  0.75198774  0.89373017
   0.71820784  0.73105646  0.78198054
   0.74167645  0.25198774  0.39373019
   0.71820784  0.23105647  0.28198048
   0.74834463  0.75101314  0.10367275
   0.74740206  0.73161909  0.22043058
   0.74834463  0.25101317  0.60367278
   0.74740206  0.23161907  0.72043061
   0.25521154  0.24221016  0.89338828
   0.23478646  0.28251314  0.78150541
   0.25521154  0.74221019  0.39338831
   0.23478646  0.78251311  0.28150544
   0.25312606  0.24519898 -0.00279620
   0.25312606  0.74519898  0.49720380
   0.74786483  0.75781286  0.99725227
   0.74786483  0.25781286  0.49725221
   0.79508198  0.75108714  0.34698586
   0.79508198  0.25108714  0.84698586
   0.79274000  0.74979707  0.65245014
   0.79274000  0.24979708  0.15245015
   0.79981036  0.75427382  0.45025693
   0.79981036  0.25427382  0.95025690
   0.29168954  0.24804343  0.54893521
   0.29193236  0.24902819  0.65245298
   0.29193236  0.74902819  0.15245298
   0.29168954  0.74804342  0.04893520
   0.79279636  0.75080445  0.54919410
   0.79279636  0.25080445  0.04919410
   0.59221250  0.54035058  0.05555268
   0.32682829  0.31941184  0.40454724
   0.52291982  0.47252677  0.13719046
   0.30893883  0.18324810  0.30258334
   0.50283795  0.49783523  0.25091594
   0.01827802  0.96536059  0.03984441
   0.10192023  0.05343557  0.14886697
   0.59221250  0.04035059  0.55555266
   0.32682829  0.81941184  0.90454724
   0.52291982  0.97252680  0.63719044
   0.30893883  0.68324807  0.80258334
   0.50283795  0.99783526  0.75091597
   0.01827802  0.46536062  0.53984440
   0.10192023  0.55343563  0.64886700
   0.11598302  0.43704345  0.94845358
   0.81971659  0.67798375  0.59626959
   0.02439723  0.52281429  0.86186223
   0.78935049  0.80663500  0.69537177
   0.00123670  0.50511439  0.74909626
   0.52406651  0.03712113  0.96249651
   0.59559818  0.95312844  0.85089622
   0.11598302  0.93704348  0.44845355
   0.81971659  0.17798375  0.09626960
   0.02439723  0.02281431  0.36186223
   0.78935049  0.30663500  0.19537177
   0.00123670  0.00511442  0.24909627
   0.52406651  0.53712116  0.46249648
   0.59559818  0.45312850  0.35089625
   0.09218048  0.45757665  0.05551797
   0.81448357  0.68719079  0.40447831
   0.02314552  0.52575392  0.13688515
   0.79057354  0.80842187  0.30354524
   0.00140574  0.50743462  0.25113622
   0.51960410  0.03312883  0.03962923
   0.60186976  0.94546510  0.14910892
   0.09218048  0.95757662  0.55551801
   0.81448357  0.18719080  0.90447834
   0.02314552  0.02575389  0.63688512
   0.79057354  0.30842190  0.80354521
   0.00140574  0.00743463  0.75113622
   0.51960410  0.53312884  0.53962920
   0.60186976  0.44546510  0.64910895
   0.61532373  0.55744130  0.94844266
   0.32154606  0.32099734  0.59624289
   0.52624458  0.47351079  0.86228113
   0.27903991  0.19177517  0.69529707
   0.50381937  0.49509342  0.74855786
   0.02041390  0.96539122  0.96232385
   0.09718219  0.04770096  0.85093601
   0.61532373  0.05744126  0.44844272
   0.32154606  0.82099734  0.09624291
   0.52624458  0.97351076  0.36228110
   0.27903991  0.69177517  0.19529703
   0.50381937  0.99509342  0.24855783
   0.02041390  0.46539125  0.46232385
   0.09718219  0.54770098  0.35093607
   0.32502697  0.16880352  0.50108993
   0.32502697  0.66880358  1.00108996
   0.82450563  0.83056220  0.50090315
   0.82450563  0.33056226  0.00090315
   0.28854294  0.24513737  0.34621453
   0.28854294  0.74513737  0.84621455
   0.29367960  0.24762007  0.44984084
   0.29367960  0.74762007  0.94984084
