   0.24988226  0.24866526  0.10362317
   0.23478731  0.27523887  0.22018785
   0.24988226  0.74866526  0.60362318
   0.23478731  0.77523890  0.72018780
   0.74140836  0.75278982  0.89370190
   0.71643034  0.73130380  0.78175366
   0.74140836  0.25278982  0.39370193
   0.71643034  0.23130382  0.28175360
   0.74814967  0.75087087  0.10358753
   0.74639735  0.73195396  0.22023153
   0.74814967  0.25087090  0.60358755
   0.74639735  0.23195394  0.72023156
   0.25522401  0.24032834  0.89328986
   0.23346620  0.28294374  0.78126996
   0.25522401  0.74032837  0.39328989
   0.23346620  0.78294371  0.28126999
   0.25479101  0.24442520 -0.00272408
   0.25479101  0.74442520  0.49727592
   0.74957225  0.75819485  0.99734150
   0.74957225  0.25819485  0.49734144
   0.79414549  0.75165048  0.34695970
   0.79414549  0.25165048  0.84695970
   0.79242550  0.74959258  0.65226592
   0.79242550  0.24959260  0.15226593
   0.80179474  0.75453950  0.45041441
   0.80179474  0.25453950  0.95041438
   0.29232722  0.24801484  0.54898245
   0.29139043  0.24931020  0.65228273
   0.29139043  0.74931020  0.15228273
   0.29232722  0.74801482  0.04898243
   0.79340449  0.75080079  0.54924055
   0.79340449  0.25080079  0.04924054
   0.59047999  0.53808886  0.05575805
   0.32731713  0.31869699  0.40484416
   0.52239486  0.47224615  0.13712528
   0.30859982  0.18324226  0.30252179
   0.50151917  0.49805642  0.25069803
   0.02073851  0.96717572  0.03987730
   0.10209405  0.05398170  0.14880104
   0.59047999  0.03808887  0.55575803
   0.32731713  0.81869699  0.90484416
   0.52239486  0.97224618  0.63712527
   0.30859982  0.68324223  0.80252179
   0.50151917  0.99805645  0.75069806
   0.02073851  0.46717575  0.53987729
   0.10209405  0.55398176  0.64880107
   0.11926300  0.43535373  0.94855849
   0.81975497  0.67738324  0.59630529
   0.02454854  0.52146915  0.86182124
   0.78974431  0.80740954  0.69520788
  -0.00010341  0.50557942  0.74894090
   0.52626321  0.03704436  0.96269587
   0.59154328  0.95594092  0.85123401
   0.11926300  0.93535376  0.44855846
   0.81975497  0.17738324  0.09630530
   0.02454854  0.02146917  0.36182124
   0.78974431  0.30740954  0.19520788
  -0.00010341  0.00557945  0.24894092
   0.52626321  0.53704438  0.46269584
   0.59154328  0.45594098  0.35123404
   0.09040006  0.45990773  0.05574390
   0.81520350  0.68751958  0.40468808
   0.02277616  0.52591474  0.13671510
   0.78989582  0.80846590  0.30352088
   0.00010139  0.50801970  0.25095615
   0.52202044  0.03130516  0.03965334
   0.60208875  0.94488048  0.14914775
   0.09040006  0.95990770  0.55574394
   0.81520350  0.18751960  0.90468811
   0.02277616  0.02591471  0.63671507
   0.78989582  0.30846593  0.80352085
   0.00010139  0.00801971  0.75095615
   0.52202044  0.53130517  0.53965331
   0.60208875  0.44488048  0.64914778
   0.61870593  0.55852716  0.94857593
   0.32193472  0.32155166  0.59627701
   0.52631448  0.47473701  0.86228268
   0.27669072  0.19147674  0.69513509
   0.50257920  0.49529416  0.74838225
   0.02243178  0.96523281  0.96253901
   0.09349704  0.04466888  0.85117381
   0.61870593  0.05852711  0.44857599
   0.32193472  0.82155166  0.09627703
   0.52631448  0.97473698  0.36228265
   0.27669072  0.69147674  0.19513505
   0.50257920  0.99529416  0.24838222
   0.02243178  0.46523284  0.46253901
   0.09349704  0.54466890  0.35117387
   0.32637983  0.16842186  0.50117639
   0.32637983  0.66842192  1.00117641
   0.82606621  0.83079018  0.50100702
   0.82606621  0.33079024  0.00100702
   0.28764452  0.24421399  0.34616169
   0.28764452  0.74421399  0.84616172
   0.29551508  0.24678052  0.45006585
   0.29551508  0.74678052  0.95006585
