   0.24980597  0.24850063  0.10365280
   0.23543039  0.27499882  0.22027476
   0.24980597  0.74850063  0.60365281
   0.23543039  0.77499885  0.72027471
   0.74153840  0.75253210  0.89371629
   0.71700702  0.73121367  0.78183471
   0.74153840  0.25253210  0.39371632
   0.71700702  0.23121369  0.28183465
   0.74811956  0.75092964  0.10361189
   0.74686912  0.73186957  0.22030186
   0.74811956  0.25092967  0.60361191
   0.74686912  0.23186955  0.72030189
   0.25524066  0.24091088  0.89332883
   0.23398400  0.28282376  0.78134692
   0.25524066  0.74091091  0.39332886
   0.23398400  0.78282373  0.28134695
   0.25425353  0.24465338 -0.00274820
   0.25425353  0.74465338  0.49725180
   0.74902899  0.75809460  0.99731358
   0.74902899  0.25809460  0.49731352
   0.79446197  0.75146864  0.34697037
   0.79446197  0.25146864  0.84697037
   0.79246307  0.74965142  0.65231923
   0.79246307  0.24965144  0.15231924
   0.80117333  0.75446606  0.45036603
   0.80117333  0.25446606  0.95036600
   0.29209414  0.24801635  0.54896178
   0.29147657  0.24920817  0.65233211
   0.29147657  0.74920817  0.15233211
   0.29209414  0.74801633  0.04896177
   0.79317843  0.75080483  0.54922099
   0.79317843  0.25080483  0.04922099
   0.59096125  0.53876100  0.05568896
   0.32718331  0.31891227  0.40475237
   0.52248327  0.47232334  0.13714565
   0.30881711  0.18322225  0.30255124
   0.50199078  0.49800409  0.25076660
   0.01999316  0.96665235  0.03985768
   0.10194157  0.05377391  0.14881043
   0.59096125  0.03876101  0.55568894
   0.32718331  0.81891227  0.90475237
   0.52248327  0.97232337  0.63714564
   0.30881711  0.68322222  0.80255124
   0.50199078  0.99800412  0.75076663
   0.01999316  0.46665238  0.53985767
   0.10194157  0.55377396  0.64881046
   0.11826711  0.43587275  0.94852200
   0.81967268  0.67754936  0.59628747
   0.02453452  0.52187839  0.86184066
   0.78966498  0.80719243  0.69525958
   0.00038733  0.50544865  0.74899502
   0.52558136  0.03707285  0.96263197
   0.59283788  0.95504935  0.85113107
   0.11826711  0.93587278  0.44852197
   0.81967268  0.17754936  0.09628749
   0.02453452  0.02187841  0.36184066
   0.78966498  0.30719243  0.19525958
   0.00038733  0.00544868  0.24899504
   0.52558136  0.53707288  0.46263194
   0.59283788  0.45504941  0.35113110
   0.09089717  0.45920691  0.05566945
   0.81499662  0.68741656  0.40462231
   0.02282727  0.52584275  0.13675861
   0.79009679  0.80849188  0.30353673
   0.00058031  0.50785210  0.25101704
   0.52129466  0.03182104  0.03963396
   0.60192704  0.94507622  0.14913428
   0.09089717  0.95920688  0.55566949
   0.81499662  0.18741657  0.90462234
   0.02282727  0.02584272  0.63675858
   0.79009679  0.30849191  0.80353670
   0.00058031  0.00785210  0.75101704
   0.52129466  0.53182105  0.53963393
   0.60192704  0.44507622  0.64913431
   0.61767709  0.55820611  0.94853082
   0.32178166  0.32138423  0.59625923
   0.52633005  0.47434565  0.86229366
   0.27720935  0.19155417  0.69518734
   0.50303444  0.49523988  0.74844005
   0.02181539  0.96528589  0.96247171
   0.09466520  0.04559661  0.85110370
   0.61767709  0.05820606  0.44853088
   0.32178166  0.82138423  0.09625924
   0.52633005  0.97434562  0.36229363
   0.27720935  0.69155417  0.19518730
   0.50303444  0.99523988  0.24844002
   0.02181539  0.46528592  0.46247171
   0.09466520  0.54559663  0.35110376
   0.32594753  0.16853388  0.50114252
   0.32594753  0.66853394  1.00114255
   0.82557642  0.83073750  0.50096995
   0.82557642  0.33073756  0.00096995
   0.28797599  0.24450683  0.34618979
   0.28797599  0.74450683  0.84618982
   0.29492525  0.24704609  0.44999409
   0.29492525  0.74704609  0.94999409
