   0.25002410  0.24786604  0.10381742
   0.23742175  0.27381839  0.22059294
   0.25002410  0.74786604  0.60381744
   0.23742175  0.77381842  0.72059289
   0.74173793  0.75156584  0.89371973
   0.71919523  0.73097086  0.78206247
   0.74173793  0.25156584  0.39371976
   0.71919523  0.23097088  0.28206241
   0.74870620  0.75101431  0.10374439
   0.74748850  0.73139479  0.22051807
   0.74870620  0.25101434  0.60374441
   0.74748850  0.23139477  0.72051810
   0.25525087  0.24335285  0.89340401
   0.23518920  0.28223956  0.78162115
   0.25525087  0.74335288  0.39340404
   0.23518920  0.78223953  0.28162118
   0.25218411  0.24571020 -0.00283789
   0.25218411  0.74571020  0.49716211
   0.74691015  0.75749175  0.99720659
   0.74691015  0.25749175  0.49720653
   0.79557119  0.75081646  0.34696928
   0.79557119  0.25081646  0.84696928
   0.79310136  0.74984049  0.65254780
   0.79310136  0.24984051  0.15254782
   0.79872866  0.75408158  0.45016480
   0.79872866  0.25408158  0.95016477
   0.29139854  0.24808946  0.54893724
   0.29247921  0.24893380  0.65255817
   0.29247921  0.74893380  0.15255817
   0.29139854  0.74808945  0.04893723
   0.79253385  0.75078397  0.54919421
   0.79253385  0.25078397  0.04919421
   0.59339732  0.54177409  0.05545676
   0.32653931  0.31979997  0.40436381
   0.52345693  0.47267840  0.13724734
   0.30868447  0.18340645  0.30257592
   0.50337252  0.49765921  0.25103183
   0.01673506  0.96415612  0.03986497
   0.10223768  0.05327083  0.14896331
   0.59339732  0.04177410  0.55545674
   0.32653931  0.81979997  0.90436381
   0.52345693  0.97267843  0.63724732
   0.30868447  0.68340642  0.80257592
   0.50337252  0.99765924  0.75103186
   0.01673506  0.46415615  0.53986496
   0.10223768  0.55327089  0.64896334
   0.11402777  0.43800721  0.94840107
   0.81992203  0.67838884  0.59627955
   0.02424961  0.52359638  0.86186059
   0.78895166  0.80607023  0.69548876
   0.00174357  0.50478550  0.74915421
   0.52277288  0.03716079  0.96237600
   0.59782378  0.95161919  0.85068838
   0.11402777  0.93800724  0.44840104
   0.81992203  0.17838884  0.09627957
   0.02424961  0.02359640  0.36186059
   0.78895166  0.30607023  0.19548876
   0.00174357  0.00478553  0.24915422
   0.52277288  0.53716081  0.46237597
   0.59782378  0.45161925  0.35068841
   0.09334419  0.45618072  0.05540804
   0.81397760  0.68707249  0.40434235
   0.02357690  0.52573717  0.13703402
   0.79111570  0.80816158  0.30353792
   0.00185342  0.50700964  0.25122377
   0.51806061  0.03441014  0.03966686
   0.60211663  0.94566979  0.14911651
   0.09334419  0.95618069  0.55540809
   0.81397760  0.18707250  0.90434238
   0.02357690  0.02573714  0.63703399
   0.79111570  0.30816161  0.80353789
   0.00185342  0.00700964  0.75122377
   0.51806061  0.53441015  0.53966683
   0.60211663  0.44566979  0.64911654
   0.61333950  0.55676726  0.94837449
   0.32143716  0.32066273  0.59625613
   0.52616208  0.47288169  0.86222316
   0.28099215  0.19200161  0.69542228
   0.50430733  0.49497601  0.74863576
   0.01917567  0.96541714  0.96218639
   0.09924101  0.04948798  0.85078239
   0.61333950  0.05676721  0.44837455
   0.32143716  0.82066273  0.09625615
   0.52616208  0.97288166  0.36222313
   0.28099215  0.69200161  0.19542223
   0.50430733  0.99497601  0.24863573
   0.01917567  0.46541717  0.46218639
   0.09924101  0.54948800  0.35078245
   0.32429699  0.16904552  0.50106780
   0.32429699  0.66904558  1.00106783
   0.82359299  0.83036025  0.50085952
   0.82359299  0.33036031  0.00085952
   0.28894183  0.24569386  0.34618679
   0.28894183  0.74569386  0.84618682
   0.29263247  0.24812067  0.44970286
   0.29263247  0.74812067  0.94970286
