   0.24979467  0.24838040  0.10367687
   0.23587337  0.27481155  0.22033562
   0.24979467  0.74838040  0.60367689
   0.23587337  0.77481158  0.72033558
   0.74159512  0.75235253  0.89372326
   0.71742465  0.73114705  0.78188912
   0.74159512  0.25235253  0.39372328
   0.71742465  0.23114707  0.28188906
   0.74815829  0.75096663  0.10363034
   0.74713412  0.73179814  0.22034891
   0.74815829  0.25096666  0.60363036
   0.74713412  0.23179813  0.72034894
   0.25523606  0.24134476  0.89335375
   0.23430278  0.28271465  0.78140121
   0.25523606  0.74134479  0.39335378
   0.23430278  0.78271462  0.28140124
   0.25382498  0.24482851 -0.00276552
   0.25382498  0.74482851  0.49723448
   0.74861865  0.75802034  0.99729362
   0.74861865  0.25802034  0.49729356
   0.79469953  0.75133544  0.34697182
   0.79469953  0.25133544  0.84697182
   0.79254841  0.74970660  0.65237092
   0.79254841  0.24970662  0.15237094
   0.80066778  0.75439945  0.45032810
   0.80066778  0.25439945  0.95032807
   0.29192552  0.24802240  0.54894853
   0.29161079  0.24911677  0.65239013
   0.29161079  0.74911677  0.15239013
   0.29192552  0.74802239  0.04894852
   0.79301999  0.75080668  0.54920758
   0.79301999  0.25080668  0.04920758
   0.59136256  0.53930389  0.05563639
   0.32708351  0.31908756  0.40468358
   0.52260920  0.47238024  0.13716125
   0.30892565  0.18321974  0.30256848
   0.50231297  0.49794832  0.25081896
   0.01941090  0.96623152  0.03984859
   0.10190503  0.05362790  0.14882339
   0.59136256  0.03930390  0.55563636
   0.32708351  0.81908756  0.90468358
   0.52260920  0.97238027  0.63716123
   0.30892565  0.68321971  0.80256848
   0.50231297  0.99794835  0.75081899
   0.01941090  0.46623155  0.53984858
   0.10190503  0.55362796  0.64882342
   0.11745075  0.43627092  0.94849697
   0.81965301  0.67769166  0.59627544
   0.02451260  0.52218854  0.86185101
   0.78959096  0.80700366  0.69529681
   0.00071234  0.50534190  0.74903503
   0.52504651  0.03709399  0.96258316
   0.59382224  0.95437881  0.85105104
   0.11745075  0.93627095  0.44849694
   0.81965301  0.17769166  0.09627546
   0.02451260  0.02218856  0.36185101
   0.78959096  0.30700366  0.19529681
   0.00071234  0.00534193  0.24903504
   0.52504651  0.53709401  0.46258313
   0.59382224  0.45437887  0.35105107
   0.09131513  0.45863971  0.05561223
   0.81483295  0.68734879  0.40457178
   0.02291902  0.52580723  0.13679732
   0.79025669  0.80847609  0.30355619
   0.00090386  0.50771900  0.25106059
   0.52072599  0.03223397  0.03962594
   0.60187454  0.94522159  0.14912337
   0.09131513  0.95863968  0.55561227
   0.81483295  0.18734881  0.90457181
   0.02291902  0.02580721  0.63679729
   0.79025669  0.30847612  0.80355616
   0.00090386  0.00771901  0.75106059
   0.52072599  0.53223398  0.53962591
   0.60187454  0.44522159  0.64912340
   0.61685330  0.55795303  0.94849830
   0.32168787  0.32124701  0.59624755
   0.52634249  0.47404874  0.86229546
   0.27776417  0.19163034  0.69521688
   0.50334072  0.49518865  0.74848497
   0.02131122  0.96535220  0.96241958
   0.09554947  0.04632373  0.85104831
   0.61685330  0.05795299  0.44849836
   0.32168787  0.82124701  0.09624756
   0.52634249  0.97404871  0.36229543
   0.27776417  0.69163034  0.19521684
   0.50334072  0.99518865  0.24848494
   0.02131122  0.46535223  0.46241958
   0.09554947  0.54632375  0.35104837
   0.32561249  0.16862983  0.50112037
   0.32561249  0.66862989  1.00112040
   0.82519657  0.83068681  0.50094220
   0.82519657  0.33068687  0.00094220
   0.28818687  0.24471822  0.34620499
   0.28818687  0.74471822  0.84620502
   0.29449341  0.24725431  0.44993953
   0.29449341  0.74725431  0.94993953
