   0.24980470  0.24848335  0.10365700
   0.23549983  0.27496556  0.22028600
   0.24980470  0.74848335  0.60365701
   0.23549983  0.77496559  0.72028595
   0.74155434  0.75250530  0.89371632
   0.71706728  0.73121050  0.78184108
   0.74155434  0.25250530  0.39371635
   0.71706728  0.23121052  0.28184102
   0.74812519  0.75093496  0.10361546
   0.74691254  0.73186594  0.22031108
   0.74812519  0.25093499  0.60361548
   0.74691254  0.23186592  0.72031111
   0.25524251  0.24097341  0.89333134
   0.23403436  0.28280500  0.78135319
   0.25524251  0.74097344  0.39333137
   0.23403436  0.78280497  0.28135322
   0.25419620  0.24467832 -0.00275142
   0.25419620  0.74467832  0.49724858
   0.74897374  0.75808483  0.99730994
   0.74897374  0.25808483  0.49730988
   0.79449631  0.75144380  0.34697098
   0.79449631  0.25144380  0.84697098
   0.79246904  0.74965538  0.65232738
   0.79246904  0.24965540  0.15232740
   0.80110692  0.75445784  0.45036061
   0.80110692  0.25445784  0.95036058
   0.29206953  0.24801617  0.54895947
   0.29148876  0.24919965  0.65234124
   0.29148876  0.74919965  0.15234124
   0.29206953  0.74801615  0.04895946
   0.79315682  0.75080534  0.54921912
   0.79315682  0.25080534  0.04921912
   0.59102011  0.53883576  0.05568060
   0.32716367  0.31893685  0.40474237
   0.52249810  0.47233108  0.13714706
   0.30883362  0.18322398  0.30255437
   0.50204011  0.49799481  0.25077399
   0.01990814  0.96658896  0.03985639
   0.10193259  0.05375814  0.14881147
   0.59102011  0.03883576  0.55568058
   0.32716367  0.81893685  0.90474237
   0.52249810  0.97233111  0.63714705
   0.30883362  0.68322395  0.80255437
   0.50204011  0.99799484  0.75077402
   0.01990814  0.46658899  0.53985638
   0.10193259  0.55375820  0.64881150
   0.11813407  0.43592178  0.94851823
   0.81966496  0.67757391  0.59628371
   0.02451935  0.52191630  0.86184295
   0.78965528  0.80716512  0.69526436
   0.00043868  0.50543259  0.74900082
   0.52551501  0.03708963  0.96262412
   0.59299563  0.95495868  0.85111990
   0.11813407  0.93592181  0.44851820
   0.81966496  0.17757391  0.09628372
   0.02451935  0.02191632  0.36184295
   0.78965528  0.30716512  0.19526436
   0.00043868  0.00543262  0.24900083
   0.52551501  0.53708965  0.46262409
   0.59299563  0.45495874  0.35111993
   0.09095773  0.45912863  0.05566048
   0.81496946  0.68741152  0.40461657
   0.02283471  0.52583507  0.13676323
   0.79012065  0.80849010  0.30354152
   0.00062968  0.50783413  0.25102313
   0.52121232  0.03188579  0.03963274
   0.60191968  0.94509515  0.14913206
   0.09095773  0.95912860  0.55566052
   0.81496946  0.18741154  0.90461660
   0.02283471  0.02583504  0.63676320
   0.79012065  0.30849013  0.80354149
   0.00062968  0.00783414  0.75102313
   0.52121232  0.53188580  0.53963272
   0.60191968  0.44509515  0.64913209
   0.61756849  0.55815324  0.94852608
   0.32176352  0.32136147  0.59625585
   0.52633745  0.47429435  0.86229456
   0.27728183  0.19156329  0.69519161
   0.50308100  0.49523422  0.74844659
   0.02173029  0.96530480  0.96246350
   0.09478548  0.04571788  0.85109637
   0.61756849  0.05815320  0.44852614
   0.32176352  0.82136147  0.09625587
   0.52633745  0.97429432  0.36229453
   0.27728183  0.69156329  0.19519157
   0.50308100  0.99523422  0.24844656
   0.02173029  0.46530483  0.46246350
   0.09478548  0.54571790  0.35109642
   0.32589281  0.16854983  0.50114120
   0.32589281  0.66854989  1.00114123
   0.82551365  0.83072688  0.50096604
   0.82551365  0.33072694  0.00096604
   0.28800145  0.24453150  0.34619146
   0.28800145  0.74453150  0.84619149
   0.29488214  0.24706900  0.44998781
   0.29488214  0.74706900  0.94998781
