   0.24981686  0.24856637  0.10363945
   0.23518337  0.27510172  0.22023926
   0.24981686  0.74856637  0.60363947
   0.23518337  0.77510175  0.72023921
   0.74149139  0.75263028  0.89371153
   0.71678809  0.73124262  0.78180298
   0.74149139  0.25263028  0.39371156
   0.71678809  0.23124264  0.28180292
   0.74810649  0.75090644  0.10360077
   0.74670386  0.73189761  0.22027350
   0.74810649  0.25090647  0.60360079
   0.74670386  0.23189759  0.72027353
   0.25522613  0.24068852  0.89331386
   0.23379437  0.28287642  0.78131655
   0.25522613  0.74068855  0.39331389
   0.23379437  0.78287639  0.28131658
   0.25445266  0.24456597 -0.00273840
   0.25445266  0.74456597  0.49726160
   0.74922282  0.75813446  0.99732462
   0.74922282  0.25813446  0.49732456
   0.79434498  0.75155013  0.34697035
   0.79434498  0.25155013  0.84697035
   0.79244116  0.74963310  0.65229704
   0.79244116  0.24963312  0.15229706
   0.80142341  0.75449412  0.45038986
   0.80142341  0.25449412  0.95038983
   0.29218389  0.24801327  0.54896877
   0.29143127  0.24923970  0.65231136
   0.29143127  0.74923970  0.15231136
   0.29218389  0.74801325  0.04896876
   0.79326657  0.75080536  0.54922586
   0.79326657  0.25080536  0.04922585
   0.59076282  0.53848586  0.05571639
   0.32724172  0.31883262  0.40478540
   0.52244212  0.47229233  0.13713859
   0.30875021  0.18322605  0.30254135
   0.50181697  0.49802397  0.25074090
   0.02029444  0.96686937  0.03986537
   0.10198516  0.05384063  0.14880500
   0.59076282  0.03848587  0.55571637
   0.32724172  0.81883262  0.90478540
   0.52244212  0.97229236  0.63713858
   0.30875021  0.68322602  0.80254135
   0.50181697  0.99802399  0.75074093
   0.02029444  0.46686940  0.53986536
   0.10198516  0.55384069  0.64880503
   0.11866655  0.43567690  0.94853627
   0.81970324  0.67747593  0.59629400
   0.02456401  0.52173024  0.86183325
   0.78970371  0.80728096  0.69523544
   0.00020555  0.50549730  0.74897572
   0.52583651  0.03705403  0.96265708
   0.59232711  0.95538971  0.85117224
   0.11866655  0.93567693  0.44853624
   0.81970324  0.17747593  0.09629402
   0.02456401  0.02173026  0.36183325
   0.78970371  0.30728096  0.19523544
   0.00020555  0.00549733  0.24897573
   0.52583651  0.53705405  0.46265705
   0.59232711  0.45538977  0.35117227
   0.09069009  0.45948616  0.05569916
   0.81508617  0.68744974  0.40464731
   0.02280407  0.52586525  0.13674126
   0.79002071  0.80848712  0.30353239
   0.00040472  0.50791653  0.25099522
   0.52159010  0.03160635  0.03964108
   0.60197326  0.94500593  0.14913902
   0.09069009  0.95948613  0.55569920
   0.81508617  0.18744975  0.90464734
   0.02280407  0.02586523  0.63674123
   0.79002071  0.30848715  0.80353236
   0.00040472  0.00791654  0.75099522
   0.52159010  0.53160636  0.53964105
   0.60197326  0.44500593  0.64913905
   0.61806387  0.55835013  0.94854838
   0.32184600  0.32145398  0.59626563
   0.52632552  0.47450509  0.86229020
   0.27698174  0.19152042  0.69516362
   0.50286794  0.49526184  0.74841842
   0.02205766  0.96526517  0.96249818
   0.09422483  0.04521412  0.85113179
   0.61806387  0.05835009  0.44854844
   0.32184600  0.82145398  0.09626565
   0.52632552  0.97450506  0.36229017
   0.27698174  0.69152042  0.19516357
   0.50286794  0.99526184  0.24841839
   0.02205766  0.46526520  0.46249818
   0.09422483  0.54521414  0.35113185
   0.32611978  0.16848630  0.50115518
   0.32611978  0.66848636  1.00115521
   0.82577573  0.83075994  0.50098491
   0.82577573  0.33076000  0.00098491
   0.28785848  0.24440110  0.34618133
   0.28785848  0.74440110  0.84618135
   0.29513161  0.24694268  0.45002248
   0.29513161  0.74694268  0.95002248
