   0.24985726  0.24861974  0.10363245
   0.23499113  0.27516908  0.22021375
   0.24985726  0.74861974  0.60363246
   0.23499113  0.77516911  0.72021370
   0.74145725  0.75271401  0.89370652
   0.71662285  0.73127916  0.78178376
   0.74145725  0.25271401  0.39370655
   0.71662285  0.23127918  0.28178370
   0.74813945  0.75089383  0.10359530
   0.74655584  0.73193411  0.22025305
   0.74813945  0.25089386  0.60359533
   0.74655584  0.23193409  0.72025308
   0.25524218  0.24049624  0.89330447
   0.23364169  0.28289875  0.78129811
   0.25524218  0.74049627  0.39330450
   0.23364169  0.78289872  0.28129814
   0.25461910  0.24448712 -0.00273245
   0.25461910  0.74448712  0.49726755
   0.74944671  0.75817299  0.99733419
   0.74944671  0.25817299  0.49733413
   0.79424074  0.75159124  0.34696238
   0.79424074  0.25159124  0.84696238
   0.79242313  0.74961787  0.65228648
   0.79242313  0.24961788  0.15228650
   0.80162454  0.75450818  0.45039711
   0.80162454  0.25450818  0.95039708
   0.29225555  0.24801473  0.54897439
   0.29140197  0.24927470  0.65230163
   0.29140197  0.74927470  0.15230163
   0.29225555  0.74801472  0.04897438
   0.79332429  0.75080694  0.54923368
   0.79332429  0.25080694  0.04923368
   0.59062869  0.53831508  0.05573453
   0.32727704  0.31876375  0.40481466
   0.52240816  0.47227420  0.13713252
   0.30867566  0.18323169  0.30253029
   0.50167642  0.49804342  0.25072047
   0.02048397  0.96700821  0.03986984
   0.10202170  0.05390832  0.14880367
   0.59062869  0.03831509  0.55573450
   0.32727704  0.81876375  0.90481466
   0.52240816  0.97227423  0.63713250
   0.30867566  0.68323166  0.80253029
   0.50167642  0.99804345  0.75072050
   0.02048397  0.46700824  0.53986984
   0.10202170  0.55390837  0.64880370
   0.11893219  0.43553814  0.94854663
   0.81971526  0.67743950  0.59630006
   0.02453644  0.52160035  0.86182815
   0.78971563  0.80733214  0.69522344
   0.00006296  0.50553882  0.74895858
   0.52604567  0.03706126  0.96267442
   0.59197187  0.95563316  0.85119751
   0.11893219  0.93553817  0.44854660
   0.81971526  0.17743950  0.09630008
   0.02453644  0.02160037  0.36182815
   0.78971563  0.30733214  0.19522344
   0.00006296  0.00553885  0.24895860
   0.52604567  0.53706128  0.46267439
   0.59197187  0.45563322  0.35119754
   0.09055440  0.45967641  0.05571857
   0.81513190  0.68749129  0.40466515
   0.02278028  0.52588942  0.13672898
   0.78996178  0.80848183  0.30352769
   0.00026238  0.50796672  0.25097718
   0.52177577  0.03147290  0.03964583
   0.60201411  0.94494908  0.14914378
   0.09055440  0.95967638  0.55571861
   0.81513190  0.18749131  0.90466518
   0.02278028  0.02588939  0.63672895
   0.78996178  0.30848186  0.80352766
   0.00026238  0.00796673  0.75097718
   0.52177577  0.53147291  0.53964581
   0.60201411  0.44494908  0.64914381
   0.61838099  0.55840627  0.94856128
   0.32187387  0.32149614  0.59627180
   0.52631451  0.47460516  0.86228668
   0.27683773  0.19151105  0.69515098
   0.50273720  0.49527822  0.74840055
   0.02224498  0.96523962  0.96251583
   0.09389210  0.04498095  0.85114881
   0.61838099  0.05840622  0.44856134
   0.32187387  0.82149614  0.09627182
   0.52631451  0.97460513  0.36228665
   0.27683773  0.69151105  0.19515093
   0.50273720  0.99527822  0.24840052
   0.02224498  0.46523965  0.46251583
   0.09389210  0.54498097  0.35114887
   0.32623158  0.16846288  0.50116541
   0.32623158  0.66846294  1.00116544
   0.82589436  0.83077393  0.50099468
   0.82589436  0.33077399  0.00099468
   0.28774684  0.24429876  0.34617157
   0.28774684  0.74429876  0.84617160
   0.29536957  0.24685251  0.45004556
   0.29536957  0.74685251  0.95004556
