   0.25257025  0.24688878  0.10493753
   0.23977323  0.27197101  0.22074510
   0.25257025  0.74688878  0.60493754
   0.23977323  0.77197104  0.72074505
   0.74836906  0.75024174  0.89343025
   0.73069865  0.72588961  0.78164034
   0.74836906  0.25024174  0.39343028
   0.73069865  0.22588963  0.28164028
   0.75084529  0.75302128  0.10519915
   0.73959655  0.72972198  0.22039566
   0.75084529  0.25302131  0.60519917
   0.73959655  0.22972197  0.72039569
   0.25509620  0.24650913  0.89319576
   0.23449169  0.27991094  0.78187234
   0.25509620  0.74650916  0.39319579
   0.23449169  0.77991091  0.28187237
   0.24533560  0.24240501 -0.00171335
   0.24533560  0.74240501  0.49828665
   0.74260627  0.75906198  0.99649197
   0.74260627  0.25906198  0.49649191
   0.79711762  0.75011104  0.34697498
   0.79711762  0.25011104  0.84697498
   0.79556169  0.75012852  0.65333173
   0.79556169  0.25012853  0.15333174
   0.79403030  0.75331266  0.44912997
   0.79403030  0.25331266  0.94912994
   0.29091102  0.24664453  0.54915435
   0.29514329  0.24912863  0.65323397
   0.29514329  0.74912863  0.15323397
   0.29091102  0.74664451  0.04915433
   0.79037067  0.75381464  0.54948586
   0.79037067  0.25381464  0.04948586
   0.60265861  0.55250603  0.05606758
   0.32298505  0.32263191  0.40351902
   0.52674381  0.47309606  0.13777296
   0.29598702  0.18158776  0.30265361
   0.50369325  0.49480081  0.25116324
   0.01060862  0.95900980  0.03938012
   0.10453661  0.05331270  0.15032839
   0.60265861  0.05250604  0.55606755
   0.32298505  0.82263191  0.90351902
   0.52674381  0.97309609  0.63777295
   0.29598702  0.68158773  0.80265361
   0.50369325  0.99480084  0.75116327
   0.01060862  0.45900983  0.53938011
   0.10453661  0.55331275  0.65032842
   0.10333338  0.44020171  0.94620608
   0.82069196  0.67951130  0.59666113
   0.02530520  0.52572624  0.86234400
   0.78998754  0.81102702  0.69620063
   0.00206951  0.50304506  0.74845836
   0.51283174  0.04196482  0.96233028
   0.60647168  0.94815502  0.84957907
   0.10333338  0.94020174  0.44620605
   0.82069196  0.17951130  0.09666114
   0.02530520  0.02572626  0.36234400
   0.78998754  0.31102702  0.19620063
   0.00206951  0.00304509  0.24845838
   0.51283174  0.54196485  0.46233025
   0.60647168  0.44815508  0.34957910
   0.10654551  0.44302729  0.05485452
   0.81979365  0.68088034  0.40330381
   0.02685455  0.52466174  0.13788467
   0.79446408  0.81448310  0.30316524
   0.00149560  0.50573985  0.25100775
   0.50717933  0.04543120  0.04021132
   0.60600192  0.94480029  0.15083962
   0.10654551  0.94302726  0.55485456
   0.81979365  0.18088036  0.90330384
   0.02685455  0.02466171  0.63788464
   0.79446408  0.31448313  0.80316521
   0.00149560  0.00573985  0.75100775
   0.50717933  0.54543121  0.54021129
   0.60600192  0.44480029  0.65083965
   0.60942823  0.55827818  0.94721847
   0.32376047  0.32083919  0.59709507
   0.52925910  0.47290109  0.86227172
   0.29209117  0.18794114  0.69586984
   0.50332525  0.49510111  0.74852982
   0.00642186  0.95889649  0.96137720
   0.10662512  0.05778171  0.84917120
   0.60942823  0.05827814  0.44721853
   0.32376047  0.82083919  0.09709509
   0.52925910  0.97290106  0.36227169
   0.29209117  0.68794114  0.19586979
   0.50332525  0.99510111  0.24852979
   0.00642186  0.45889652  0.46137720
   0.10662512  0.55778174  0.34917126
   0.31851029  0.16259629  0.50124658
   0.31851029  0.66259635  1.00124661
   0.81819473  0.83600287  0.50090169
   0.81819473  0.33600293  0.00090169
   0.29221603  0.24878929  0.34629312
   0.29221603  0.74878929  0.84629315
   0.28741140  0.24651093  0.44858822
   0.28741140  0.74651093  0.94858822
