   0.24985189  0.24863066  0.10362960
   0.23492341  0.27519460  0.22020647
   0.24985189  0.74863066  0.60362961
   0.23492341  0.77519463  0.72020642
   0.74143147  0.75273381  0.89370546
   0.71654634  0.73127517  0.78177226
   0.74143147  0.25273381  0.39370549
   0.71654634  0.23127518  0.28177220
   0.74812889  0.75088969  0.10359316
   0.74650191  0.73193829  0.22024741
   0.74812889  0.25088972  0.60359318
   0.74650191  0.23193828  0.72024744
   0.25522455  0.24043777  0.89329860
   0.23357583  0.28292509  0.78128719
   0.25522455  0.74043780  0.39329863
   0.23357583  0.78292506  0.28128722
   0.25468534  0.24447225 -0.00272779
   0.25468534  0.74447225  0.49727221
   0.74947020  0.75817210  0.99733721
   0.74947020  0.25817210  0.49733715
   0.79422004  0.75161162  0.34696807
   0.79422004  0.25161162  0.84696807
   0.79242653  0.74959345  0.65226716
   0.79242653  0.24959347  0.15226717
   0.80166156  0.75452514  0.45040741
   0.80166156  0.25452514  0.95040738
   0.29228181  0.24801357  0.54897873
   0.29140340  0.24929811  0.65228412
   0.29140340  0.74929811  0.15228412
   0.29228181  0.74801356  0.04897872
   0.79335851  0.75080319  0.54923702
   0.79335851  0.25080319  0.04923702
   0.59057955  0.53823338  0.05574285
   0.32729473  0.31874424  0.40482389
   0.52240443  0.47226284  0.13713025
   0.30865438  0.18323315  0.30252864
   0.50162526  0.49804531  0.25071313
   0.02057774  0.96706560  0.03987193
   0.10204676  0.05393315  0.14880256
   0.59057955  0.03823338  0.55574283
   0.32729473  0.81874424  0.90482389
   0.52240443  0.97226287  0.63713024
   0.30865438  0.68323312  0.80252864
   0.50162526  0.99804534  0.75071316
   0.02057774  0.46706563  0.53987192
   0.10204676  0.55393320  0.64880259
   0.11905952  0.43547874  0.94855067
   0.81973049  0.67741705  0.59630144
   0.02455746  0.52156531  0.86182538
   0.78972700  0.80736208  0.69522228
   0.00000772  0.50554859  0.74895329
   0.52611963  0.03704167  0.96268207
   0.59181705  0.95572838  0.85121101
   0.11905952  0.93547877  0.44855064
   0.81973049  0.17741705  0.09630146
   0.02455746  0.02156533  0.36182538
   0.78972700  0.30736208  0.19522228
   0.00000772  0.00554862  0.24895330
   0.52611963  0.53704170  0.46268204
   0.59181705  0.45572844  0.35121104
   0.09050078  0.45975792  0.05572748
   0.81516498  0.68749247  0.40467247
   0.02277901  0.52589782  0.13672429
   0.78994538  0.80849178  0.30352148
   0.00020815  0.50798620  0.25097001
   0.52186598  0.03141446  0.03964805
   0.60204020  0.94492509  0.14914517
   0.09050078  0.95975789  0.55572753
   0.81516498  0.18749249  0.90467249
   0.02277901  0.02589779  0.63672426
   0.78994538  0.30849181  0.80352145
   0.00020815  0.00798620  0.75097001
   0.52186598  0.53141447  0.53964802
   0.60204020  0.44492509  0.64914520
   0.61848114  0.55846416  0.94856629
   0.32189826  0.32151680  0.59627324
   0.52630748  0.47465699  0.86228566
   0.27678797  0.19149351  0.69514872
   0.50268422  0.49528465  0.74839528
   0.02231570  0.96523595  0.96252388
   0.09376926  0.04485859  0.85115823
   0.61848114  0.05846412  0.44856635
   0.32189826  0.82151680  0.09627325
   0.52630748  0.97465696  0.36228563
   0.27678797  0.69149351  0.19514867
   0.50268422  0.99528465  0.24839525
   0.02231570  0.46523598  0.46252388
   0.09376926  0.54485861  0.35115829
   0.32628948  0.16844599  0.50116699
   0.32628948  0.66844605  1.00116702
   0.82596464  0.83077766  0.50099831
   0.82596464  0.33077772  0.00099831
   0.28772549  0.24428622  0.34617192
   0.28772549  0.74428622  0.84617195
   0.29537816  0.24683955  0.45005099
   0.29537816  0.74683955  0.95005099
