   0.24995350  0.24796448  0.10378060
   0.23713811  0.27404366  0.22053750
   0.24995350  0.74796448  0.60378061
   0.23713811  0.77404369  0.72053745
   0.74171607  0.75171847  0.89373116
   0.71881856  0.73100422  0.78203736
   0.74171607  0.25171847  0.39373119
   0.71881856  0.23100424  0.28203730
   0.74856533  0.75101519  0.10371355
   0.74748979  0.73148854  0.22048394
   0.74856533  0.25101522  0.60371357
   0.74748979  0.23148853  0.72048397
   0.25523781  0.24291224  0.89340867
   0.23506494  0.28233781  0.78157881
   0.25523781  0.74291227  0.39340870
   0.23506494  0.78233778  0.28157884
   0.25255472  0.24551423 -0.00281952
   0.25255472  0.74551423  0.49718048
   0.74727875  0.75762085  0.99722324
   0.74727875  0.25762085  0.49722318
   0.79539302  0.75091099  0.34697769
   0.79539302  0.25091099  0.84697769
   0.79297699  0.74982593  0.65250936
   0.79297699  0.24982595  0.15250938
   0.79908701  0.75415578  0.45019884
   0.79908701  0.25415578  0.95019881
   0.29150651  0.24807667  0.54893461
   0.29228470  0.24896594  0.65251200
   0.29228470  0.74896594  0.15251200
   0.29150651  0.74807665  0.04893460
   0.79263040  0.75079754  0.54919264
   0.79263040  0.25079754  0.04919263
   0.59290973  0.54120954  0.05549145
   0.32664542  0.31966949  0.40443754
   0.52321328  0.47259351  0.13722140
   0.30881633  0.18331426  0.30257937
   0.50317700  0.49774648  0.25098437
   0.01734461  0.96462998  0.03985252
   0.10206662  0.05334795  0.14891747
   0.59290973  0.04120955  0.55549143
   0.32664542  0.81966949  0.90443754
   0.52321328  0.97259354  0.63722139
   0.30881633  0.68331423  0.80257937
   0.50317700  0.99774651  0.75098440
   0.01734461  0.46463001  0.53985252
   0.10206662  0.55334801  0.64891750
   0.11481526  0.43761139  0.94842308
   0.81980609  0.67822114  0.59627230
   0.02430816  0.52329450  0.86186207
   0.78911981  0.80632139  0.69545072
   0.00156954  0.50493107  0.74913302
   0.52329695  0.03714470  0.96242663
   0.59696492  0.95221185  0.85077280
   0.11481526  0.93761142  0.44842305
   0.81980609  0.17822114  0.09627231
   0.02430816  0.02329452  0.36186207
   0.78911981  0.30632139  0.19545072
   0.00156954  0.00493110  0.24913303
   0.52329695  0.53714473  0.46242660
   0.59696492  0.45221191  0.35077283
   0.09288918  0.45671278  0.05544910
   0.81418887  0.68710279  0.40439822
   0.02335922  0.52574466  0.13696861
   0.79087792  0.80829260  0.30354198
   0.00171395  0.50718017  0.25118619
   0.51867482  0.03389314  0.03964587
   0.60199918  0.94559724  0.14910746
   0.09288918  0.95671275  0.55544914
   0.81418887  0.18710280  0.90439825
   0.02335922  0.02574463  0.63696858
   0.79087792  0.30829263  0.80354195
   0.00171395  0.00718017  0.75118619
   0.51867482  0.53389314  0.53964584
   0.60199918  0.44559724  0.64910749
   0.61414370  0.55704755  0.94840253
   0.32146247  0.32079529  0.59624673
   0.52619101  0.47310704  0.86225237
   0.28017203  0.19189159  0.69537582
   0.50413058  0.49500803  0.74860747
   0.01967586  0.96543108  0.96224414
   0.09843137  0.04877678  0.85084397
   0.61414370  0.05704750  0.44840259
   0.32146247  0.82079529  0.09624674
   0.52619101  0.97310701  0.36225234
   0.28017203  0.69189159  0.19537578
   0.50413058  0.99500803  0.24860744
   0.01967586  0.46543111  0.46224414
   0.09843137  0.54877680  0.35084403
   0.32457206  0.16894822  0.50107661
   0.32457206  0.66894828  1.00107664
   0.82395213  0.83044322  0.50087407
   0.82395213  0.33044328  0.00087407
   0.28881838  0.24546983  0.34620235
   0.28881838  0.74546983  0.84620238
   0.29299704  0.24795803  0.44975127
   0.29299704  0.74795803  0.94975127
