   0.25070570  0.24728073  0.10403103
   0.23836846  0.27282267  0.22078892
   0.25070570  0.74728073  0.60403104
   0.23836846  0.77282270  0.72078888
   0.74217915  0.75112368  0.89361286
   0.72162686  0.73081523  0.78202207
   0.74217915  0.25112368  0.39361289
   0.72162686  0.23081524  0.28202201
   0.74990073  0.75114453  0.10399257
   0.74649378  0.73063058  0.22058638
   0.74990073  0.25114456  0.60399259
   0.74649378  0.23063056  0.72058641
   0.25606868  0.24496040  0.89333374
   0.23533379  0.28207275  0.78180375
   0.25606868  0.74496043  0.39333377
   0.23533379  0.78207272  0.28180378
   0.25034172  0.24623055 -0.00285636
   0.25034172  0.74623055  0.49714364
   0.74507999  0.75681091  0.99703379
   0.74507999  0.25681091  0.49703373
   0.79673061  0.75060482  0.34686185
   0.79673061  0.25060482  0.84686185
   0.79411863  0.74998597  0.65282599
   0.79411863  0.24998598  0.15282601
   0.79666366  0.75355926  0.44993230
   0.79666366  0.25355926  0.94993227
   0.29112732  0.24827991  0.54901116
   0.29386574  0.24874760  0.65280844
   0.29386574  0.74874760  0.15280844
   0.29112732  0.74827989  0.04901115
   0.79212821  0.75095325  0.54924940
   0.79212821  0.25095325  0.04924940
   0.59597503  0.54475444  0.05544521
   0.32585828  0.32045890  0.40399347
   0.52480783  0.47296908  0.13742402
   0.30634205  0.18290677  0.30248558
   0.50374861  0.49714433  0.25119774
   0.01419047  0.96217322  0.03992027
   0.10298278  0.05294911  0.14925725
   0.59597503  0.04475445  0.55544518
   0.32585828  0.82045890  0.90399347
   0.52480783  0.97296911  0.63742401
   0.30634205  0.68290674  0.80248558
   0.50374861  0.99714436  0.75119777
   0.01419047  0.46217325  0.53992026
   0.10298278  0.55294916  0.64925728
   0.11084132  0.43915995  0.94827201
   0.82048623  0.67906698  0.59638845
   0.02448132  0.52470737  0.86186284
   0.78839435  0.80612157  0.69576761
   0.00187505  0.50418644  0.74916514
   0.52021715  0.03723672  0.96214144
   0.60123021  0.94981607  0.85028629
   0.11084132  0.93915998  0.44827198
   0.82048623  0.17906698  0.09638846
   0.02448132  0.02470739  0.36186284
   0.78839435  0.30612157  0.19576761
   0.00187505  0.00418647  0.24916515
   0.52021715  0.53723674  0.46214141
   0.60123021  0.44981613  0.35028632
   0.09586507  0.45360467  0.05529389
   0.81330458  0.68665197  0.40405533
   0.02472674  0.52552857  0.13737142
   0.79241383  0.80859556  0.30346354
   0.00189083  0.50609844  0.25134741
   0.51504989  0.03725221  0.03984236
   0.60298021  0.94599450  0.14932947
   0.09586507  0.95360464  0.55529393
   0.81330458  0.18665198  0.90405536
   0.02472674  0.02552854  0.63737139
   0.79241383  0.30859559  0.80346351
   0.00189083  0.00609844  0.75134741
   0.51504989  0.53725222  0.53984233
   0.60298021  0.44599450  0.64932950
   0.61015601  0.55582005  0.94816643
   0.32130073  0.32020459  0.59639988
   0.52650838  0.47231604  0.86204602
   0.28463479  0.19162711  0.69571239
   0.50446915  0.49467551  0.74871730
   0.01672021  0.96503688  0.96190199
   0.10277833  0.05252173  0.85041095
   0.61015601  0.05582001  0.44816649
   0.32130073  0.82020459  0.09639990
   0.52650838  0.97231601  0.36204599
   0.28463479  0.69162711  0.19571235
   0.50446915  0.99467551  0.24871727
   0.01672021  0.46503691  0.46190199
   0.10277833  0.55252175  0.35041101
   0.32310573  0.16905717  0.50107235
   0.32310573  0.66905723  1.00107238
   0.82163838  0.83012938  0.50079198
   0.82163838  0.33012944  0.00079198
   0.28967483  0.24653969  0.34605356
   0.28967483  0.74653969  0.84605359
   0.29061827  0.24867198  0.44937846
   0.29061827  0.74867198  0.94937846
