   0.24982225  0.24830418  0.10369419
   0.23616080  0.27465373  0.22038120
   0.24982225  0.74830418  0.60369420
   0.23616080  0.77465376  0.72038115
   0.74161977  0.75221312  0.89372834
   0.71770277  0.73112684  0.78192703
   0.74161977  0.25221312  0.39372837
   0.71770277  0.23112685  0.28192697
   0.74822634  0.75098451  0.10364416
   0.74725184  0.73174523  0.22038151
   0.74822634  0.25098454  0.60364419
   0.74725184  0.23174522  0.72038154
   0.25522187  0.24164288  0.89337081
   0.23449225  0.28264088  0.78144245
   0.25522187  0.74164291  0.39337084
   0.23449225  0.78264085  0.28144248
   0.25359208  0.24494794 -0.00277708
   0.25359208  0.74494794  0.49722292
   0.74840342  0.75795391  0.99727973
   0.74840342  0.25795391  0.49727967
   0.79481737  0.75121147  0.34699509
   0.79481737  0.25121147  0.84699509
   0.79258643  0.74972366  0.65238026
   0.79258643  0.24972368  0.15238027
   0.80041466  0.75434426  0.45030725
   0.80041466  0.25434426  0.95030722
   0.29185159  0.24803354  0.54894262
   0.29170128  0.24912516  0.65238855
   0.29170128  0.74912516  0.15238855
   0.29185159  0.74803352  0.04894261
   0.79294239  0.75081615  0.54919900
   0.79294239  0.25081615  0.04919899
   0.59170057  0.53970689  0.05560467
   0.32696044  0.31919855  0.40463807
   0.52269773  0.47245387  0.13716932
   0.30893197  0.18322905  0.30257004
   0.50252055  0.49791368  0.25085556
   0.01896586  0.96588806  0.03984508
   0.10187939  0.05357309  0.14883837
   0.59170057  0.03970690  0.55560465
   0.32696044  0.81919855  0.90463807
   0.52269773  0.97245390  0.63716930
   0.30893197  0.68322902  0.80257004
   0.50252055  0.99791371  0.75085559
   0.01896586  0.46588809  0.53984508
   0.10187939  0.55357314  0.64883840
   0.11691320  0.43657401  0.94848073
   0.81965768  0.67781541  0.59627456
   0.02441117  0.52242676  0.86185682
   0.78948641  0.80687410  0.69532684
   0.00092295  0.50525906  0.74905778
   0.52470651  0.03712872  0.96255089
   0.59449400  0.95387966  0.85099008
   0.11691320  0.93657404  0.44848070
   0.81965768  0.17781541  0.09627458
   0.02441117  0.02242678  0.36185682
   0.78948641  0.30687410  0.19532684
   0.00092295  0.00525909  0.24905779
   0.52470651  0.53712875  0.46255086
   0.59449400  0.45387972  0.35099011
   0.09165573  0.45823651  0.05557642
   0.81469079  0.68728384  0.40453525
   0.02297872  0.52578655  0.13682814
   0.79035699  0.80847890  0.30353376
   0.00110071  0.50761479  0.25108919
   0.52029249  0.03260048  0.03962567
   0.60184146  0.94531209  0.14911564
   0.09165573  0.95823648  0.55557646
   0.81469079  0.18728385  0.90453528
   0.02297872  0.02578653  0.63682811
   0.79035699  0.30847893  0.80353373
   0.00110071  0.00761480  0.75108919
   0.52029249  0.53260049  0.53962564
   0.60184146  0.44531209  0.64911567
   0.61631636  0.55772963  0.94847774
   0.32161067  0.32115718  0.59624693
   0.52627363  0.47382893  0.86229182
   0.27822387  0.19168512  0.69525895
   0.50353018  0.49515971  0.74851213
   0.02100859  0.96533604  0.96238413
   0.09617281  0.04687177  0.85100249
   0.61631636  0.05772959  0.44847780
   0.32161067  0.82115718  0.09624695
   0.52627363  0.97382890  0.36229179
   0.27822387  0.69168512  0.19525890
   0.50353018  0.99515971  0.24851210
   0.02100859  0.46533607  0.46238413
   0.09617281  0.54687179  0.35100255
   0.32539038  0.16869460  0.50111164
   0.32539038  0.66869466  1.00111167
   0.82492642  0.83064100  0.50092974
   0.82492642  0.33064106  0.00092974
   0.28827992  0.24485628  0.34621802
   0.28827992  0.74485628  0.84621805
   0.29429441  0.24733801  0.44991836
   0.29429441  0.74733801  0.94991836
