   0.24986142  0.24863765  0.10362910
   0.23490549  0.27519913  0.22020356
   0.24986142  0.74863765  0.60362912
   0.23490549  0.77519916  0.72020352
   0.74143293  0.75273969  0.89370493
   0.71653569  0.73128081  0.78177024
   0.74143293  0.25273969  0.39370496
   0.71653569  0.23128082  0.28177018
   0.74813756  0.75088435  0.10359277
   0.74648803  0.73194090  0.22024490
   0.74813756  0.25088438  0.60359279
   0.74648803  0.23194088  0.72024493
   0.25522889  0.24042433  0.89329746
   0.23356129  0.28292224  0.78128535
   0.25522889  0.74042435  0.39329749
   0.23356129  0.78292221  0.28128538
   0.25470402  0.24446510 -0.00272777
   0.25470402  0.74446510  0.49727223
   0.74948604  0.75817531  0.99733725
   0.74948604  0.25817531  0.49733719
   0.79420767  0.75162099  0.34696147
   0.79420767  0.25162099  0.84696147
   0.79242471  0.74960150  0.65227410
   0.79242471  0.24960152  0.15227412
   0.80168024  0.75452948  0.45040629
   0.80168024  0.25452948  0.95040626
   0.29228826  0.24801389  0.54897854
   0.29139827  0.24929162  0.65229053
   0.29139827  0.74929162  0.15229053
   0.29228826  0.74801388  0.04897853
   0.79336490  0.75080081  0.54923747
   0.79336490  0.25080081  0.04923746
   0.59056390  0.53821362  0.05574521
   0.32729495  0.31873517  0.40482750
   0.52240113  0.47225900  0.13712877
   0.30864321  0.18323837  0.30252897
   0.50160799  0.49804734  0.25071082
   0.02060030  0.96708173  0.03987260
   0.10205478  0.05394269  0.14880180
   0.59056390  0.03821363  0.55574519
   0.32729495  0.81873517  0.90482750
   0.52240113  0.97225903  0.63712876
   0.30864321  0.68323834  0.80252897
   0.50160799  0.99804737  0.75071085
   0.02060030  0.46708176  0.53987259
   0.10205478  0.55394274  0.64880183
   0.11908918  0.43545740  0.94855207
   0.81973209  0.67741331  0.59630266
   0.02455377  0.52155065  0.86182502
   0.78972947  0.80736174  0.69521566
  -0.00000817  0.50555482  0.74895129
   0.52613900  0.03704092  0.96268435
   0.59177986  0.95576158  0.85121458
   0.11908918  0.93545743  0.44855204
   0.81973209  0.17741331  0.09630268
   0.02455377  0.02155067  0.36182502
   0.78972947  0.30736174  0.19521566
  -0.00000817  0.00555485  0.24895130
   0.52613900  0.53704094  0.46268432
   0.59177986  0.45576164  0.35121461
   0.09048588  0.45977891  0.05573007
   0.81516926  0.68749864  0.40467526
   0.02277636  0.52590073  0.13672215
   0.78993756  0.80848129  0.30352531
   0.00019313  0.50798991  0.25096802
   0.52188694  0.03139737  0.03964871
   0.60204882  0.94491599  0.14914505
   0.09048588  0.95977888  0.55573011
   0.81516926  0.18749865  0.90467529
   0.02277636  0.02590070  0.63672212
   0.78993756  0.30848132  0.80352528
   0.00019313  0.00798991  0.75096802
   0.52188694  0.53139738  0.53964868
   0.60204882  0.44491599  0.64914508
   0.61851482  0.55847466  0.94856797
   0.32190149  0.32152039  0.59627437
   0.52630831  0.47466628  0.86228540
   0.27677430  0.19149765  0.69514288
   0.50266756  0.49528663  0.74839325
   0.02233128  0.96523522  0.96252637
   0.09372664  0.04483335  0.85116066
   0.61851482  0.05847462  0.44856803
   0.32190149  0.82152039  0.09627439
   0.52630831  0.97466625  0.36228537
   0.27677430  0.69149765  0.19514284
   0.50266756  0.99528663  0.24839322
   0.02233128  0.46523525  0.46252637
   0.09372664  0.54483337  0.35116072
   0.32630136  0.16844311  0.50116888
   0.32630136  0.66844317  1.00116890
   0.82597819  0.83077865  0.50099990
   0.82597819  0.33077871  0.00099990
   0.28772481  0.24427681  0.34616822
   0.28772481  0.74427681  0.84616825
   0.29538608  0.24683812  0.45004992
   0.29538608  0.74683812  0.95004992
