   0.24985374  0.24811845  0.10373632
   0.23667164  0.27435258  0.22046335
   0.24985374  0.74811845  0.60373633
   0.23667164  0.77435261  0.72046330
   0.74167832  0.75195261  0.89373139
   0.71827761  0.73104455  0.78198702
   0.74167832  0.25195261  0.39373142
   0.71827761  0.23104456  0.28198696
   0.74836158  0.75101923  0.10367825
   0.74741497  0.73160881  0.22043715
   0.74836158  0.25101926  0.60367828
   0.74741497  0.23160879  0.72043718
   0.25521381  0.24229364  0.89339187
   0.23482254  0.28249914  0.78151341
   0.25521381  0.74229367  0.39339190
   0.23482254  0.78249911  0.28151344
   0.25304779  0.24523804 -0.00279822
   0.25304779  0.74523804  0.49720178
   0.74778909  0.75778923  0.99724948
   0.74778909  0.25778923  0.49724942
   0.79511364  0.75107380  0.34698593
   0.79511364  0.25107380  0.84698593
   0.79276997  0.74977886  0.65243832
   0.79276997  0.24977888  0.15243834
   0.79972595  0.75426891  0.45025359
   0.79972595  0.25426891  0.95025356
   0.29166419  0.24804926  0.54893460
   0.29197935  0.24904147  0.65244451
   0.29197935  0.74904147  0.15244451
   0.29166419  0.74804925  0.04893459
   0.79277538  0.75080136  0.54919323
   0.79277538  0.25080136  0.04919323
   0.59229049  0.54045282  0.05554474
   0.32681110  0.31944508  0.40453359
   0.52296252  0.47252933  0.13719526
   0.30893208  0.18325259  0.30258309
   0.50287956  0.49782301  0.25092468
   0.01817328  0.96527791  0.03984561
   0.10193968  0.05341227  0.14887320
   0.59229049  0.04045282  0.55554471
   0.32681110  0.81944508  0.90453359
   0.52296252  0.97252936  0.63719524
   0.30893208  0.68325256  0.80258309
   0.50287956  0.99782304  0.75092471
   0.01817328  0.46527794  0.53984560
   0.10193968  0.55341232  0.64887323
   0.11582554  0.43709916  0.94844898
   0.81972756  0.67800856  0.59626804
   0.02438424  0.52285848  0.86186112
   0.78932211  0.80662465  0.69539919
   0.00128017  0.50509198  0.74910139
   0.52397569  0.03712822  0.96248741
   0.59577305  0.95303531  0.85087970
   0.11582554  0.93709919  0.44844895
   0.81972756  0.17800856  0.09626805
   0.02438424  0.02285850  0.36186112
   0.78932211  0.30662465  0.19539919
   0.00128017  0.00509201  0.24910140
   0.52397569  0.53712825  0.46248738
   0.59577305  0.45303537  0.35087973
   0.09225983  0.45747419  0.05550888
   0.81445140  0.68717990  0.40446717
   0.02317502  0.52575449  0.13689571
   0.79061098  0.80840542  0.30354967
   0.00144941  0.50740579  0.25114323
   0.51949885  0.03321474  0.03963132
   0.60188805  0.94549431  0.14910951
   0.09225983  0.95747416  0.55550892
   0.81445140  0.18717992  0.90446720
   0.02317502  0.02575446  0.63689568
   0.79061098  0.30840545  0.80354964
   0.00144941  0.00740579  0.75114323
   0.51949885  0.53321475  0.53963129
   0.60188805  0.44549431  0.64910954
   0.61518841  0.55738265  0.94843668
   0.32153775  0.32097542  0.59624165
   0.52626028  0.47345120  0.86227692
   0.27916911  0.19176506  0.69532069
   0.50385863  0.49508294  0.74856403
   0.02031225  0.96541228  0.96231344
   0.09732125  0.04783514  0.85092378
   0.61518841  0.05738260  0.44843674
   0.32153775  0.82097542  0.09624167
   0.52626028  0.97345117  0.36227689
   0.27916911  0.69176506  0.19532064
   0.50385863  0.99508294  0.24856400
   0.02031225  0.46541231  0.46231344
   0.09732125  0.54783517  0.35092384
   0.32497433  0.16881949  0.50108745
   0.32497433  0.66881955  1.00108747
   0.82444210  0.83054860  0.50089794
   0.82444210  0.33054866  0.00089794
   0.28857362  0.24517208  0.34621472
   0.28857362  0.74517208  0.84621475
   0.29359177  0.24765681  0.44983093
   0.29359177  0.74765681  0.94983093
