   0.24978909  0.24836744  0.10367866
   0.23589469  0.27479858  0.22034006
   0.24978909  0.74836744  0.60367868
   0.23589469  0.77479861  0.72034001
   0.74160243  0.75233997  0.89372429
   0.71743849  0.73114972  0.78189461
   0.74160243  0.25233997  0.39372432
   0.71743849  0.23114973  0.28189455
   0.74815118  0.75097260  0.10363192
   0.74714357  0.73178898  0.22035132
   0.74815118  0.25097263  0.60363194
   0.74714357  0.23178896  0.72035135
   0.25522536  0.24138417  0.89335548
   0.23432742  0.28271634  0.78140706
   0.25522536  0.74138420  0.39335551
   0.23432742  0.78271631  0.28140709
   0.25380696  0.24484732 -0.00276579
   0.25380696  0.74484732  0.49723421
   0.74857864  0.75801225  0.99729237
   0.74857864  0.25801225  0.49729231
   0.79470459  0.75130953  0.34698917
   0.79470459  0.25130953  0.84698917
   0.79254853  0.74969840  0.65236051
   0.79254853  0.24969842  0.15236052
   0.80065565  0.75440091  0.45032450
   0.80065565  0.25440091  0.95032447
   0.29192621  0.24802489  0.54895035
   0.29161996  0.24914045  0.65236742
   0.29161996  0.74914045  0.15236742
   0.29192621  0.74802487  0.04895034
   0.79301958  0.75080521  0.54921022
   0.79301958  0.25080521  0.04921021
   0.59139514  0.53934518  0.05563306
   0.32706426  0.31910649  0.40467479
   0.52261741  0.47239108  0.13716328
   0.30893366  0.18321887  0.30256821
   0.50234216  0.49794623  0.25082273
   0.01936304  0.96619719  0.03984706
   0.10189502  0.05362426  0.14882630
   0.59139514  0.03934519  0.55563304
   0.32706426  0.81910649  0.90467479
   0.52261741  0.97239111  0.63716327
   0.30893366  0.68321884  0.80256821
   0.50234216  0.99794626  0.75082276
   0.01936304  0.46619722  0.53984705
   0.10189502  0.55362431  0.64882633
   0.11738420  0.43630712  0.94849375
   0.81965397  0.67770472  0.59627522
   0.02449876  0.52221287  0.86185120
   0.78958238  0.80700280  0.69530924
   0.00074042  0.50532820  0.74903705
   0.52501495  0.03710934  0.96257885
   0.59390250  0.95433869  0.85104385
   0.11738420  0.93630715  0.44849372
   0.81965397  0.17770472  0.09627524
   0.02449876  0.02221289  0.36185120
   0.78958238  0.30700280  0.19530924
   0.00074042  0.00532823  0.24903706
   0.52501495  0.53710936  0.46257882
   0.59390250  0.45433875  0.35104388
   0.09135054  0.45860073  0.05560853
   0.81481812  0.68734385  0.40457061
   0.02292597  0.52580157  0.13680191
   0.79026516  0.80849460  0.30354136
   0.00092975  0.50770943  0.25106344
   0.52067922  0.03227141  0.03962441
   0.60186683  0.94523040  0.14912396
   0.09135054  0.95860070  0.55560857
   0.81481812  0.18734386  0.90457064
   0.02292597  0.02580155  0.63680188
   0.79026516  0.30849463  0.80354133
   0.00092975  0.00770944  0.75106344
   0.52067922  0.53227142  0.53962438
   0.60186683  0.44523040  0.64912399
   0.61679942  0.55791542  0.94849496
   0.32168274  0.32123852  0.59624651
   0.52633954  0.47402138  0.86229456
   0.27780332  0.19161351  0.69523917
   0.50336519  0.49518034  0.74848688
   0.02127362  0.96535279  0.96241504
   0.09560558  0.04639054  0.85104290
   0.61679942  0.05791538  0.44849502
   0.32168274  0.82123852  0.09624652
   0.52633954  0.97402135  0.36229453
   0.27780332  0.69161351  0.19523912
   0.50336519  0.99518034  0.24848685
   0.02127362  0.46535282  0.46241504
   0.09560558  0.54639057  0.35104296
   0.32558996  0.16863381  0.50111844
   0.32558996  0.66863387  1.00111847
   0.82516666  0.83068542  0.50093865
   0.82516666  0.33068548  0.00093865
   0.28817371  0.24469545  0.34620389
   0.28817371  0.74469545  0.84620392
   0.29454420  0.24723087  0.44994798
   0.29454420  0.74723087  0.94994798
