   0.24980572  0.24854776  0.10364471
   0.23522478  0.27508120  0.22025121
   0.24980572  0.74854776  0.60364473
   0.23522478  0.77508123  0.72025117
   0.74148527  0.75261881  0.89370908
   0.71681737  0.73123898  0.78180494
   0.74148527  0.25261881  0.39370911
   0.71681737  0.23123900  0.28180488
   0.74809902  0.75091871  0.10360566
   0.74673022  0.73189785  0.22028422
   0.74809902  0.25091874  0.60360569
   0.74673022  0.23189784  0.72028425
   0.25522388  0.24071659  0.89331313
   0.23383225  0.28287419  0.78131816
   0.25522388  0.74071662  0.39331316
   0.23383225  0.78287416  0.28131819
   0.25441507  0.24458063 -0.00274232
   0.25441507  0.74458063  0.49725768
   0.74918503  0.75813007  0.99732055
   0.74918503  0.25813007  0.49732049
   0.79436775  0.75152008  0.34697122
   0.79436775  0.25152008  0.84697122
   0.79244727  0.74962206  0.65229644
   0.79244727  0.24962208  0.15229646
   0.80137524  0.75449663  0.45038152
   0.80137524  0.25449663  0.95038149
   0.29215977  0.24801394  0.54896785
   0.29144206  0.24924637  0.65231241
   0.29144206  0.74924637  0.15231241
   0.29215977  0.74801393  0.04896784
   0.79324681  0.75080170  0.54922731
   0.79324681  0.25080170  0.04922731
   0.59078806  0.53851494  0.05571134
   0.32723971  0.31884519  0.40478531
   0.52244866  0.47229730  0.13713969
   0.30876556  0.18321639  0.30254098
   0.50184117  0.49802054  0.25074214
   0.02026278  0.96683770  0.03986486
   0.10197979  0.05383021  0.14880473
   0.59078806  0.03851494  0.55571132
   0.32723971  0.81884519  0.90478531
   0.52244866  0.97229733  0.63713967
   0.30876556  0.68321636  0.80254098
   0.50184117  0.99802057  0.75074217
   0.02026278  0.46683773  0.53986485
   0.10197979  0.55383026  0.64880476
   0.11857179  0.43566645  0.94853492
   0.81969831  0.67748801  0.59628780
   0.02452830  0.52170985  0.86183420
   0.78969836  0.80727652  0.69524185
   0.00023453  0.50549137  0.74897753
   0.52584041  0.03709248  0.96265376
   0.59243556  0.95538195  0.85116814
   0.11857179  0.93566648  0.44853489
   0.81969831  0.17748801  0.09628782
   0.02452830  0.02170987  0.36183420
   0.78969836  0.30727652  0.19524185
   0.00023453  0.00549140  0.24897755
   0.52584041  0.53709250  0.46265373
   0.59243556  0.45538201  0.35116817
   0.09071851  0.45945882  0.05569385
   0.81507573  0.68745582  0.40465098
   0.02280922  0.52586139  0.13674367
   0.79003152  0.80848534  0.30353644
   0.00042868  0.50790608  0.25099516
   0.52155663  0.03163607  0.03964052
   0.60196774  0.94501627  0.14913749
   0.09071851  0.95945879  0.55569389
   0.81507573  0.18745583  0.90465101
   0.02280922  0.02586136  0.63674364
   0.79003152  0.30848536  0.80353641
   0.00042868  0.00790609  0.75099516
   0.52155663  0.53163608  0.53964049
   0.60196774  0.44501627  0.64913752
   0.61805636  0.55828355  0.94854656
   0.32183756  0.32144163  0.59625942
   0.52636329  0.47445530  0.86229055
   0.27700918  0.19151937  0.69516852
   0.50289112  0.49525882  0.74842100
   0.02199691  0.96529797  0.96249479
   0.09424259  0.04530889  0.85112968
   0.61805636  0.05828351  0.44854662
   0.32183756  0.82144163  0.09625943
   0.52636329  0.97445527  0.36229052
   0.27700918  0.69151937  0.19516847
   0.50289112  0.99525882  0.24842097
   0.02199691  0.46529800  0.46249479
   0.09424259  0.54530892  0.35112973
   0.32609875  0.16849129  0.50115982
   0.32609875  0.66849135  1.00115985
   0.82574840  0.83075258  0.50098324
   0.82574840  0.33075264  0.00098324
   0.28789066  0.24442453  0.34618175
   0.28789066  0.74442453  0.84618178
   0.29508634  0.24697165  0.45001313
   0.29508634  0.74697165  0.95001313
