   0.24989742  0.24868904  0.10362022
   0.23469920  0.27526670  0.22017786
   0.24989742  0.74868904  0.60362023
   0.23469920  0.77526673  0.72017781
   0.74137354  0.75283261  0.89369798
   0.71635226  0.73131947  0.78174214
   0.74137354  0.25283261  0.39369801
   0.71635226  0.23131948  0.28174208
   0.74816037  0.75086355  0.10358515
   0.74632441  0.73196840  0.22022357
   0.74816037  0.25086358  0.60358518
   0.74632441  0.23196839  0.72022360
   0.25522621  0.24024126  0.89328368
   0.23338991  0.28295606  0.78125906
   0.25522621  0.74024129  0.39328371
   0.23338991  0.78295603  0.28125909
   0.25485536  0.24439024 -0.00272254
   0.25485536  0.74439024  0.49727746
   0.74966186  0.75821443  0.99734456
   0.74966186  0.25821443  0.49734450
   0.79408678  0.75167185  0.34695319
   0.79408678  0.25167185  0.84695319
   0.79242441  0.74958562  0.65226080
   0.79242441  0.24958563  0.15226082
   0.80189743  0.75454316  0.45041948
   0.80189743  0.25454316  0.95041945
   0.29236181  0.24801749  0.54898553
   0.29138466  0.24932886  0.65227764
   0.29138466  0.74932886  0.15227764
   0.29236181  0.74801748  0.04898552
   0.79343487  0.75080284  0.54924320
   0.79343487  0.25080284  0.04924320
   0.59042382  0.53800560  0.05576710
   0.32733265  0.31866839  0.40485972
   0.52239055  0.47224029  0.13712176
   0.30856057  0.18324822  0.30251659
   0.50145250  0.49806306  0.25068850
   0.02083115  0.96723851  0.03988021
   0.10212051  0.05401398  0.14879964
   0.59042382  0.03800561  0.55576707
   0.32733265  0.81866839  0.90485972
   0.52239055  0.97224032  0.63712175
   0.30856057  0.68324819  0.80251659
   0.50145250  0.99806309  0.75068853
   0.02083115  0.46723854  0.53988020
   0.10212051  0.55401403  0.64879967
   0.11938603  0.43529273  0.94856414
   0.81977123  0.67736559  0.59630739
   0.02453246  0.52140722  0.86181871
   0.78975269  0.80743636  0.69519931
  -0.00016884  0.50559935  0.74893259
   0.52635395  0.03704912  0.96270465
   0.59136506  0.95605556  0.85124706
   0.11938603  0.93529276  0.44856411
   0.81977123  0.17736559  0.09630740
   0.02453246  0.02140724  0.36181871
   0.78975269  0.30743636  0.19519931
  -0.00016884  0.00559938  0.24893260
   0.52635395  0.53704914  0.46270462
   0.59136506  0.45605562  0.35124709
   0.09034302  0.45999942  0.05575358
   0.81522162  0.68753986  0.40469660
   0.02277560  0.52592625  0.13670930
   0.78986716  0.80845353  0.30352388
   0.00003718  0.50804241  0.25094751
   0.52211162  0.03124664  0.03965645
   0.60211678  0.94485754  0.14914851
   0.09034302  0.95999939  0.55575362
   0.81522162  0.18753987  0.90469662
   0.02277560  0.02592623  0.63670927
   0.78986716  0.30845356  0.80352385
   0.00003718  0.00804242  0.75094751
   0.52211162  0.53124665  0.53965642
   0.60211678  0.44485754  0.64914854
   0.61884521  0.55855756  0.94858262
   0.32195678  0.32157441  0.59627923
   0.52630528  0.47478979  0.86228085
   0.27664060  0.19147084  0.69512739
   0.50251509  0.49530435  0.74837378
   0.02251601  0.96521980  0.96254816
   0.09333878  0.04455658  0.85118257
   0.61884521  0.05855752  0.44858268
   0.32195678  0.82157441  0.09627924
   0.52630528  0.97478976  0.36228082
   0.27664060  0.69147084  0.19512734
   0.50251509  0.99530435  0.24837375
   0.02251601  0.46521983  0.46254816
   0.09333878  0.54455660  0.35118263
   0.32643279  0.16841108  0.50118213
   0.32643279  0.66841114  1.00118216
   0.82612427  0.83079932  0.50101306
   0.82612427  0.33079938  0.00101306
   0.28755063  0.24415595  0.34615581
   0.28755063  0.74415595  0.84615584
   0.29566647  0.24671896  0.45007959
   0.29566647  0.74671896  0.95007959
