   0.24986847  0.24864636  0.10362744
   0.23486657  0.27520957  0.22019875
   0.24986847  0.74864636  0.60362745
   0.23486657  0.77520960  0.72019870
   0.74142419  0.75275585  0.89370379
   0.71650025  0.73128874  0.78176337
   0.74142419  0.25275585  0.39370382
   0.71650025  0.23128875  0.28176331
   0.74814091  0.75087990  0.10359134
   0.74645782  0.73194801  0.22024099
   0.74814091  0.25087993  0.60359136
   0.74645782  0.23194800  0.72024102
   0.25522835  0.24039048  0.89329469
   0.23352899  0.28292879  0.78127897
   0.25522835  0.74039051  0.39329472
   0.23352899  0.78292876  0.28127900
   0.25473622  0.24445212 -0.00272744
   0.25473622  0.74445212  0.49727256
   0.74951250  0.75818152  0.99733766
   0.74951250  0.25818152  0.49733760
   0.79418736  0.75163425  0.34695288
   0.79418736  0.25163425  0.84695288
   0.79242492  0.74960196  0.65227771
   0.79242492  0.24960198  0.15227773
   0.80171846  0.75453689  0.45040682
   0.80171846  0.25453689  0.95040679
   0.29229898  0.24801348  0.54897863
   0.29139428  0.24929446  0.65229346
   0.29139428  0.74929446  0.15229346
   0.29229898  0.74801346  0.04897862
   0.79337543  0.75079883  0.54923841
   0.79337543  0.25079883  0.04923841
   0.59053378  0.53816647  0.05574981
   0.32730504  0.31872036  0.40483429
   0.52239794  0.47225405  0.13712643
   0.30862661  0.18324014  0.30252704
   0.50157255  0.49805133  0.25070525
   0.02065175  0.96711584  0.03987487
   0.10207194  0.05395702  0.14879987
   0.59053378  0.03816647  0.55574979
   0.32730504  0.81872036  0.90483429
   0.52239794  0.97225408  0.63712642
   0.30862661  0.68324011  0.80252704
   0.50157255  0.99805136  0.75070528
   0.02065175  0.46711587  0.53987487
   0.10207194  0.55395707  0.64879990
   0.11914633  0.43540534  0.94855527
   0.81973999  0.67740379  0.59630217
   0.02454981  0.52151569  0.86182395
   0.78973589  0.80737541  0.69520824
  -0.00004551  0.50556485  0.74894726
   0.52619210  0.03704668  0.96268914
   0.59169541  0.95583672  0.85122271
   0.11914633  0.93540537  0.44855524
   0.81973999  0.17740379  0.09630219
   0.02454981  0.02151571  0.36182395
   0.78973589  0.30737541  0.19520824
  -0.00004551  0.00556488  0.24894728
   0.52619210  0.53704670  0.46268911
   0.59169541  0.45583678  0.35122274
   0.09045432  0.45982639  0.05573508
   0.81518209  0.68750861  0.40468167
   0.02277631  0.52590576  0.13671847
   0.78992244  0.80846546  0.30353023
   0.00015729  0.50800190  0.25096283
   0.52193762  0.03136391  0.03965092
   0.60206516  0.94490077  0.14914446
   0.09045432  0.95982636  0.55573512
   0.81518209  0.18750863  0.90468170
   0.02277631  0.02590573  0.63671844
   0.78992244  0.30846549  0.80353020
   0.00015729  0.00800190  0.75096283
   0.52193762  0.53136392  0.53965089
   0.60206516  0.44490077  0.64914449
   0.61859530  0.55848711  0.94857179
   0.32191317  0.32153030  0.59627421
   0.52631513  0.47468978  0.86228467
   0.27674302  0.19149280  0.69513604
   0.50263301  0.49528901  0.74838919
   0.02236001  0.96524335  0.96253175
   0.09363270  0.04477531  0.85116632
   0.61859530  0.05848707  0.44857185
   0.32191317  0.82153030  0.09627423
   0.52631513  0.97468975  0.36228464
   0.27674302  0.69149280  0.19513599
   0.50263301  0.99528901  0.24838916
   0.02236001  0.46524338  0.46253175
   0.09363270  0.54477534  0.35116638
   0.32633127  0.16843523  0.50117340
   0.32633127  0.66843529  1.00117343
   0.82600981  0.83078114  0.50100267
   0.82600981  0.33078120  0.00100267
   0.28770918  0.24426679  0.34616787
   0.28770918  0.74426679  0.84616790
   0.29542452  0.24682127  0.45005457
   0.29542452  0.74682127  0.95005457
