   0.24980653  0.24847630  0.10365747
   0.23553891  0.27495450  0.22028722
   0.24980653  0.74847630  0.60365748
   0.23553891  0.77495453  0.72028718
   0.74156751  0.75248671  0.89371903
   0.71710429  0.73120382  0.78184805
   0.74156751  0.25248671  0.39371906
   0.71710429  0.23120384  0.28184799
   0.74813411  0.75093293  0.10361547
   0.74693639  0.73185479  0.22031120
   0.74813411  0.25093296  0.60361550
   0.74693639  0.23185477  0.72031123
   0.25524561  0.24101674  0.89333542
   0.23406248  0.28279494  0.78136023
   0.25524561  0.74101677  0.39333545
   0.23406248  0.78279491  0.28136026
   0.25416112  0.24469416 -0.00275228
   0.25416112  0.74469416  0.49724772
   0.74893562  0.75807611  0.99730861
   0.74893562  0.25807611  0.49730855
   0.79451750  0.75143745  0.34697013
   0.79451750  0.25143745  0.84697013
   0.79247346  0.74967421  0.65233916
   0.79247346  0.24967422  0.15233918
   0.80106260  0.75445500  0.45035759
   0.80106260  0.25445500  0.95035756
   0.29205897  0.24801499  0.54895751
   0.29149294  0.24917388  0.65235736
   0.29149294  0.74917388  0.15235736
   0.29205897  0.74801497  0.04895750
   0.79314654  0.75080571  0.54921783
   0.79314654  0.25080571  0.04921783
   0.59105175  0.53888678  0.05567665
   0.32715033  0.31895057  0.40473577
   0.52250315  0.47233799  0.13714844
   0.30884384  0.18322534  0.30255608
   0.50206886  0.49799016  0.25077862
   0.01985503  0.96655399  0.03985499
   0.10193304  0.05374312  0.14881293
   0.59105175  0.03888679  0.55567662
   0.32715033  0.81895057  0.90473577
   0.52250315  0.97233802  0.63714842
   0.30884384  0.68322531  0.80255608
   0.50206886  0.99799019  0.75077865
   0.01985503  0.46655402  0.53985499
   0.10193304  0.55374317  0.64881296
   0.11807400  0.43596115  0.94851616
   0.81966250  0.67758442  0.59628495
   0.02452256  0.52194870  0.86184372
   0.78964990  0.80713686  0.69526190
   0.00046531  0.50542280  0.74900487
   0.52546068  0.03708425  0.96262018
   0.59307273  0.95489499  0.85111275
   0.11807400  0.93596118  0.44851613
   0.81966250  0.17758442  0.09628497
   0.02452256  0.02194872  0.36184372
   0.78964990  0.30713686  0.19526190
   0.00046531  0.00542283  0.24900489
   0.52546068  0.53708428  0.46262015
   0.59307273  0.45489505  0.35111278
   0.09099378  0.45907807  0.05565623
   0.81495656  0.68740319  0.40461006
   0.02284422  0.52583533  0.13676639
   0.79013310  0.80848623  0.30354213
   0.00065831  0.50782288  0.25102717
   0.52115833  0.03191741  0.03963138
   0.60191128  0.94510055  0.14913167
   0.09099378  0.95907804  0.55565627
   0.81495656  0.18740321  0.90461009
   0.02284422  0.02583530  0.63676636
   0.79013310  0.30848626  0.80354210
   0.00065831  0.00782288  0.75102717
   0.52115833  0.53191741  0.53963135
   0.60191128  0.44510055  0.64913170
   0.61749129  0.55814337  0.94852343
   0.32175525  0.32135048  0.59625726
   0.52633200  0.47427150  0.86229470
   0.27732835  0.19159361  0.69518284
   0.50310783  0.49523022  0.74845084
   0.02169317  0.96530257  0.96245916
   0.09486551  0.04577213  0.85109126
   0.61749129  0.05814333  0.44852349
   0.32175525  0.82135048  0.09625727
   0.52633200  0.97427147  0.36229467
   0.27732835  0.69159361  0.19518279
   0.50310783  0.99523022  0.24845081
   0.02169317  0.46530260  0.46245916
   0.09486551  0.54577215  0.35109132
   0.32586208  0.16855774  0.50113862
   0.32586208  0.66855780  1.00113865
   0.82548012  0.83072273  0.50096332
   0.82548012  0.33072279  0.00096332
   0.28802729  0.24454841  0.34619304
   0.28802729  0.74454841  0.84619307
   0.29484297  0.24709005  0.44998240
   0.29484297  0.74709005  0.94998240
