   0.24978924  0.24841762  0.10366837
   0.23572543  0.27487571  0.22031437
   0.24978924  0.74841762  0.60366839
   0.23572543  0.77487574  0.72031432
   0.74158540  0.75240353  0.89372265
   0.71727990  0.73116616  0.78187412
   0.74158540  0.25240353  0.39372268
   0.71727990  0.23116618  0.28187406
   0.74813697  0.75095500  0.10362394
   0.74705195  0.73181860  0.22033205
   0.74813697  0.25095503  0.60362396
   0.74705195  0.23181859  0.72033208
   0.25523821  0.24120994  0.89334672
   0.23419973  0.28275690  0.78138593
   0.25523821  0.74120997  0.39334675
   0.23419973  0.78275687  0.28138596
   0.25397097  0.24477413 -0.00275994
   0.25397097  0.74477413  0.49724006
   0.74874496  0.75804078  0.99729981
   0.74874496  0.25804078  0.49729975
   0.79461589  0.75138224  0.34697144
   0.79461589  0.25138224  0.84697144
   0.79251349  0.74969319  0.65235204
   0.79251349  0.24969320  0.15235205
   0.80085012  0.75443176  0.45034100
   0.80085012  0.25443176  0.95034097
   0.29198940  0.24801971  0.54895239
   0.29155393  0.24914605  0.65236814
   0.29155393  0.74914605  0.15236814
   0.29198940  0.74801970  0.04895238
   0.79307906  0.75080238  0.54921330
   0.79307906  0.25080238  0.04921329
   0.59122019  0.53911188  0.05565527
   0.32711348  0.31902782  0.40470519
   0.52255434  0.47236722  0.13715625
   0.30890023  0.18321457  0.30256163
   0.50220614  0.49796680  0.25079950
   0.01961133  0.96638069  0.03984946
   0.10191384  0.05367962  0.14882021
   0.59122019  0.03911189  0.55565525
   0.32711348  0.81902782  0.90470519
   0.52255434  0.97236725  0.63715623
   0.30890023  0.68321455  0.80256163
   0.50220614  0.99796683  0.75079953
   0.01961133  0.46638072  0.53984945
   0.10191384  0.55367968  0.64882024
   0.11775726  0.43614584  0.94850480
   0.81966079  0.67763734  0.59628112
   0.02452789  0.52208749  0.86184794
   0.78962338  0.80707607  0.69528780
   0.00060458  0.50537895  0.74901969
   0.52522746  0.03708132  0.96260043
   0.59347005  0.95460705  0.85107867
   0.11775726  0.93614587  0.44850477
   0.81966079  0.17763734  0.09628114
   0.02452789  0.02208751  0.36184794
   0.78962338  0.30707607  0.19528780
   0.00060458  0.00537898  0.24901971
   0.52522746  0.53708134  0.46260040
   0.59347005  0.45460711  0.35107870
   0.09116668  0.45884241  0.05563285
   0.81489232  0.68736267  0.40458703
   0.02288632  0.52581748  0.13678382
   0.79020195  0.80848734  0.30354418
   0.00079646  0.50776771  0.25104443
   0.52092448  0.03208524  0.03962642
   0.60188301  0.94515776  0.14912900
   0.09116668  0.95884238  0.55563289
   0.81489232  0.18736268  0.90458706
   0.02288632  0.02581745  0.63678379
   0.79020195  0.30848737  0.80354415
   0.00079646  0.00776771  0.75104443
   0.52092448  0.53208525  0.53962640
   0.60188301  0.44515776  0.64912903
   0.61713655  0.55805145  0.94850886
   0.32172453  0.32129915  0.59625350
   0.52632526  0.47415425  0.86229589
   0.27755163  0.19160177  0.69521019
   0.50323644  0.49520581  0.74846739
   0.02150321  0.96530795  0.96243818
   0.09524514  0.04605806  0.85106756
   0.61713655  0.05805140  0.44850892
   0.32172453  0.82129915  0.09625352
   0.52632526  0.97415422  0.36229586
   0.27755163  0.69160177  0.19521014
   0.50323644  0.99520581  0.24846736
   0.02150321  0.46530798  0.46243818
   0.09524514  0.54605808  0.35106761
   0.32573049  0.16859378  0.50112636
   0.32573049  0.66859384  1.00112639
   0.82533027  0.83070695  0.50095207
   0.82533027  0.33070701  0.00095207
   0.28813701  0.24465437  0.34620122
   0.28813701  0.74465437  0.84620125
   0.29461231  0.24718929  0.44995666
   0.29461231  0.74718929  0.94995666
