   0.24981105  0.24828797  0.10369708
   0.23617759  0.27467036  0.22037914
   0.24981105  0.74828797  0.60369710
   0.23617759  0.77467039  0.72037910
   0.74162597  0.75218720  0.89373383
   0.71773820  0.73108688  0.78192970
   0.74162597  0.25218720  0.39373386
   0.71773820  0.23108690  0.28192964
   0.74821453  0.75098772  0.10364634
   0.74727265  0.73171773  0.22037962
   0.74821453  0.25098774  0.60364637
   0.74727265  0.23171771  0.72037965
   0.25520290  0.24169014  0.89337454
   0.23451827  0.28263990  0.78144486
   0.25520290  0.74169017  0.39337457
   0.23451827  0.78263987  0.28144489
   0.25357130  0.24498402 -0.00277311
   0.25357130  0.74498402  0.49722689
   0.74828814  0.75793342  0.99728042
   0.74828814  0.25793342  0.49728036
   0.79486636  0.75123623  0.34699051
   0.79486636  0.25123623  0.84699051
   0.79261389  0.74971262  0.65238437
   0.79261389  0.24971264  0.15238438
   0.80027823  0.75436837  0.45030272
   0.80027823  0.25436837  0.95030269
   0.29181726  0.24802654  0.54894230
   0.29173237  0.24910320  0.65239474
   0.29173237  0.74910320  0.15239474
   0.29181726  0.74802652  0.04894229
   0.79292228  0.75080051  0.54920426
   0.79292228  0.25080051  0.04920425
   0.59169194  0.53972797  0.05560052
   0.32699865  0.31923966  0.40462023
   0.52271983  0.47243056  0.13717555
   0.30896483  0.18321867  0.30257189
   0.50254290  0.49791182  0.25086236
   0.01896788  0.96589232  0.03984356
   0.10188317  0.05352356  0.14884230
   0.59169194  0.03972798  0.55560050
   0.32699865  0.81923966  0.90462023
   0.52271983  0.97243059  0.63717554
   0.30896483  0.68321864  0.80257189
   0.50254290  0.99791185  0.75086239
   0.01896788  0.46589235  0.53984355
   0.10188317  0.55352361  0.64884233
   0.11685370  0.43655019  0.94847644
   0.81966367  0.67780178  0.59627445
   0.02450083  0.52244847  0.86185626
   0.78950148  0.80685269  0.69532839
   0.00094583  0.50525236  0.74906490
   0.52467703  0.03709378  0.96254788
   0.59454601  0.95388630  0.85098872
   0.11685370  0.93655022  0.44847641
   0.81966367  0.17780178  0.09627446
   0.02450083  0.02244849  0.36185626
   0.78950148  0.30685269  0.19532839
   0.00094583  0.00525239  0.24906491
   0.52467703  0.53709381  0.46254785
   0.59454601  0.45388636  0.35098875
   0.09165088  0.45820081  0.05557190
   0.81471448  0.68726784  0.40453571
   0.02299669  0.52578683  0.13683291
   0.79037229  0.80846217  0.30355338
   0.00112696  0.50759801  0.25109576
   0.52029191  0.03257545  0.03962333
   0.60184026  0.94533534  0.14912071
   0.09165088  0.95820078  0.55557194
   0.81471448  0.18726786  0.90453574
   0.02299669  0.02578680  0.63683288
   0.79037229  0.30846220  0.80355335
   0.00112696  0.00759802  0.75109576
   0.52029191  0.53257546  0.53962330
   0.60184026  0.44533534  0.64912074
   0.61624252  0.55774982  0.94847351
   0.32162461  0.32114841  0.59624515
   0.52631660  0.47382415  0.86229300
   0.27823976  0.19168287  0.69525603
   0.50355979  0.49514411  0.74851868
   0.02093999  0.96541204  0.96238074
   0.09620239  0.04685892  0.85100451
   0.61624252  0.05774977  0.44847357
   0.32162461  0.82114841  0.09624516
   0.52631660  0.97382412  0.36229297
   0.27823976  0.69168287  0.19525599
   0.50355979  0.99514411  0.24851865
   0.02093999  0.46541207  0.46238074
   0.09620239  0.54685894  0.35100457
   0.32540104  0.16869142  0.50110533
   0.32540104  0.66869148  1.00110536
   0.82494445  0.83063950  0.50092347
   0.82494445  0.33063956  0.00092347
   0.28836730  0.24491736  0.34620804
   0.28836730  0.74491736  0.84620807
   0.29405904  0.24744180  0.44989299
   0.29405904  0.74744180  0.94989299
