   0.24980679  0.24836961  0.10367766
   0.23592994  0.27477841  0.22034007
   0.24980679  0.74836961  0.60367768
   0.23592994  0.77477844  0.72034002
   0.74159524  0.75230986  0.89372835
   0.71744471  0.73114735  0.78190365
   0.74159524  0.25230986  0.39372838
   0.71744471  0.23114736  0.28190359
   0.74818718  0.75097972  0.10363098
   0.74714711  0.73179031  0.22034977
   0.74818718  0.25097975  0.60363100
   0.74714711  0.23179030  0.72034980
   0.25522283  0.24138659  0.89336106
   0.23431324  0.28272398  0.78141648
   0.25522283  0.74138662  0.39336109
   0.23431324  0.78272395  0.28141651
   0.25384176  0.24484550 -0.00276518
   0.25384176  0.74484550  0.49723482
   0.74863968  0.75799678  0.99729316
   0.74863968  0.25799678  0.49729310
   0.79468270  0.75131677  0.34697556
   0.79468270  0.25131677  0.84697556
   0.79252773  0.74971201  0.65235464
   0.79252773  0.24971202  0.15235465
   0.80067903  0.75438008  0.45032542
   0.80067903  0.25438008  0.95032539
   0.29194864  0.24803467  0.54895061
   0.29160775  0.24915665  0.65236672
   0.29160775  0.74915665  0.15236672
   0.29194864  0.74803465  0.04895060
   0.79304015  0.75080918  0.54920873
   0.79304015  0.25080918  0.04920872
   0.59146317  0.53942363  0.05563014
   0.32702008  0.31909460  0.40467385
   0.52261829  0.47242072  0.13715903
   0.30889472  0.18324295  0.30257823
   0.50236085  0.49794877  0.25082711
   0.01928402  0.96613507  0.03984868
   0.10187349  0.05362837  0.14882501
   0.59146317  0.03942364  0.55563012
   0.32702008  0.81909460  0.90467385
   0.52261829  0.97242075  0.63715902
   0.30889472  0.68324293  0.80257823
   0.50236085  0.99794880  0.75082714
   0.01928402  0.46613510  0.53984868
   0.10187349  0.55362843  0.64882504
   0.11735747  0.43634477  0.94849485
   0.81964871  0.67774855  0.59627552
   0.02444673  0.52227024  0.86185137
   0.78953214  0.80698739  0.69530273
   0.00076532  0.50532474  0.74903817
   0.52498806  0.03708587  0.96257811
   0.59397000  0.95422309  0.85103131
   0.11735747  0.93634480  0.44849482
   0.81964871  0.17774855  0.09627553
   0.02444673  0.02227026  0.36185137
   0.78953214  0.30698739  0.19530273
   0.00076532  0.00532477  0.24903818
   0.52498806  0.53708590  0.46257808
   0.59397000  0.45422315  0.35103134
   0.09141542  0.45854342  0.05560454
   0.81479370  0.68732324  0.40456092
   0.02291927  0.52580865  0.13680301
   0.79026878  0.80846609  0.30355000
   0.00094527  0.50769297  0.25106680
   0.52059435  0.03234740  0.03962853
   0.60183997  0.94525954  0.14911785
   0.09141542  0.95854339  0.55560458
   0.81479370  0.18732325  0.90456095
   0.02291927  0.02580862  0.63680298
   0.79026878  0.30846612  0.80354997
   0.00094527  0.00769297  0.75106680
   0.52059435  0.53234741  0.53962851
   0.60183997  0.44525954  0.64911788
   0.61674889  0.55789562  0.94849549
   0.32164847  0.32122341  0.59624726
   0.52626928  0.47398429  0.86229253
   0.27787962  0.19165746  0.69522720
   0.50338330  0.49518854  0.74848926
   0.02128257  0.96532247  0.96241356
   0.09571654  0.04646603  0.85102995
   0.61674889  0.05789557  0.44849555
   0.32164847  0.82122341  0.09624728
   0.52626928  0.97398426  0.36229250
   0.27787962  0.69165746  0.19522716
   0.50338330  0.99518854  0.24848923
   0.02128257  0.46532250  0.46241356
   0.09571654  0.54646605  0.35103001
   0.32557077  0.16864501  0.50111962
   0.32557077  0.66864507  1.00111965
   0.82513696  0.83067065  0.50094077
   0.82513696  0.33067071  0.00094077
   0.28813707  0.24470239  0.34621967
   0.28813707  0.74470239  0.84621970
   0.29461199  0.24718641  0.44996118
   0.29461199  0.74718641  0.94996118
