   0.25306876  0.24590842  0.10382742
   0.23796464  0.27374058  0.21934882
   0.25306876  0.74590842  0.60382743
   0.23796464  0.77374061  0.71934877
   0.74756769  0.75214270  0.89624076
   0.73751464  0.72700237  0.78068126
   0.74756769  0.25214270  0.39624079
   0.73751464  0.22700239  0.28068120
   0.74697839  0.75195450  0.10399820
   0.73562810  0.72808879  0.21920965
   0.74697839  0.25195453  0.60399822
   0.73562810  0.22808877  0.71920968
   0.25206315  0.24582044  0.89592998
   0.23585450  0.27260101  0.78076256
   0.25206315  0.74582047  0.39593001
   0.23585450  0.77260098  0.28076259
   0.24880687  0.24310664  0.00090826
   0.24880687  0.74310664  0.50090826
   0.74017805  0.76110319  0.99906419
   0.74017805  0.26110319  0.49906413
   0.29471029  0.25055096  0.34743313
   0.29471029  0.75055096  0.84743315
   0.79563977  0.75036378  0.34716666
   0.79563977  0.25036378  0.84716666
   0.79582782  0.74954609  0.65301414
   0.79582782  0.24954611  0.15301415
   0.79377936  0.75304974  0.45033941
   0.79377936  0.25304974  0.95033938
   0.29444630  0.24986058  0.65245539
   0.29444630  0.74986058  0.15245539
   0.79214859  0.75372614  0.54971184
   0.79214859  0.25372614  0.04971184
   0.60480650  0.55281043  0.05558566
   0.32499872  0.32212614  0.40251304
   0.52722572  0.47230720  0.13794011
   0.29199315  0.18696044  0.30365606
   0.50262951  0.49539809  0.25137663
   0.00858369  0.96146459  0.03883539
   0.10461194  0.05359923  0.15084528
   0.60480650  0.05281044  0.55558564
   0.32499872  0.82212614  0.90251304
   0.52722572  0.97230723  0.63794009
   0.29199315  0.68696041  0.80365606
   0.50262951  0.99539812  0.75137666
   0.00858369  0.46146462  0.53883538
   0.10461194  0.55359928  0.65084531
   0.10302007  0.44191156  0.94463181
   0.82033097  0.67962569  0.59724226
   0.02634348  0.52638277  0.86192547
   0.79143050  0.81283294  0.69659584
   0.00263663  0.50466239  0.74861839
   0.51324863  0.04296752  0.96109156
   0.60513079  0.94731245  0.84903336
   0.10302007  0.94191159  0.44463178
   0.82033097  0.17962569  0.09724227
   0.02634348  0.02638279  0.36192547
   0.79143050  0.31283294  0.19659584
   0.00263663  0.00466242  0.24861840
   0.51324863  0.54296755  0.46109153
   0.60513079  0.44731251  0.34903339
   0.10675852  0.43933980  0.05430016
   0.82109526  0.67948996  0.40254206
   0.02672400  0.52455217  0.13815664
   0.79354127  0.81354708  0.30351035
   0.00247135  0.50477599  0.25130183
   0.50975714  0.04572444  0.03968561
   0.60623637  0.94537134  0.15141833
   0.10675852  0.93933977  0.55430020
   0.82109526  0.17948998  0.90254209
   0.02672400  0.02455214  0.63815661
   0.79354127  0.31354711  0.80351032
   0.00247135  0.00477599  0.75130183
   0.50975714  0.54572445  0.53968558
   0.60623637  0.44537134  0.65141836
   0.60811984  0.55568558  0.94547140
   0.32646055  0.32242355  0.59777576
   0.52750592  0.47429147  0.86198224
   0.29406891  0.18623929  0.69622632
   0.50249551  0.49532638  0.74872026
   0.00594389  0.95831553  0.96032504
   0.10569610  0.05542768  0.84875596
   0.60811984  0.05568554  0.44547146
   0.32646055  0.82242355  0.09777578
   0.52750592  0.97429144  0.36198221
   0.29406891  0.68623929  0.19622627
   0.50249551  0.99532638  0.24872023
   0.00594389  0.45831556  0.46032504
   0.10569610  0.55542770  0.34875602
   0.32152108  0.16091321  0.50003082
   0.32152108  0.66091327  1.00003085
   0.81819889  0.83687526  0.49993712
   0.81819889  0.33687532 -0.00006288
   0.28768639  0.24696239  0.54954956
   0.28768639  0.74696238  0.04954955
   0.28655148  0.24581135  0.45032798
   0.28655148  0.74581135  0.95032798
