   0.25244032  0.24590550  0.10352637
   0.23782711  0.27328303  0.21927527
   0.25244032  0.74590550  0.60352639
   0.23782711  0.77328306  0.71927523
   0.74563466  0.75205783  0.89667627
   0.73734423  0.72804418  0.78075268
   0.74563466  0.25205783  0.39667630
   0.73734423  0.22804419  0.28075262
   0.74576018  0.75102999  0.10344151
   0.73635515  0.72819885  0.21919096
   0.74576018  0.25103002  0.60344153
   0.73635515  0.22819884  0.71919099
   0.25243202  0.24675016  0.89634259
   0.23665351  0.27312572  0.78078287
   0.25243202  0.74675019  0.39634262
   0.23665351  0.77312569  0.28078290
   0.25140347  0.24463271  0.00048507
   0.25140347  0.74463271  0.50048507
   0.74019170  0.76128539  0.99949983
   0.74019170  0.26128539  0.49949977
   0.29410956  0.25060120  0.34777154
   0.29410956  0.75060120  0.84777157
   0.79550038  0.75005141  0.34737809
   0.79550038  0.25005141  0.84737809
   0.79560083  0.74908851  0.65265935
   0.79560083  0.24908852  0.15265936
   0.79420725  0.75300267  0.45050759
   0.79420725  0.25300267  0.95050756
   0.29412435  0.24976347  0.65218930
   0.29412435  0.74976347  0.15218930
   0.79335529  0.75320854  0.54950900
   0.79335529  0.25320854  0.04950900
   0.60283510  0.55024650  0.05498601
   0.32654883  0.32191930  0.40262765
   0.52680060  0.47232875  0.13760412
   0.29192699  0.18795895  0.30393609
   0.50278026  0.49596692  0.25133469
   0.01063454  0.96297810  0.03902346
   0.10507505  0.05403700  0.15052474
   0.60283510  0.05024651  0.55498599
   0.32654883  0.82191930  0.90262765
   0.52680060  0.97232878  0.63760411
   0.29192699  0.68795892  0.80393609
   0.50278026  0.99596695  0.75133472
   0.01063454  0.46297813  0.53902345
   0.10507505  0.55403705  0.65052477
   0.10258022  0.44364511  0.94528733
   0.82010598  0.68005100  0.59711409
   0.02606446  0.52593949  0.86224931
   0.79097629  0.81150025  0.69641013
   0.00284379  0.50462208  0.74866856
   0.51501768  0.04051546  0.96105480
   0.60523014  0.94674490  0.84924756
   0.10258022  0.94364514  0.44528730
   0.82010598  0.18005100  0.09711411
   0.02606446  0.02593951  0.36224931
   0.79097629  0.31150025  0.19641013
   0.00284379  0.00462211  0.24866857
   0.51501768  0.54051549  0.46105477
   0.60523014  0.44674496  0.34924759
   0.10374154  0.44272474  0.05429092
   0.81870919  0.68046919  0.40282960
   0.02615101  0.52496481  0.13781750
   0.79237116  0.81197596  0.30361179
   0.00280606  0.50457950  0.25127629
   0.51362163  0.04182420  0.03929518
   0.60565797  0.94537739  0.15085646
   0.10374154  0.94272471  0.55429096
   0.81870919  0.18046920  0.90282963
   0.02615101  0.02496478  0.63781747
   0.79237116  0.31197599  0.80361176
   0.00280606  0.00457951  0.75127629
   0.51362163  0.54182421  0.53929515
   0.60565797  0.44537739  0.65085649
   0.60383668  0.55162487  0.94544013
   0.32605398  0.32183200  0.59742260
   0.52675053  0.47344951  0.86234415
   0.29324295  0.18741836  0.69610274
   0.50277248  0.49599539  0.74872529
   0.00959840  0.96140901  0.96056428
   0.10523536  0.05524646  0.84939977
   0.60383668  0.05162483  0.44544019
   0.32605398  0.82183200  0.09742261
   0.52675053  0.97344948  0.36234412
   0.29324295  0.68741836  0.19610270
   0.50277248  0.99599539  0.24872526
   0.00959840  0.46140904  0.46056428
   0.10523536  0.55524648  0.34939983
   0.32394423  0.16300749  0.50003278
   0.32394423  0.66300755  1.00003281
   0.81956184  0.83513844  0.49997232
   0.81956184  0.33513850 -0.00002768
   0.28713347  0.24746491  0.54941039
   0.28713347  0.74746490  0.04941037
   0.28645124  0.24701465  0.45055091
   0.28645124  0.74701465  0.95055091
