   0.25199082  0.24663818  0.10314958
   0.23659953  0.27434131  0.21916660
   0.25199082  0.74663818  0.60314960
   0.23659953  0.77434134  0.71916656
   0.74506595  0.75158561  0.89710614
   0.73624790  0.72787887  0.78084920
   0.74506595  0.25158561  0.39710617
   0.73624790  0.22787889  0.28084914
   0.74516023  0.75089326  0.10290738
   0.73583340  0.72787790  0.21913141
   0.74516023  0.25089329  0.60290740
   0.73583340  0.22787789  0.71913144
   0.25202070  0.24724543  0.89683194
   0.23619005  0.27433968  0.78085544
   0.25202070  0.74724546  0.39683197
   0.23619005  0.77433965  0.28085547
   0.25227433  0.24480532  0.00006661
   0.25227433  0.74480532  0.50006661
   0.74115042  0.76202320  0.99992775
   0.74115042  0.26202320  0.49992769
   0.29385084  0.25048861  0.34825657
   0.29385084  0.75048861  0.84825660
   0.79525367  0.74958925  0.34784943
   0.79525367  0.24958925  0.84784943
   0.79533277  0.74906702  0.65217607
   0.79533277  0.24906704  0.15217608
   0.79414756  0.75322571  0.45073561
   0.79414756  0.25322571  0.95073558
   0.29396079  0.24999894  0.65172709
   0.29396079  0.74999894  0.15172709
   0.79409726  0.75301063  0.54926438
   0.79409726  0.25301063  0.04926438
   0.60084036  0.54791633  0.05461461
   0.32681688  0.32239351  0.40297044
   0.52629157  0.47212576  0.13708402
   0.29205317  0.18747734  0.30440141
   0.50229648  0.49608055  0.25122999
   0.01320032  0.96452609  0.03892799
   0.10538435  0.05461913  0.15005811
   0.60084036  0.04791634  0.55461459
   0.32681688  0.82239351  0.90297044
   0.52629157  0.97212579  0.63708401
   0.29205317  0.68747731  0.80440141
   0.50229648  0.99608058  0.75123002
   0.01320032  0.46452612  0.53892798
   0.10538435  0.55461918  0.65005814
   0.10129355  0.44563195  0.94567526
   0.81944124  0.67951619  0.59680995
   0.02573282  0.52576720  0.86280842
   0.79128827  0.81200136  0.69589292
   0.00226301  0.50517130  0.74878941
   0.51741175  0.03813118  0.96132122
   0.60569653  0.94563194  0.84966852
   0.10129355  0.94563198  0.44567523
   0.81944124  0.17951619  0.09680997
   0.02573282  0.02576722  0.36280842
   0.79128827  0.31200136  0.19589292
   0.00226301  0.00517133  0.24878942
   0.51741175  0.53813120  0.46132119
   0.60569653  0.44563200  0.34966855
   0.10146054  0.44531782  0.05426543
   0.81876785  0.68001221  0.40318279
   0.02577525  0.52531224  0.13722662
   0.79199503  0.81237571  0.30411255
   0.00228527  0.50515464  0.25119293
   0.51732412  0.03805760  0.03873493
   0.60587283  0.94502374  0.15030500
   0.10146054  0.94531779  0.55426547
   0.81876785  0.18001222  0.90318282
   0.02577525  0.02531222  0.63722659
   0.79199503  0.31237573  0.80411252
   0.00228527  0.00515465  0.75119293
   0.51732412  0.53805760  0.53873490
   0.60587283  0.44502374  0.65030503
   0.60105366  0.54848653  0.94545160
   0.32658404  0.32203560  0.59703892
   0.52616297  0.47266616  0.86288471
   0.29285506  0.18713013  0.69559372
   0.50231467  0.49609267  0.74879310
   0.01292873  0.96441519  0.96099133
   0.10520773  0.05509338  0.84998330
   0.60105366  0.04848648  0.44545166
   0.32658404  0.82203560  0.09703893
   0.52616297  0.97266613  0.36288468
   0.29285506  0.68713013  0.19559368
   0.50231467  0.99609267  0.24879307
   0.01292873  0.46441522  0.46099133
   0.10520773  0.55509341  0.34998336
   0.32511816  0.16329324  0.50000237
   0.32511816  0.66329330  1.00000240
   0.82081650  0.83466647  0.49999616
   0.82081650  0.33466653 -0.00000384
   0.28720707  0.24735612  0.54916522
   0.28720707  0.74735610  0.04916520
   0.28708370  0.24751164  0.45082577
   0.28708370  0.74751164  0.95082577
