   0.25200862  0.24671416  0.10309116
   0.23618834  0.27452939  0.21915676
   0.25200862  0.74671416  0.60309117
   0.23618834  0.77452942  0.71915671
   0.74505919  0.75149888  0.89716387
   0.73585510  0.72783006  0.78085659
   0.74505919  0.25149888  0.39716390
   0.73585510  0.22783007  0.28085653
   0.74515439  0.75090912  0.10284240
   0.73548773  0.72784028  0.21912659
   0.74515439  0.25090914  0.60284243
   0.73548773  0.22784026  0.71912662
   0.25202318  0.24722681  0.89689704
   0.23584624  0.27451640  0.78086240
   0.25202318  0.74722684  0.39689707
   0.23584624  0.77451637  0.28086243
   0.25233625  0.24473559  0.00004183
   0.25233625  0.74473559  0.50004183
   0.74123320  0.76208283  0.99995355
   0.74123320  0.26208283  0.49995349
   0.29389402  0.25047881  0.34834122
   0.29389402  0.75047881  0.84834125
   0.79530778  0.74953503  0.34793070
   0.79530778  0.24953503  0.84793070
   0.79538155  0.74906472  0.65209153
   0.79538155  0.24906474  0.15209155
   0.79417857  0.75323580  0.45076751
   0.79417857  0.25323580  0.95076748
   0.29401143  0.25003882  0.65164127
   0.29401143  0.75003882  0.15164127
   0.79415845  0.75301391  0.54923258
   0.79415845  0.25301391  0.04923258
   0.60067215  0.54768024  0.05458933
   0.32685792  0.32242871  0.40300850
   0.52633863  0.47212541  0.13701593
   0.29218073  0.18723278  0.30446285
   0.50207039  0.49604409  0.25121321
   0.01346231  0.96471478  0.03890394
   0.10542125  0.05461724  0.14999404
   0.60067215  0.04768025  0.55458931
   0.32685792  0.82242871  0.90300850
   0.52633863  0.97212544  0.63701592
   0.29218073  0.68723275  0.80446285
   0.50207039  0.99604412  0.75121324
   0.01346231  0.46471481  0.53890393
   0.10542125  0.55461729  0.64999407
   0.10114704  0.44582295  0.94570189
   0.81941390  0.67944145  0.59677203
   0.02579503  0.52572651  0.86288107
   0.79148244  0.81228900  0.69583054
   0.00202746  0.50531167  0.74880681
   0.51769239  0.03790596  0.96135017
   0.60576024  0.94558458  0.84972715
   0.10114704  0.94582298  0.44570186
   0.81941390  0.17944145  0.09677204
   0.02579503  0.02572653  0.36288107
   0.79148244  0.31228900  0.19583054
   0.00202746  0.00531170  0.24880683
   0.51769239  0.53790598  0.46135014
   0.60576024  0.44558464  0.34972718
   0.10125529  0.44555083  0.05425846
   0.81888943  0.67989339  0.40322368
   0.02584943  0.52530956  0.13714755
   0.79207727  0.81262750  0.30417468
   0.00205140  0.50529893  0.25117833
   0.51766467  0.03776666  0.03868614
   0.60592899  0.94502605  0.15024849
   0.10125529  0.94555080  0.55425850
   0.81888943  0.17989340  0.90322371
   0.02584943  0.02530954  0.63714752
   0.79207727  0.31262753  0.80417465
   0.00205140  0.00529894  0.75117833
   0.51766467  0.53776667  0.53868611
   0.60592899  0.44502605  0.65024852
   0.60083313  0.54817137  0.94545619
   0.32669443  0.32209219  0.59699825
   0.52622194  0.47261568  0.86295760
   0.29290057  0.18690861  0.69553391
   0.50208819  0.49605318  0.74880709
   0.01326639  0.96470362  0.96104086
   0.10525421  0.05505372  0.85004273
   0.60083313  0.04817133  0.44545625
   0.32669443  0.82209219  0.09699826
   0.52622194  0.97261565  0.36295757
   0.29290057  0.68690861  0.19553386
   0.50208819  0.99605318  0.24880706
   0.01326639  0.46470365  0.46104086
   0.10525421  0.55505375  0.35004279
   0.32524644  0.16327801  0.50000062
   0.32524644  0.66327807  1.00000065
   0.82093727  0.83464640  0.49999699
   0.82093727  0.33464646 -0.00000301
   0.28723987  0.24732430  0.54912796
   0.28723987  0.74732429  0.04912795
   0.28715482  0.24750382  0.45086592
   0.28715482  0.74750382  0.95086592
