   0.25273646  0.24591313  0.10415949
   0.23789280  0.27465763  0.21935977
   0.25273646  0.74591313  0.60415951
   0.23789280  0.77465766  0.71935972
   0.74961018  0.75299222  0.89586360
   0.73757260  0.72564551  0.78067253
   0.74961018  0.25299222  0.39586363
   0.73757260  0.22564553  0.28067247
   0.74753762  0.75305444  0.10443214
   0.73508470  0.72760491  0.21922334
   0.74753762  0.25305447  0.60443216
   0.73508470  0.22760490  0.71922337
   0.25056792  0.24539797  0.89560641
   0.23530727  0.27278172  0.78078863
   0.25056792  0.74539800  0.39560644
   0.23530727  0.77278169  0.28078866
   0.24582333  0.24235965  0.00102828
   0.24582333  0.74235965  0.50102828
   0.74128647  0.76015177  0.99893269
   0.74128647  0.26015177  0.49893263
   0.29503580  0.25026659  0.34730358
   0.29503580  0.75026659  0.84730361
   0.79525470  0.75012122  0.34745075
   0.79525470  0.25012122  0.84745075
   0.79561821  0.74992379  0.65298613
   0.79561821  0.24992381  0.15298615
   0.79307196  0.75267534  0.45026473
   0.79307196  0.25267534  0.95026470
   0.29465460  0.25017109  0.65235287
   0.29465460  0.75017109  0.15235287
   0.79085081  0.75416710  0.54992295
   0.79085081  0.25416710  0.04992295
   0.60503842  0.55521829  0.05603203
   0.32304038  0.32287389  0.40242483
   0.52756310  0.47226939  0.13809803
   0.29200327  0.18621949  0.30348147
   0.50266193  0.49510349  0.25138044
   0.00785526  0.96053918  0.03850007
   0.10422452  0.05348711  0.15100492
   0.60503842  0.05521830  0.55603201
   0.32304038  0.82287389  0.90242483
   0.52756310  0.97226942  0.63809801
   0.29200327  0.68621946  0.80348147
   0.50266193  0.99510352  0.75138047
   0.00785526  0.46053921  0.53850006
   0.10422452  0.55348717  0.65100495
   0.10131660  0.44009214  0.94411505
   0.82051934  0.67833195  0.59737165
   0.02665618  0.52680125  0.86179943
   0.79177693  0.81374884  0.69664767
   0.00247626  0.50475686  0.74861069
   0.51284925  0.04405809  0.96142968
   0.60500878  0.94719435  0.84893966
   0.10131660  0.94009217  0.44411502
   0.82051934  0.17833195  0.09737167
   0.02665618  0.02680127  0.36179943
   0.79177693  0.31374884  0.19664767
   0.00247626  0.00475689  0.24861070
   0.51284925  0.54405811  0.46142965
   0.60500878  0.44719441  0.34893969
   0.11000194  0.43569800  0.05430161
   0.82457928  0.67816454  0.40202291
   0.02686524  0.52428804  0.13829530
   0.79428802  0.81475442  0.30349030
   0.00237471  0.50485387  0.25128490
   0.50681835  0.04853554  0.03972034
   0.60715479  0.94536408  0.15168434
   0.11000194  0.93569797  0.55430165
   0.82457928  0.17816456  0.90202294
   0.02686524  0.02428801  0.63829527
   0.79428802  0.31475444  0.80349027
   0.00237471  0.00485387  0.75128490
   0.50681835  0.54853555  0.53972032
   0.60715479  0.44536408  0.65168437
   0.61251660  0.55969012  0.94561925
   0.32760546  0.32331742  0.59841936
   0.52778010  0.47488682  0.86174502
   0.29451127  0.18531505  0.69632656
   0.50258465  0.49504179  0.74870165
   0.00246106  0.95611034  0.96030773
   0.10637487  0.05530355  0.84835705
   0.61251660  0.05969008  0.44561931
   0.32760546  0.82331742  0.09841937
   0.52778010  0.97488679  0.36174499
   0.29451127  0.68531505  0.19632652
   0.50258465  0.99504179  0.24870162
   0.00246106  0.45611037  0.46030773
   0.10637487  0.55530357  0.34835711
   0.31921881  0.15819001  0.49994046
   0.31921881  0.65819007  0.99994049
   0.81719719  0.83945132  0.49992803
   0.81719719  0.33945138 -0.00007197
   0.28884812  0.24704942  0.54954509
   0.28884812  0.74704940  0.04954508
   0.28792355  0.24540709  0.45012650
   0.28792355  0.74540709  0.95012650
