   0.25203162  0.24628442  0.10333682
   0.23743167  0.27375861  0.21922120
   0.25203162  0.74628442  0.60333683
   0.23743167  0.77375864  0.71922116
   0.74515055  0.75188637  0.89691078
   0.73701628  0.72801083  0.78080090
   0.74515055  0.25188637  0.39691081
   0.73701628  0.22801084  0.28080084
   0.74525355  0.75088031  0.10314432
   0.73639910  0.72800463  0.21916716
   0.74525355  0.25088034  0.60314434
   0.73639910  0.22800461  0.71916719
   0.25208267  0.24716748  0.89660431
   0.23673461  0.27376027  0.78081187
   0.25208267  0.74716751  0.39660434
   0.23673461  0.77376024  0.28081190
   0.25192487  0.24496024  0.00021949
   0.25192487  0.74496024  0.50021949
   0.74070885  0.76166855  0.99977333
   0.74070885  0.26166855  0.49977327
   0.29389400  0.25058722  0.34803116
   0.29389400  0.75058722  0.84803119
   0.79526580  0.74975661  0.34763331
   0.79526580  0.24975661  0.84763331
   0.79536309  0.74902072  0.65240257
   0.79536309  0.24902074  0.15240258
   0.79413264  0.75311159  0.45063169
   0.79413264  0.25311159  0.95063166
   0.29395557  0.24990475  0.65194881
   0.29395557  0.74990475  0.15194881
   0.79381614  0.75304943  0.54937200
   0.79381614  0.25304943  0.04937200
   0.60172135  0.54892079  0.05475149
   0.32676634  0.32220632  0.40280243
   0.52642320  0.47219645  0.13734328
   0.29188814  0.18795589  0.30414439
   0.50273819  0.49611767  0.25128115
   0.01206570  0.96383800  0.03899927
   0.10523039  0.05440635  0.15028486
   0.60172135  0.04892080  0.55475147
   0.32676634  0.82220632  0.90280243
   0.52642320  0.97219648  0.63734327
   0.29188814  0.68795586  0.80414439
   0.50273819  0.99611770  0.75128118
   0.01206570  0.46383803  0.53899926
   0.10523039  0.55440641  0.65028489
   0.10187889  0.44472043  0.94553233
   0.81975426  0.67978550  0.59695979
   0.02579607  0.52585748  0.86253037
   0.79095862  0.81141013  0.69615427
   0.00274671  0.50479050  0.74873254
   0.51636742  0.03918408  0.96119808
   0.60545591  0.94607661  0.84946262
   0.10187889  0.94472046  0.44553230
   0.81975426  0.17978550  0.09695981
   0.02579607  0.02585750  0.36253037
   0.79095862  0.31141013  0.19615427
   0.00274671  0.00479053  0.24873255
   0.51636742  0.53918411  0.46119805
   0.60545591  0.44607667  0.34946265
   0.10241752  0.44421047  0.05428195
   0.81855934  0.68035708  0.40301544
   0.02581984  0.52520100  0.13752458
   0.79200782  0.81186838  0.30384940
   0.00275168  0.50475170  0.25123512
   0.51582531  0.03963899  0.03897412
   0.60568344  0.94519144  0.15053202
   0.10241752  0.94421044  0.55428199
   0.81855934  0.18035709  0.90301547
   0.02581984  0.02520098  0.63752455
   0.79200782  0.31186841  0.80384937
   0.00275168  0.00475170  0.75123512
   0.51582531  0.53963900  0.53897409
   0.60568344  0.44519144  0.65053205
   0.60223994  0.54980911  0.94544281
   0.32630092  0.32186274  0.59722513
   0.52628697  0.47297873  0.86260917
   0.29293117  0.18754121  0.69585706
   0.50275689  0.49614500  0.74875466
   0.01143888  0.96312393  0.96078521
   0.10510262  0.05513383  0.84974101
   0.60223994  0.04980906  0.44544287
   0.32630092  0.82186274  0.09722515
   0.52628697  0.97297870  0.36260914
   0.29293117  0.68754121  0.19585702
   0.50275689  0.99614500  0.24875463
   0.01143888  0.46312396  0.46078521
   0.10510262  0.55513385  0.34974107
   0.32465873  0.16327827  0.50001449
   0.32465873  0.66327833  1.00001452
   0.82031300  0.83476531  0.49998943
   0.82031300  0.33476537 -0.00001057
   0.28713340  0.24746716  0.54928136
   0.28713340  0.74746715  0.04928135
   0.28682007  0.24739724  0.45070038
   0.28682007  0.74739724  0.95070038
