   0.25196308  0.24665089  0.10313135
   0.23648762  0.27440426  0.21917016
   0.25196308  0.74665089  0.60313137
   0.23648762  0.77440429  0.71917012
   0.74501923  0.75156573  0.89712447
   0.73614201  0.72785307  0.78084482
   0.74501923  0.25156573  0.39712450
   0.73614201  0.22785308  0.28084476
   0.74511371  0.75090366  0.10288688
   0.73574085  0.72785581  0.21913646
   0.74511371  0.25090369  0.60288690
   0.73574085  0.22785580  0.71913649
   0.25198946  0.24723192  0.89685242
   0.23609855  0.27439990  0.78085081
   0.25198946  0.74723195  0.39685245
   0.23609855  0.77439987  0.28085084
   0.25226745  0.24479308  0.00005828
   0.25226745  0.74479308  0.50005828
   0.74115468  0.76204712  0.99993629
   0.74115468  0.26204712  0.49993623
   0.29386476  0.25050303  0.34828974
   0.29386476  0.75050303  0.84828977
   0.79527003  0.74956193  0.34788150
   0.79527003  0.24956193  0.84788150
   0.79534793  0.74904684  0.65214206
   0.79534793  0.24904686  0.15214208
   0.79415520  0.75323806  0.45074568
   0.79415520  0.25323806  0.95074565
   0.29397832  0.25002354  0.65169138
   0.29397832  0.75002354  0.15169138
   0.79411300  0.75302061  0.54925433
   0.79411300  0.25302061  0.04925433
   0.60082098  0.54780946  0.05460626
   0.32684595  0.32241223  0.40297947
   0.52631403  0.47212502  0.13706306
   0.29209406  0.18739577  0.30441655
   0.50223586  0.49606717  0.25122341
   0.01326226  0.96461848  0.03892155
   0.10538176  0.05460742  0.15003226
   0.60082098  0.04780947  0.55460624
   0.32684595  0.82241223  0.90297947
   0.52631403  0.97212505  0.63706305
   0.29209406  0.68739574  0.80441655
   0.50223586  0.99606720  0.75122344
   0.01326226  0.46461851  0.53892154
   0.10538176  0.55460747  0.65003229
   0.10121878  0.44565848  0.94568456
   0.81944009  0.67949148  0.59679538
   0.02575801  0.52574991  0.86283072
   0.79134908  0.81209443  0.69587854
   0.00219938  0.50521646  0.74879631
   0.51754497  0.03809329  0.96132964
   0.60570724  0.94563312  0.84969226
   0.10121878  0.94565851  0.44568453
   0.81944009  0.17949148  0.09679540
   0.02575801  0.02574994  0.36283072
   0.79134908  0.31209443  0.19587854
   0.00219938  0.00521649  0.24879633
   0.51754497  0.53809331  0.46132961
   0.60570724  0.44563318  0.34969229
   0.10136751  0.44535739  0.05426316
   0.81881195  0.67997672  0.40319824
   0.02580269  0.52530253  0.13720218
   0.79202148  0.81245874  0.30412777
   0.00222219  0.50520072  0.25118713
   0.51748087  0.03799644  0.03872051
   0.60587837  0.94503916  0.15028129
   0.10136751  0.94535736  0.55426320
   0.81881195  0.17997673  0.90319826
   0.02580269  0.02530250  0.63720215
   0.79202148  0.31245877  0.80412774
   0.00222219  0.00520073  0.75118713
   0.51748087  0.53799645  0.53872048
   0.60587837  0.44503916  0.65028132
   0.60101838  0.54835676  0.94545312
   0.32663512  0.32205705  0.59702924
   0.52618644  0.47265294  0.86290696
   0.29287265  0.18705003  0.69558138
   0.50225400  0.49607813  0.74879891
   0.01301423  0.96454144  0.96100579
   0.10520711  0.05507225  0.85000731
   0.60101838  0.04835672  0.44545318
   0.32663512  0.82205705  0.09702926
   0.52618644  0.97265291  0.36290693
   0.29287265  0.68705003  0.19558134
   0.50225400  0.99607813  0.24879888
   0.01301423  0.46454147  0.46100579
   0.10520711  0.55507227  0.35000737
   0.32517409  0.16328802  0.50000181
   0.32517409  0.66328808  1.00000184
   0.82086586  0.83464614  0.49999640
   0.82086586  0.33464620 -0.00000360
   0.28720897  0.24734411  0.54915196
   0.28720897  0.74734409  0.04915195
   0.28709945  0.24750908  0.45084014
   0.28709945  0.74750908  0.95084014
