   0.25205728  0.24626917  0.10335047
   0.23746849  0.27372072  0.21922178
   0.25205728  0.74626917  0.60335049
   0.23746849  0.77372075  0.71922174
   0.74519004  0.75189185  0.89689705
   0.73704864  0.72801939  0.78080118
   0.74519004  0.25189185  0.39689708
   0.73704864  0.22801941  0.28080112
   0.74529059  0.75087902  0.10316228
   0.73641696  0.72802172  0.21916663
   0.74529059  0.25087905  0.60316230
   0.73641696  0.22802171  0.71916666
   0.25211179  0.24716762  0.89658861
   0.23675115  0.27372501  0.78081272
   0.25211179  0.74716765  0.39658864
   0.23675115  0.77372498  0.28081275
   0.25190839  0.24495523  0.00023308
   0.25190839  0.74495523  0.50023308
   0.74068986  0.76164721  0.99976389
   0.74068986  0.26164721  0.49976383
   0.29389958  0.25055891  0.34798917
   0.29389958  0.75055891  0.84798920
   0.79527049  0.74980219  0.34759266
   0.79527049  0.24980219  0.84759266
   0.79536968  0.74903067  0.65242707
   0.79536968  0.24903068  0.15242708
   0.79413374  0.75309819  0.45062623
   0.79413374  0.25309819  0.95062620
   0.29396116  0.24988581  0.65197426
   0.29396116  0.74988581  0.15197426
   0.79379948  0.75305601  0.54938474
   0.79379948  0.25305601  0.04938474
   0.60175916  0.54898550  0.05475794
   0.32675257  0.32218474  0.40279452
   0.52643060  0.47220307  0.13735447
   0.29188662  0.18800538  0.30415459
   0.50274660  0.49611767  0.25128297
   0.01200299  0.96379541  0.03900084
   0.10522637  0.05439798  0.15029507
   0.60175916  0.04898550  0.55475792
   0.32675257  0.82218474  0.90279452
   0.52643060  0.97220310  0.63735446
   0.29188662  0.68800535  0.80415459
   0.50274660  0.99611770  0.75128300
   0.01200299  0.46379544  0.53900084
   0.10522637  0.55439803  0.65029510
   0.10191032  0.44467597  0.94552297
   0.81976785  0.67981009  0.59696380
   0.02579861  0.52586155  0.86252072
   0.79094941  0.81137941  0.69616009
   0.00275664  0.50477698  0.74872817
   0.51630045  0.03923405  0.96118945
   0.60544343  0.94609451  0.84945589
   0.10191032  0.94467600  0.44552294
   0.81976785  0.17981009  0.09696381
   0.02579861  0.02586157  0.36252072
   0.79094941  0.31137941  0.19616009
   0.00275664  0.00477701  0.24872818
   0.51630045  0.53923408  0.46118942
   0.60544343  0.44609457  0.34945592
   0.10247343  0.44415120  0.05428030
   0.81855084  0.68037840  0.40300670
   0.02582577  0.52519364  0.13753759
   0.79201747  0.81181965  0.30385851
   0.00275992  0.50473531  0.25123637
   0.51571823  0.03972432  0.03898739
   0.60567788  0.94519453  0.15054385
   0.10247343  0.94415117  0.55428034
   0.81855084  0.18037841  0.90300673
   0.02582577  0.02519361  0.63753756
   0.79201747  0.31181968  0.80385848
   0.00275992  0.00473532  0.75123637
   0.51571823  0.53972432  0.53898736
   0.60567788  0.44519453  0.65054388
   0.60229526  0.54989310  0.94544257
   0.32627898  0.32184616  0.59723213
   0.52629382  0.47300013  0.86259983
   0.29293869  0.18756823  0.69586205
   0.50276600  0.49614352  0.74875151
   0.01135968  0.96304638  0.96077260
   0.10510641  0.05514483  0.84973086
   0.60229526  0.04989306  0.44544263
   0.32627898  0.82184616  0.09723215
   0.52629382  0.97300010  0.36259980
   0.29293869  0.68756823  0.19586200
   0.50276600  0.99614352  0.24875148
   0.01135968  0.46304641  0.46077260
   0.10510641  0.55514485  0.34973092
   0.32462427  0.16327977  0.50001302
   0.32462427  0.66327983  1.00001305
   0.82027720  0.83477227  0.49998583
   0.82027720  0.33477233 -0.00001417
   0.28713375  0.24747129  0.54929203
   0.28713375  0.74747127  0.04929201
   0.28680315  0.24738607  0.45069349
   0.28680315  0.74738607  0.95069349
