   0.25207993  0.24676978  0.10304944
   0.23576839  0.27466599  0.21914716
   0.25207993  0.74676978  0.60304946
   0.23576839  0.77466602  0.71914711
   0.74510648  0.75142558  0.89720493
   0.73544805  0.72781714  0.78086419
   0.74510648  0.25142558  0.39720496
   0.73544805  0.22781716  0.28086413
   0.74519870  0.75092425  0.10279711
   0.73512420  0.72784065  0.21912165
   0.74519870  0.25092428  0.60279714
   0.73512420  0.22784064  0.71912168
   0.25208242  0.24720113  0.89694312
   0.23548067  0.27464207  0.78086974
   0.25208242  0.74720116  0.39694315
   0.23548067  0.77464204  0.28086977
   0.25242562  0.24465940  0.00002583
   0.25242562  0.74465940  0.50002583
   0.74132629  0.76211857  0.99997020
   0.74132629  0.26211857  0.49997014
   0.29395057  0.25047440  0.34840538
   0.29395057  0.75047440  0.84840541
   0.79537133  0.74948384  0.34799125
   0.79537133  0.24948384  0.84799125
   0.79544097  0.74905777  0.65202702
   0.79544097  0.24905778  0.15202703
   0.79420800  0.75324154  0.45078437
   0.79420800  0.25324154  0.95078434
   0.29407151  0.25008271  0.65157599
   0.29407151  0.75008271  0.15157599
   0.79420521  0.75302476  0.54921601
   0.79420521  0.25302476  0.04921600
   0.60056363  0.54745497  0.05456582
   0.32689422  0.32244126  0.40304983
   0.52640394  0.47213286  0.13694939
   0.29231271  0.18702716  0.30452447
   0.50179373  0.49600992  0.25120000
   0.01365468  0.96488746  0.03888196
   0.10548427  0.05463778  0.14993714
   0.60056363  0.04745498  0.55456580
   0.32689422  0.82244126  0.90304983
   0.52640394  0.97213289  0.63694937
   0.29231271  0.68702713  0.80452447
   0.50179373  0.99600995  0.75120003
   0.01365468  0.46488749  0.53888196
   0.10548427  0.55463783  0.64993717
   0.10099680  0.44596402  0.94572548
   0.81940339  0.67940226  0.59672774
   0.02586905  0.52568420  0.86295116
   0.79167225  0.81253990  0.69576873
   0.00174132  0.50545074  0.74882002
   0.51793678  0.03772994  0.96137458
   0.60584303  0.94552847  0.84977945
   0.10099680  0.94596405  0.44572545
   0.81940339  0.17940226  0.09672775
   0.02586905  0.02568422  0.36295116
   0.79167225  0.31253990  0.19576873
   0.00174132  0.00545077  0.24882003
   0.51793678  0.53772996  0.46137455
   0.60584303  0.44552853  0.34977948
   0.10106315  0.44572282  0.05424815
   0.81899916  0.67980421  0.40326976
   0.02593178  0.52530291  0.13707151
   0.79216755  0.81284099  0.30423598
   0.00176630  0.50544189  0.25116752
   0.51794431  0.03756077  0.03864837
   0.60601245  0.94501906  0.15019906
   0.10106315  0.94572279  0.55424819
   0.81899916  0.17980422  0.90326979
   0.02593178  0.02530288  0.63707148
   0.79216755  0.31284102  0.80423595
   0.00176630  0.00544190  0.75116752
   0.51794431  0.53756078  0.53864834
   0.60601245  0.44501906  0.65019909
   0.60068512  0.54787955  0.94546593
   0.32678757  0.32213496  0.59695502
   0.52629828  0.47257630  0.86302859
   0.29295125  0.18673271  0.69547316
   0.50181117  0.49601660  0.74881756
   0.01351825  0.96493671  0.96108214
   0.10533470  0.05503516  0.85009416
   0.60068512  0.04787950  0.44546599
   0.32678757  0.82213496  0.09695503
   0.52629828  0.97257627  0.36302856
   0.29295125  0.68673271  0.19547311
   0.50181117  0.99601660  0.24881753
   0.01351825  0.46493674  0.46108214
   0.10533470  0.55503518  0.35009422
   0.32534657  0.16325570  0.49999991
   0.32534657  0.66325576  0.99999994
   0.82102033  0.83462765  0.49999803
   0.82102033  0.33462771 -0.00000197
   0.28728358  0.24730437  0.54910711
   0.28728358  0.74730435  0.04910710
   0.28722001  0.24748692  0.45088880
   0.28722001  0.74748692  0.95088880
