   0.25202936  0.24674172  0.10306753
   0.23594822  0.27461072  0.21915682
   0.25202936  0.74674172  0.60306754
   0.23594822  0.77461075  0.71915677
   0.74505902  0.75145846  0.89718721
   0.73562235  0.72782080  0.78085546
   0.74505902  0.25145846  0.39718724
   0.73562235  0.22782081  0.28085540
   0.74515205  0.75092165  0.10281648
   0.73528106  0.72783964  0.21912945
   0.74515205  0.25092168  0.60281650
   0.73528106  0.22783962  0.71912948
   0.25203769  0.24720638  0.89692349
   0.23563859  0.27459179  0.78086104
   0.25203769  0.74720641  0.39692352
   0.23563859  0.77459176  0.28086107
   0.25237585  0.24469420  0.00003169
   0.25237585  0.74469420  0.50003169
   0.74128225  0.76210917  0.99996405
   0.74128225  0.26210917  0.49996399
   0.29392527  0.25048213  0.34838331
   0.29392527  0.75048213  0.84838334
   0.79534460  0.74949899  0.34797045
   0.79534460  0.24949899  0.84797045
   0.79541591  0.74905426  0.65204911
   0.79541591  0.24905428  0.15204913
   0.79419792  0.75324183  0.45077939
   0.79419792  0.25324183  0.95077936
   0.29404546  0.25007172  0.65159790
   0.29404546  0.75007172  0.15159790
   0.79418892  0.75302173  0.54922102
   0.79418892  0.25302173  0.04922102
   0.60062484  0.54751609  0.05457486
   0.32688792  0.32244541  0.40303371
   0.52638304  0.47212788  0.13697533
   0.29225908  0.18710465  0.30450261
   0.50191176  0.49602357  0.25120415
   0.01356980  0.96483942  0.03889046
   0.10545299  0.05462610  0.14995693
   0.60062484  0.04751609  0.55457484
   0.32688792  0.82244541  0.90303371
   0.52638304  0.97212791  0.63697531
   0.29225908  0.68710462  0.80450261
   0.50191176  0.99602360  0.75120418
   0.01356980  0.46483945  0.53889045
   0.10545299  0.55462615  0.64995696
   0.10103533  0.44589571  0.94571682
   0.81940705  0.67941287  0.59674169
   0.02584028  0.52569849  0.86292367
   0.79159699  0.81244495  0.69579102
   0.00186312  0.50539582  0.74881592
   0.51786941  0.03781647  0.96136559
   0.60580960  0.94555807  0.84976137
   0.10103533  0.94589574  0.44571679
   0.81940705  0.17941287  0.09674170
   0.02584028  0.02569851  0.36292367
   0.79159699  0.31244495  0.19579102
   0.00186312  0.00539585  0.24881593
   0.51786941  0.53781650  0.46136556
   0.60580960  0.44555813  0.34976140
   0.10111599  0.44564198  0.05425228
   0.81895818  0.67983466  0.40325504
   0.02589951  0.52530291  0.13710131
   0.79213146  0.81276098  0.30421399
   0.00188781  0.50538553  0.25117088
   0.51786562  0.03765587  0.03866207
   0.60597918  0.94503078  0.15021588
   0.10111599  0.94564195  0.55425232
   0.81895818  0.17983468  0.90325507
   0.02589951  0.02530289  0.63710128
   0.79213146  0.31276101  0.80421396
   0.00188781  0.00538553  0.75117088
   0.51786562  0.53765588  0.53866205
   0.60597918  0.44503078  0.65021591
   0.60076049  0.54796698  0.94546175
   0.32676043  0.32212646  0.59697178
   0.52627199  0.47258983  0.86300104
   0.29293041  0.18679789  0.69549489
   0.50192935  0.49603132  0.74881454
   0.01341192  0.96486826  0.96106674
   0.10529682  0.05503819  0.85007650
   0.60076049  0.04796694  0.44546181
   0.32676043  0.82212646  0.09697180
   0.52627199  0.97258980  0.36300101
   0.29293041  0.68679789  0.19549484
   0.50192935  0.99603132  0.24881451
   0.01341192  0.46486829  0.46106674
   0.10529682  0.55503821  0.35007656
   0.32531808  0.16325666  0.50000011
   0.32531808  0.66325672  1.00000014
   0.82099295  0.83463278  0.49999767
   0.82099295  0.33463284 -0.00000233
   0.28725412  0.24731268  0.54911717
   0.28725412  0.74731267  0.04911716
   0.28717964  0.24749538  0.45087774
   0.28717964  0.74749538  0.95087774
