   0.25201648  0.24633211  0.10331319
   0.23736460  0.27382020  0.21921086
   0.25201648  0.74633211  0.60331320
   0.23736460  0.77382023  0.71921082
   0.74513800  0.75185128  0.89693642
   0.73695396  0.72799542  0.78081151
   0.74513800  0.25185128  0.39693645
   0.73695396  0.22799544  0.28081145
   0.74523685  0.75087569  0.10311223
   0.73637096  0.72799018  0.21915951
   0.74523685  0.25087572  0.60311225
   0.73637096  0.22799017  0.71915954
   0.25207079  0.24719419  0.89663398
   0.23670592  0.27383195  0.78082127
   0.25207079  0.74719422  0.39663401
   0.23670592  0.77383192  0.28082130
   0.25197890  0.24495430  0.00019482
   0.25197890  0.74495430  0.50019482
   0.74077780  0.76171946  0.99979710
   0.74077780  0.26171946  0.49979704
   0.29387625  0.25057123  0.34806046
   0.29387625  0.75057123  0.84806049
   0.79524973  0.74973687  0.34766053
   0.79524973  0.24973687  0.84766053
   0.79534645  0.74902733  0.65237265
   0.79534645  0.24902735  0.15237267
   0.79413292  0.75312976  0.45064502
   0.79413292  0.25312976  0.95064499
   0.29394406  0.24991515  0.65191964
   0.29394406  0.74991515  0.15191964
   0.79386357  0.75303531  0.54935684
   0.79386357  0.25303531  0.04935684
   0.60159048  0.54880118  0.05473059
   0.32676819  0.32223072  0.40282363
   0.52638658  0.47218176  0.13731183
   0.29189254  0.18793597  0.30417770
   0.50270832  0.49612055  0.25127476
   0.01222165  0.96391452  0.03899243
   0.10525110  0.05444290  0.15025745
   0.60159048  0.04880118  0.55473057
   0.32676819  0.82223072  0.90282363
   0.52638658  0.97218179  0.63731182
   0.29189254  0.68793594  0.80417770
   0.50270832  0.99612058  0.75127479
   0.01222165  0.46391455  0.53899242
   0.10525110  0.55444295  0.65025748
   0.10181870  0.44484789  0.94555467
   0.81970618  0.67975356  0.59694177
   0.02577058  0.52585069  0.86256384
   0.79097573  0.81144669  0.69612383
   0.00271217  0.50482598  0.74873889
   0.51648672  0.03903182  0.96121499
   0.60548445  0.94600543  0.84948698
   0.10181870  0.94484792  0.44555464
   0.81970618  0.17975356  0.09694179
   0.02577058  0.02585071  0.36256384
   0.79097573  0.31144669  0.19612383
   0.00271217  0.00482601  0.24873891
   0.51648672  0.53903184  0.46121496
   0.60548445  0.44600549  0.34948701
   0.10229682  0.44437199  0.05428037
   0.81856502  0.68032578  0.40303479
   0.02579418  0.52522567  0.13748852
   0.79198637  0.81188926  0.30388455
   0.00271951  0.50478982  0.25123008
   0.51601909  0.03940127  0.03894020
   0.60570026  0.94516150  0.15050142
   0.10229682  0.94437196  0.55428042
   0.81856502  0.18032579  0.90303482
   0.02579418  0.02522564  0.63748849
   0.79198637  0.31188929  0.80388452
   0.00271951  0.00478983  0.75123008
   0.51601909  0.53940128  0.53894018
   0.60570026  0.44516150  0.65050145
   0.60206081  0.54964741  0.94544386
   0.32632331  0.32187469  0.59720001
   0.52624778  0.47293093  0.86264172
   0.29290717  0.18751941  0.69582611
   0.50272823  0.49614678  0.74875823
   0.01164070  0.96329125  0.96081215
   0.10510564  0.05513093  0.84977331
   0.60206081  0.04964737  0.44544392
   0.32632331  0.82187469  0.09720003
   0.52624778  0.97293090  0.36264169
   0.29290717  0.68751941  0.19582606
   0.50272823  0.99614678  0.24875820
   0.01164070  0.46329128  0.46081215
   0.10510564  0.55513095  0.34977337
   0.32471484  0.16329199  0.50001254
   0.32471484  0.66329205  1.00001257
   0.82038140  0.83474559  0.49999032
   0.82038140  0.33474565 -0.00000968
   0.28714415  0.24745794  0.54926533
   0.28714415  0.74745793  0.04926532
   0.28686377  0.24742756  0.45071699
   0.28686377  0.74742756  0.95071699
