   0.25195739  0.24649334  0.10321939
   0.23701002  0.27410241  0.21918819
   0.25195739  0.74649334  0.60321941
   0.23701002  0.77410244  0.71918815
   0.74505792  0.75172242  0.89703514
   0.73663118  0.72792560  0.78083102
   0.74505792  0.25172242  0.39703517
   0.73663118  0.22792561  0.28083096
   0.74515191  0.75089106  0.10299216
   0.73614910  0.72791619  0.21914581
   0.74515191  0.25089109  0.60299218
   0.73614910  0.22791617  0.71914584
   0.25200437  0.24723141  0.89674884
   0.23649687  0.27411399  0.78083802
   0.25200437  0.74723144  0.39674887
   0.23649687  0.77411396  0.28083805
   0.25213603  0.24490035  0.00011614
   0.25213603  0.74490035  0.50011614
   0.74097902  0.76190403  0.99987749
   0.74097902  0.26190403  0.49987743
   0.29384292  0.25053709  0.34816719
   0.29384292  0.75053709  0.84816722
   0.79523012  0.74964935  0.34776474
   0.79523012  0.24964935  0.84776474
   0.79531625  0.74903464  0.65226301
   0.79531625  0.24903465  0.15226303
   0.79414280  0.75319005  0.45069575
   0.79414280  0.25319005  0.95069572
   0.29393764  0.24997042  0.65181171
   0.29393764  0.74997042  0.15181171
   0.79400173  0.75301864  0.54930497
   0.79400173  0.25301864  0.04930497
   0.60115654  0.54830568  0.05466064
   0.32679828  0.32233523  0.40290138
   0.52631028  0.47213380  0.13719107
   0.29195253  0.18771956  0.30429886
   0.50253218  0.49611277  0.25124793
   0.01278286  0.96425887  0.03895932
   0.10531526  0.05453913  0.15014640
   0.60115654  0.04830569  0.55466062
   0.32679828  0.82233523  0.90290138
   0.52631028  0.97213383  0.63719106
   0.29195253  0.68771954  0.80429886
   0.50253218  0.99611280  0.75124796
   0.01278286  0.46425890  0.53895931
   0.10531526  0.55453919  0.65014643
   0.10152680  0.44528919  0.94562767
   0.81954554  0.67960823  0.59687347
   0.02573045  0.52581954  0.86269463
   0.79110954  0.81171162  0.69600164
   0.00251528  0.50499533  0.74876933
   0.51701971  0.03852156  0.96127621
   0.60559700  0.94579561  0.84958841
   0.10152680  0.94528922  0.44562764
   0.81954554  0.17960823  0.09687348
   0.02573045  0.02581956  0.36269463
   0.79110954  0.31171162  0.19600164
   0.00251528  0.00499536  0.24876935
   0.51701971  0.53852158  0.46127618
   0.60559700  0.44579567  0.34958844
   0.10181906  0.44491353  0.05427368
   0.81865156  0.68015578  0.40311338
   0.02575631  0.52529160  0.13734917
   0.79195882  0.81212311  0.30400634
   0.00253218  0.50497042  0.25120753
   0.51679827  0.03861052  0.03881884
   0.60578184  0.94509588  0.15038747
   0.10181906  0.94491350  0.55427373
   0.81865156  0.18015579  0.90311341
   0.02575631  0.02529157  0.63734914
   0.79195882  0.31212314  0.80400631
   0.00253218  0.00497042  0.75120753
   0.51679827  0.53861053  0.53881882
   0.60578184  0.44509588  0.65038750
   0.60147427  0.54899293  0.94544608
   0.32646322  0.32196062  0.59711309
   0.52616769  0.47276457  0.86277076
   0.29285458  0.18733012  0.69570327
   0.50255088  0.49612895  0.74877905
   0.01238109  0.96394883  0.96091283
   0.10513780  0.05509288  0.84989533
   0.60147427  0.04899289  0.44544614
   0.32646322  0.82196062  0.09711310
   0.52616769  0.97276454  0.36277073
   0.29285458  0.68733012  0.19570322
   0.50255088  0.99612895  0.24877902
   0.01238109  0.46394886  0.46091283
   0.10513780  0.55509290  0.34989538
   0.32495022  0.16330256  0.50000596
   0.32495022  0.66330262  1.00000599
   0.82063388  0.83468263  0.49999334
   0.82063388  0.33468269 -0.00000666
   0.28717051  0.24740414  0.54920973
   0.28717051  0.74740412  0.04920972
   0.28698000  0.24748365  0.45077751
   0.28698000  0.74748365  0.95077751
