   0.25200074  0.24670014  0.10310402
   0.23627489  0.27449096  0.21916073
   0.25200074  0.74670014  0.60310403
   0.23627489  0.77449099  0.71916069
   0.74505332  0.75151379  0.89715132
   0.73593823  0.72784034  0.78085311
   0.74505332  0.25151379  0.39715135
   0.73593823  0.22784035  0.28085305
   0.74514772  0.75090572  0.10285614
   0.73556222  0.72784934  0.21912968
   0.74514772  0.25090575  0.60285616
   0.73556222  0.22784932  0.71912971
   0.25201835  0.24723074  0.89688315
   0.23592038  0.27448122  0.78085904
   0.25201835  0.74723077  0.39688318
   0.23592038  0.77448119  0.28085907
   0.25232025  0.24474985  0.00004555
   0.25232025  0.74474985  0.50004555
   0.74121677  0.76207648  0.99994947
   0.74121677  0.26207648  0.49994941
   0.29388442  0.25048067  0.34832207
   0.29388442  0.75048067  0.84832210
   0.79529538  0.74954670  0.34791225
   0.79529538  0.24954670  0.84791225
   0.79537016  0.74906515  0.65211059
   0.79537016  0.24906517  0.15211060
   0.79417080  0.75323914  0.45076046
   0.79417080  0.25323914  0.95076043
   0.29400087  0.25003036  0.65166061
   0.29400087  0.75003036  0.15166061
   0.79414676  0.75301647  0.54923948
   0.79414676  0.25301647  0.04923947
   0.60070835  0.54769573  0.05459190
   0.32685124  0.32242117  0.40300500
   0.52632902  0.47212644  0.13702459
   0.29215863  0.18728404  0.30445986
   0.50210908  0.49605001  0.25121589
   0.01341362  0.96469956  0.03890833
   0.10541170  0.05461061  0.15000058
   0.60070835  0.04769573  0.55459188
   0.32685124  0.82242117  0.90300500
   0.52632902  0.97212647  0.63702457
   0.29215863  0.68728401  0.80445986
   0.50210908  0.99605004  0.75121592
   0.01341362  0.46469959  0.53890832
   0.10541170  0.55461066  0.65000061
   0.10115201  0.44578343  0.94569931
   0.81941586  0.67945983  0.59677253
   0.02578431  0.52573351  0.86287148
   0.79144997  0.81223053  0.69583394
   0.00206666  0.50529033  0.74880433
   0.51766504  0.03795110  0.96134544
   0.60574369  0.94559594  0.84972108
   0.10115201  0.94578346  0.44569928
   0.81941586  0.17945983  0.09677255
   0.02578431  0.02573353  0.36287148
   0.79144997  0.31223053  0.19583394
   0.00206666  0.00529036  0.24880435
   0.51766504  0.53795112  0.46134541
   0.60574369  0.44559600  0.34972111
   0.10126710  0.44550461  0.05425874
   0.81886892  0.67991939  0.40322269
   0.02583814  0.52531059  0.13715790
   0.79206267  0.81257656  0.30417097
   0.00209050  0.50527706  0.25118073
   0.51763191  0.03781891  0.03869386
   0.60591264  0.94502914  0.15025374
   0.10126710  0.94550458  0.55425878
   0.81886892  0.17991941  0.90322272
   0.02583814  0.02531057  0.63715787
   0.79206267  0.31257659  0.80417094
   0.00209050  0.00527707  0.75118073
   0.51763191  0.53781892  0.53869384
   0.60591264  0.44502914  0.65025377
   0.60087652  0.54819984  0.94545659
   0.32667793  0.32207963  0.59700227
   0.52621032  0.47262397  0.86294822
   0.29289275  0.18695581  0.69553616
   0.50212707  0.49605989  0.74880512
   0.01320767  0.96467495  0.96103317
   0.10524270  0.05505521  0.85003679
   0.60087652  0.04819979  0.44545665
   0.32667793  0.82207963  0.09700228
   0.52621032  0.97262394  0.36294819
   0.29289275  0.68695581  0.19553612
   0.50212707  0.99605989  0.24880509
   0.01320767  0.46467498  0.46103317
   0.10524270  0.55505523  0.35003685
   0.32522788  0.16328107  0.50000104
   0.32522788  0.66328113  1.00000107
   0.82091979  0.83464468  0.49999718
   0.82091979  0.33464474 -0.00000282
   0.28722886  0.24733191  0.54913745
   0.28722886  0.74733189  0.04913744
   0.28713587  0.24750729  0.45085538
   0.28713587  0.74750729  0.95085538
