   0.25204860  0.24626615  0.10334709
   0.23747000  0.27372217  0.21921979
   0.25204860  0.74626615  0.60334711
   0.23747000  0.77372220  0.71921975
   0.74517676  0.75190020  0.89690005
   0.73705379  0.72801697  0.78080253
   0.74517676  0.25190020  0.39690008
   0.73705379  0.22801698  0.28080247
   0.74527657  0.75086875  0.10315781
   0.73642079  0.72801445  0.21916466
   0.74527657  0.25086878  0.60315783
   0.73642079  0.22801444  0.71916469
   0.25209851  0.24716997  0.89659182
   0.23675620  0.27372762  0.78081386
   0.25209851  0.74716999  0.39659185
   0.23675620  0.77372759  0.28081389
   0.25192580  0.24497016  0.00023026
   0.25192580  0.74497016  0.50023026
   0.74068532  0.76163596  0.99976157
   0.74068532  0.26163596  0.49976151
   0.29389308  0.25057958  0.34800974
   0.29389308  0.75057958  0.84800976
   0.79526258  0.74977676  0.34761410
   0.79526258  0.24977676  0.84761410
   0.79536523  0.74902624  0.65242056
   0.79536523  0.24902625  0.15242057
   0.79413268  0.75311277  0.45062347
   0.79413268  0.25311277  0.95062344
   0.29395213  0.24989260  0.65196554
   0.29395213  0.74989260  0.15196554
   0.79380337  0.75306064  0.54937864
   0.79380337  0.25306064  0.04937864
   0.60178310  0.54896881  0.05475965
   0.32675724  0.32218589  0.40279466
   0.52643225  0.47220768  0.13735774
   0.29188097  0.18800839  0.30414324
   0.50275837  0.49612117  0.25128599
   0.01199533  0.96379514  0.03900280
   0.10522416  0.05439977  0.15030046
   0.60178310  0.04896882  0.55475963
   0.32675724  0.82218589  0.90279466
   0.52643225  0.97220771  0.63735773
   0.29188097  0.68800836  0.80414324
   0.50275837  0.99612120  0.75128602
   0.01199533  0.46379517  0.53900279
   0.10522416  0.55439982  0.65030049
   0.10191007  0.44468041  0.94552521
   0.81977540  0.67980993  0.59696684
   0.02579953  0.52586072  0.86251439
   0.79094359  0.81135670  0.69615977
   0.00276854  0.50476851  0.74872788
   0.51630046  0.03924411  0.96119209
   0.60543830  0.94608804  0.84944687
   0.10191007  0.94468044  0.44552518
   0.81977540  0.17980993  0.09696686
   0.02579953  0.02586074  0.36251439
   0.79094359  0.31135670  0.19615977
   0.00276854  0.00476854  0.24872789
   0.51630046  0.53924414  0.46119206
   0.60543830  0.44608810  0.34944690
   0.10247517  0.44415092  0.05428133
   0.81854020  0.68038544  0.40300785
   0.02582369  0.52519099  0.13754151
   0.79200992  0.81181355  0.30384551
   0.00277342  0.50472564  0.25123942
   0.51572057  0.03975070  0.03898849
   0.60567316  0.94519292  0.15054763
   0.10247517  0.94415089  0.55428137
   0.81854020  0.18038546  0.90300788
   0.02582369  0.02519096  0.63754148
   0.79200992  0.31181358  0.80384548
   0.00277342  0.00472564  0.75123942
   0.51572057  0.53975071  0.53898846
   0.60567316  0.44519292  0.65054766
   0.60230970  0.54988099  0.94544447
   0.32627604  0.32184556  0.59723468
   0.52629166  0.47300261  0.86259324
   0.29293823  0.18758333  0.69586469
   0.50277932  0.49614906  0.74875080
   0.01134312  0.96303443  0.96077449
   0.10510535  0.05514256  0.84972350
   0.60230970  0.04988094  0.44544453
   0.32627604  0.82184556  0.09723469
   0.52629166  0.97300258  0.36259321
   0.29293823  0.68758333  0.19586464
   0.50277932  0.99614906  0.24875077
   0.01134312  0.46303446  0.46077449
   0.10510535  0.55514258  0.34972356
   0.32463659  0.16327919  0.50001495
   0.32463659  0.66327925  1.00001498
   0.82028086  0.83477596  0.49998935
   0.82028086  0.33477602 -0.00001065
   0.28713092  0.24746990  0.54928570
   0.28713092  0.74746988  0.04928569
   0.28680307  0.24738984  0.45069322
   0.28680307  0.74738984  0.95069322
