   0.25205447  0.24676580  0.10305651
   0.23585269  0.27464750  0.21914864
   0.25205447  0.74676580  0.60305652
   0.23585269  0.77464753  0.71914860
   0.74509176  0.75143574  0.89719792
   0.73553066  0.72781171  0.78086298
   0.74509176  0.25143574  0.39719795
   0.73553066  0.22781172  0.28086292
   0.74518494  0.75091741  0.10280475
   0.73519847  0.72783246  0.21912227
   0.74518494  0.25091744  0.60280477
   0.73519847  0.22783244  0.71912230
   0.25205945  0.24721213  0.89693524
   0.23555486  0.27462534  0.78086858
   0.25205945  0.74721216  0.39693527
   0.23555486  0.77462531  0.28086861
   0.25239679  0.24467412  0.00002848
   0.25239679  0.74467412  0.50002848
   0.74131187  0.76211360  0.99996733
   0.74131187  0.26211360  0.49996727
   0.29393698  0.25045718  0.34838791
   0.29393698  0.75045718  0.84838794
   0.79535945  0.74951090  0.34797476
   0.79535945  0.24951090  0.84797476
   0.79542968  0.74907825  0.65204487
   0.79542968  0.24907827  0.15204488
   0.79421237  0.75323604  0.45078541
   0.79421237  0.25323604  0.95078538
   0.29405727  0.25005576  0.65159436
   0.29405727  0.75005576  0.15159436
   0.79420698  0.75301754  0.54921477
   0.79420698  0.25301754  0.04921476
   0.60056236  0.54752941  0.05457157
   0.32688772  0.32243866  0.40304077
   0.52639054  0.47213184  0.13696268
   0.29228663  0.18708103  0.30452109
   0.50185892  0.49601752  0.25120279
   0.01363647  0.96483269  0.03888643
   0.10546734  0.05462866  0.14994727
   0.60056236  0.04752942  0.55457154
   0.32688772  0.82243866  0.90304077
   0.52639054  0.97213187  0.63696267
   0.29228663  0.68708100  0.80452109
   0.50185892  0.99601755  0.75120282
   0.01363647  0.46483272  0.53888642
   0.10546734  0.55462871  0.64994730
   0.10105260  0.44595422  0.94572042
   0.81940563  0.67940218  0.59674046
   0.02585473  0.52569287  0.86293708
   0.79163496  0.81247492  0.69577136
   0.00180813  0.50542051  0.74881749
   0.51786692  0.03774651  0.96137010
   0.60582185  0.94554339  0.84977013
   0.10105260  0.94595425  0.44572039
   0.81940563  0.17940218  0.09674047
   0.02585473  0.02569289  0.36293708
   0.79163496  0.31247492  0.19577136
   0.00180813  0.00542054  0.24881751
   0.51786692  0.53774653  0.46137007
   0.60582185  0.44554345  0.34977016
   0.10112712  0.44570676  0.05425084
   0.81897812  0.67981491  0.40325688
   0.02591610  0.52530459  0.13708673
   0.79215070  0.81278482  0.30423287
   0.00183315  0.50541078  0.25116981
   0.51786862  0.03758146  0.03865536
   0.60598940  0.94502255  0.15020764
   0.10112712  0.94570673  0.55425088
   0.81897812  0.17981492  0.90325691
   0.02591610  0.02530456  0.63708670
   0.79215070  0.31278485  0.80423284
   0.00183315  0.00541078  0.75116981
   0.51786862  0.53758147  0.53865533
   0.60598940  0.44502255  0.65020767
   0.60069175  0.54796753  0.94546281
   0.32676988  0.32212531  0.59696458
   0.52628274  0.47258464  0.86301438
   0.29294273  0.18678196  0.69547535
   0.50187636  0.49602505  0.74881559
   0.01348816  0.96487185  0.96107406
   0.10531237  0.05503590  0.85008513
   0.60069175  0.04796749  0.44546287
   0.32676988  0.82212531  0.09696460
   0.52628274  0.97258461  0.36301435
   0.29294273  0.68678196  0.19547531
   0.50187636  0.99602505  0.24881556
   0.01348816  0.46487188  0.46107406
   0.10531237  0.55503592  0.35008519
   0.32532669  0.16326517  0.50000009
   0.32532669  0.66326523  1.00000012
   0.82100824  0.83463615  0.49999788
   0.82100824  0.33463621 -0.00000212
   0.28726601  0.24730560  0.54910953
   0.28726601  0.74730559  0.04910952
   0.28719806  0.24748892  0.45088598
   0.28719806  0.74748892  0.95088598
