   0.25199464  0.24638587  0.10328336
   0.23727004  0.27389454  0.21920584
   0.25199464  0.74638587  0.60328337
   0.23727004  0.77389457  0.71920579
   0.74510526  0.75180894  0.89696802
   0.73687014  0.72799425  0.78081467
   0.74510526  0.25180894  0.39696805
   0.73687014  0.22799426  0.28081461
   0.74520381  0.75087631  0.10307262
   0.73632358  0.72798056  0.21915761
   0.74520381  0.25087634  0.60307264
   0.73632358  0.22798054  0.71915764
   0.25204811  0.24721332  0.89667105
   0.23666284  0.27390488  0.78082318
   0.25204811  0.74721335  0.39667108
   0.23666284  0.77390485  0.28082321
   0.25203780  0.24494638  0.00016713
   0.25203780  0.74494638  0.50016713
   0.74084990  0.76178223  0.99982652
   0.74084990  0.26178223  0.49982646
   0.29386145  0.25056909  0.34809958
   0.29386145  0.75056909  0.84809961
   0.79523751  0.74969593  0.34769911
   0.79523751  0.24969593  0.84769911
   0.79533156  0.74902237  0.65233258
   0.79533156  0.24902238  0.15233260
   0.79412622  0.75315273  0.45066353
   0.79412622  0.25315273  0.95066350
   0.29393838  0.24994229  0.65187984
   0.29393838  0.74994229  0.15187984
   0.79390970  0.75303096  0.54933912
   0.79390970  0.25303096  0.04933912
   0.60146454  0.54859745  0.05470377
   0.32677731  0.32226957  0.40285180
   0.52635145  0.47216621  0.13726973
   0.29190132  0.18787315  0.30421338
   0.50266002  0.49612149  0.25126613
   0.01239365  0.96405254  0.03898190
   0.10527261  0.05448891  0.15021816
   0.60146454  0.04859745  0.55470375
   0.32677731  0.82226957  0.90285180
   0.52635145  0.97216624  0.63726971
   0.29190132  0.68787312  0.80421338
   0.50266002  0.99612152  0.75126616
   0.01239365  0.46405257  0.53898189
   0.10527261  0.55448896  0.65021819
   0.10169566  0.44498118  0.94558177
   0.81964282  0.67971538  0.59691209
   0.02574380  0.52583631  0.86261013
   0.79100569  0.81152042  0.69608640
   0.00265610  0.50487845  0.74874971
   0.51669594  0.03887678  0.96123541
   0.60552597  0.94592203  0.84952398
   0.10169566  0.94498121  0.44558174
   0.81964282  0.17971538  0.09691211
   0.02574380  0.02583633  0.36261013
   0.79100569  0.31152042  0.19608640
   0.00265610  0.00487848  0.24874972
   0.51669594  0.53887680  0.46123538
   0.60552597  0.44592209  0.34952401
   0.10210018  0.44454218  0.05427735
   0.81857982  0.68028459  0.40306867
   0.02576801  0.52524745  0.13744039
   0.79196274  0.81195706  0.30392092
   0.00266770  0.50484630  0.25122307
   0.51631815  0.03914024  0.03889646
   0.60572774  0.94513208  0.15045937
   0.10210018  0.94454215  0.55427739
   0.81857982  0.18028461  0.90306870
   0.02576801  0.02524742  0.63744036
   0.79196274  0.31195709  0.80392089
   0.00266770  0.00484630  0.75122307
   0.51631815  0.53914025  0.53889643
   0.60572774  0.44513208  0.65045940
   0.60187535  0.54938412  0.94544474
   0.32636434  0.32190278  0.59716891
   0.52621144  0.47287193  0.86268721
   0.29287855  0.18746732  0.69578869
   0.50267925  0.49614540  0.74876554
   0.01187739  0.96354474  0.96084649
   0.10511186  0.05512605  0.84981909
   0.60187535  0.04938407  0.44544480
   0.32636434  0.82190278  0.09716892
   0.52621144  0.97287190  0.36268718
   0.29287855  0.68746732  0.19578865
   0.50267925  0.99614540  0.24876551
   0.01187739  0.46354477  0.46084649
   0.10511186  0.55512607  0.34981915
   0.32479469  0.16329651  0.50000954
   0.32479469  0.66329657  1.00000957
   0.82046838  0.83471087  0.49999092
   0.82046838  0.33471093 -0.00000908
   0.28715288  0.24744341  0.54924706
   0.28715288  0.74744340  0.04924705
   0.28690340  0.24745627  0.45073738
   0.28690340  0.74745627  0.95073738
