   0.25196447  0.24658119  0.10317906
   0.23677917  0.27424110  0.21917775
   0.25196447  0.74658119  0.60317908
   0.23677917  0.77424113  0.71917770
   0.74504444  0.75163795  0.89707658
   0.73641809  0.72790409  0.78083888
   0.74504444  0.25163795  0.39707661
   0.73641809  0.22790411  0.28083882
   0.74514057  0.75089091  0.10294151
   0.73597919  0.72789734  0.21913975
   0.74514057  0.25089094  0.60294153
   0.73597919  0.22789732  0.71913978
   0.25200264  0.24723935  0.89679799
   0.23633197  0.27424565  0.78084522
   0.25200264  0.74723938  0.39679802
   0.23633197  0.77424562  0.28084525
   0.25221945  0.24484097  0.00008354
   0.25221945  0.74484097  0.50008354
   0.74108868  0.76199532  0.99991088
   0.74108868  0.26199532  0.49991082
   0.29384070  0.25052628  0.34823014
   0.29384070  0.75052628  0.84823017
   0.79523711  0.74959416  0.34782372
   0.79523711  0.24959416  0.84782372
   0.79531976  0.74904020  0.65220256
   0.79531976  0.24904021  0.15220258
   0.79413568  0.75322109  0.45071622
   0.79413568  0.25322109  0.95071619
   0.29394472  0.25000388  0.65175304
   0.29394472  0.75000388  0.15175304
   0.79405993  0.75301784  0.54928459
   0.79405993  0.25301784  0.04928459
   0.60099806  0.54799513  0.05462716
   0.32681129  0.32237447  0.40294599
   0.52628737  0.47213180  0.13712458
   0.29200713  0.18758769  0.30436953
   0.50240470  0.49609462  0.25123625
   0.01301068  0.96447230  0.03893984
   0.10536080  0.05458708  0.15008818
   0.60099806  0.04799514  0.55462713
   0.32681129  0.82237447  0.90294599
   0.52628737  0.97213183  0.63712457
   0.29200713  0.68758766  0.80436953
   0.50240470  0.99609465  0.75123628
   0.01301068  0.46447233  0.53893984
   0.10536080  0.55458714  0.65008821
   0.10132745  0.44546906  0.94566211
   0.81947036  0.67956566  0.59682156
   0.02572541  0.52578466  0.86276503
   0.79121130  0.81187086  0.69592681
   0.00237795  0.50510127  0.74878332
   0.51731941  0.03831989  0.96130490
   0.60565699  0.94569079  0.84964138
   0.10132745  0.94546909  0.44566208
   0.81947036  0.17956566  0.09682158
   0.02572541  0.02578468  0.36276503
   0.79121130  0.31187086  0.19592681
   0.00237795  0.00510130  0.24878333
   0.51731941  0.53831991  0.46130487
   0.60565699  0.44569085  0.34964141
   0.10153509  0.44513382  0.05426528
   0.81871472  0.68008428  0.40316891
   0.02576588  0.52530857  0.13727333
   0.79197273  0.81226187  0.30407963
   0.00239857  0.50508160  0.25119810
   0.51718909  0.03829837  0.03876440
   0.60582931  0.94504678  0.15033192
   0.10153509  0.94513379  0.55426532
   0.81871472  0.18008429  0.90316894
   0.02576588  0.02530854  0.63727330
   0.79197273  0.31226190  0.80407960
   0.00239857  0.00508161  0.75119810
   0.51718909  0.53829838  0.53876438
   0.60582931  0.44504678  0.65033195
   0.60124615  0.54860900  0.94545257
   0.32653902  0.32200511  0.59706558
   0.52615590  0.47270130  0.86284136
   0.29284976  0.18722447  0.69562629
   0.50242279  0.49611010  0.74878924
   0.01269114  0.96429624  0.96096275
   0.10517585  0.05509393  0.84995418
   0.60124615  0.04860896  0.44545263
   0.32653902  0.82200511  0.09706560
   0.52615590  0.97270127  0.36284133
   0.29284976  0.68722447  0.19562624
   0.50242279  0.99611010  0.24878921
   0.01269114  0.46429627  0.46096275
   0.10517585  0.55509395  0.34995424
   0.32505916  0.16329623  0.50000337
   0.32505916  0.66329629  1.00000340
   0.82074959  0.83465406  0.49999510
   0.82074959  0.33465412 -0.00000490
   0.28718560  0.24736576  0.54917975
   0.28718560  0.74736574  0.04917974
   0.28704388  0.24750574  0.45081007
   0.28704388  0.74750574  0.95081007
