   0.25210085  0.24679150  0.10303107
   0.23557862  0.27472707  0.21914535
   0.25210085  0.74679150  0.60303109
   0.23557862  0.77472710  0.71914531
   0.74512075  0.75139798  0.89722271
   0.73526175  0.72780591  0.78086498
   0.74512075  0.25139798  0.39722274
   0.73526175  0.22780592  0.28086492
   0.74521268  0.75092873  0.10277799
   0.73495494  0.72783503  0.21912164
   0.74521268  0.25092876  0.60277801
   0.73495494  0.22783502  0.71912167
   0.25209892  0.24719332  0.89696262
   0.23531150  0.27469726  0.78087028
   0.25209892  0.74719335  0.39696265
   0.23531150  0.77469723  0.28087031
   0.25244294  0.24463287  0.00002110
   0.25244294  0.74463287  0.50002110
   0.74135848  0.76212693  0.99997523
   0.74135848  0.26212693  0.49997517
   0.29397563  0.25045530  0.34842363
   0.29397563  0.75045530  0.84842366
   0.79540209  0.74948217  0.34800811
   0.79540209  0.24948217  0.84800811
   0.79547037  0.74907465  0.65200956
   0.79547037  0.24907467  0.15200957
   0.79423213  0.75323341  0.45079546
   0.79423213  0.25323341  0.95079543
   0.29409593  0.25007964  0.65155851
   0.29409593  0.75007964  0.15155851
   0.79423305  0.75302171  0.54920489
   0.79423305  0.25302171  0.04920488
   0.60051089  0.54740609  0.05455969
   0.32691986  0.32244835  0.40306192
   0.52643841  0.47213599  0.13692666
   0.29237457  0.18694858  0.30455071
   0.50167831  0.49599430  0.25119466
   0.01374609  0.96492887  0.03887384
   0.10551079  0.05463900  0.14991708
   0.60051089  0.04740610  0.55455967
   0.32691986  0.82244835  0.90306192
   0.52643841  0.97213602  0.63692665
   0.29237457  0.68694856  0.80455071
   0.50167831  0.99599433  0.75119469
   0.01374609  0.46492890  0.53887384
   0.10551079  0.55463905  0.64991711
   0.10097523  0.44602813  0.94573203
   0.81941038  0.67937443  0.59671918
   0.02590805  0.52566873  0.86297533
   0.79175565  0.81263501  0.69574189
   0.00162279  0.50550610  0.74882557
   0.51800842  0.03765149  0.96138322
   0.60587729  0.94551417  0.84979807
   0.10097523  0.94602816  0.44573200
   0.81941038  0.17937443  0.09671920
   0.02590805  0.02566876  0.36297533
   0.79175565  0.31263501  0.19574189
   0.00162279  0.00550613  0.24882558
   0.51800842  0.53765151  0.46138319
   0.60587729  0.44551423  0.34979810
   0.10102998  0.44579906  0.05424557
   0.81904710  0.67975727  0.40327910
   0.02597388  0.52530099  0.13704521
   0.79221189  0.81292186  0.30426212
   0.00164805  0.50549845  0.25116295
   0.51802393  0.03747648  0.03863576
   0.60604388  0.94502058  0.15018189
   0.10102998  0.94579903  0.55424561
   0.81904710  0.17975728  0.90327913
   0.02597388  0.02530096  0.63704518
   0.79221189  0.31292189  0.80426209
   0.00164805  0.00549846  0.75116295
   0.51802393  0.53747648  0.53863573
   0.60604388  0.44502058  0.65018192
   0.60062024  0.54780572  0.94546787
   0.32683227  0.32215426  0.59694247
   0.52633746  0.47256262  0.86305302
   0.29297957  0.18666757  0.69544645
   0.50169563  0.49600046  0.74882201
   0.01362881  0.96499506  0.96109629
   0.10536591  0.05502474  0.85011198
   0.60062024  0.04780568  0.44546793
   0.32683227  0.82215426  0.09694248
   0.52633746  0.97256259  0.36305299
   0.29297957  0.68666757  0.19544640
   0.50169563  0.99600046  0.24882198
   0.01362881  0.46499509  0.46109629
   0.10536591  0.55502477  0.35011204
   0.32538931  0.16324853  0.49999974
   0.32538931  0.66324859  0.99999976
   0.82105738  0.83462955  0.49999826
   0.82105738  0.33462961 -0.00000174
   0.28729172  0.24729688  0.54909578
   0.28729172  0.74729687  0.04909577
   0.28723533  0.24747700  0.45090050
   0.28723533  0.74747700  0.95090050
