   0.25201528  0.24632349  0.10331632
   0.23737485  0.27381183  0.21921276
   0.25201528  0.74632349  0.60331634
   0.23737485  0.77381186  0.71921272
   0.74513413  0.75185903  0.89693274
   0.73696374  0.72799726  0.78080943
   0.74513413  0.25185903  0.39693277
   0.73696374  0.22799727  0.28080937
   0.74523460  0.75087691  0.10311662
   0.73637528  0.72799063  0.21916097
   0.74523460  0.25087694  0.60311665
   0.73637528  0.22799061  0.71916100
   0.25206825  0.24718797  0.89662967
   0.23671039  0.27382111  0.78081936
   0.25206825  0.74718800  0.39662970
   0.23671039  0.77382108  0.28081939
   0.25196846  0.24495645  0.00019813
   0.25196846  0.74495645  0.50019813
   0.74076478  0.76171108  0.99979298
   0.74076478  0.26171108  0.49979292
   0.29387978  0.25058160  0.34806286
   0.29387978  0.75058160  0.84806289
   0.79525299  0.74973208  0.34766312
   0.79525299  0.24973208  0.84766312
   0.79534936  0.74902329  0.65237426
   0.79534936  0.24902331  0.15237428
   0.79413297  0.75312747  0.45064267
   0.79413297  0.25312747  0.95064264
   0.29394552  0.24991661  0.65192102
   0.29394552  0.74991661  0.15192102
   0.79385559  0.75303670  0.54935794
   0.79385559  0.25303670  0.04935794
   0.60161274  0.54882169  0.05473454
   0.32677015  0.32222861  0.40281992
   0.52639377  0.47218411  0.13731764
   0.29189152  0.18792989  0.30416594
   0.50271420  0.49611984  0.25127599
   0.01219693  0.96390174  0.03899388
   0.10524702  0.05443521  0.15026258
   0.60161274  0.04882170  0.55473452
   0.32677015  0.82222861  0.90281992
   0.52639377  0.97218414  0.63731763
   0.29189152  0.68792986  0.80416594
   0.50271420  0.99611987  0.75127602
   0.01219693  0.46390177  0.53899387
   0.10524702  0.55443526  0.65026261
   0.10183030  0.44482675  0.94555101
   0.81971543  0.67975631  0.59694591
   0.02577592  0.52585145  0.86255731
   0.79097283  0.81144462  0.69613141
   0.00271896  0.50481970  0.74873806
   0.51646712  0.03905694  0.96121252
   0.60547971  0.94601916  0.84948198
   0.10183030  0.94482678  0.44555098
   0.81971543  0.17975631  0.09694593
   0.02577592  0.02585147  0.36255731
   0.79097283  0.31144462  0.19613141
   0.00271896  0.00481973  0.24873808
   0.51646712  0.53905696  0.46121249
   0.60547971  0.44601922  0.34948201
   0.10231836  0.44434552  0.05428116
   0.81856508  0.68032918  0.40303124
   0.02579935  0.52522150  0.13749512
   0.79198944  0.81189473  0.30387273
   0.00272604  0.50478344  0.25123110
   0.51598935  0.03944055  0.03894600
   0.60569658  0.94516782  0.15050700
   0.10231836  0.94434549  0.55428120
   0.81856508  0.18032919  0.90303127
   0.02579935  0.02522147  0.63749509
   0.79198944  0.31189476  0.80387270
   0.00272604  0.00478344  0.75123110
   0.51598935  0.53944056  0.53894598
   0.60569658  0.44516782  0.65050703
   0.60209122  0.54967434  0.94544358
   0.32632163  0.32187442  0.59720487
   0.52625567  0.47293861  0.86263533
   0.29291140  0.18751877  0.69583381
   0.50273379  0.49614676  0.74875786
   0.01160805  0.96326315  0.96080797
   0.10510376  0.05513024  0.84976706
   0.60209122  0.04967430  0.44544364
   0.32632163  0.82187442  0.09720489
   0.52625567  0.97293858  0.36263530
   0.29291140  0.68751877  0.19583376
   0.50273379  0.99614676  0.24875783
   0.01160805  0.46326318  0.46080797
   0.10510376  0.55513027  0.34976712
   0.32470732  0.16328899  0.50001333
   0.32470732  0.66328905  1.00001336
   0.82037167  0.83474972  0.49999085
   0.82037167  0.33474978 -0.00000915
   0.28714128  0.24745954  0.54926691
   0.28714128  0.74745952  0.04926690
   0.28685714  0.24742303  0.45071445
   0.28685714  0.74742303  0.95071445
