   0.25282972  0.24577825  0.10389088
   0.23791515  0.27400234  0.21937769
   0.25282972  0.74577825  0.60389089
   0.23791515  0.77400237  0.71937764
   0.74759124  0.75231242  0.89616038
   0.73757680  0.72660806  0.78064228
   0.74759124  0.25231242  0.39616041
   0.73757680  0.22660807  0.28064222
   0.74694110  0.75231135  0.10409252
   0.73541544  0.72797333  0.21924208
   0.74694110  0.25231138  0.60409254
   0.73541544  0.22797331  0.71924211
   0.25180088  0.24553617  0.89585816
   0.23551504  0.27257534  0.78072098
   0.25180088  0.74553620  0.39585819
   0.23551504  0.77257531  0.28072101
   0.24823543  0.24296829  0.00096584
   0.24823543  0.74296829  0.50096584
   0.74021089  0.76094567  0.99902279
   0.74021089  0.26094567  0.49902273
   0.29495955  0.25107167  0.34778607
   0.29495955  0.75107167  0.84778609
   0.79553653  0.75010379  0.34730852
   0.79553653  0.25010379  0.84730852
   0.79592168  0.74914302  0.65270797
   0.79592168  0.24914304  0.15270799
   0.79344660  0.75317533  0.45031648
   0.79344660  0.25317533  0.95031645
   0.29447265  0.25029705  0.65223280
   0.29447265  0.75029705  0.15223280
   0.79196533  0.75383023  0.54980272
   0.79196533  0.25383023  0.04980272
   0.60509683  0.55314408  0.05568096
   0.32470363  0.32236065  0.40251535
   0.52733798  0.47232040  0.13801524
   0.29196897  0.18631066  0.30332367
   0.50260734  0.49527340  0.25137634
   0.00833152  0.96131555  0.03876935
   0.10453016  0.05347583  0.15091832
   0.60509683  0.05314409  0.55568093
   0.32470363  0.82236065  0.90251535
   0.52733798  0.97232043  0.63801522
   0.29196897  0.68631063  0.80332367
   0.50260734  0.99527343  0.75137637
   0.00833152  0.46131558  0.53876934
   0.10453016  0.55347589  0.65091835
   0.10269555  0.44147933  0.94451989
   0.82040467  0.67939543  0.59721877
   0.02638636  0.52639343  0.86185951
   0.79149307  0.81347378  0.69685206
   0.00267561  0.50473581  0.74862631
   0.51334143  0.04345617  0.96114203
   0.60519129  0.94745379  0.84898258
   0.10269555  0.94147936  0.44451986
   0.82040467  0.17939543  0.09721879
   0.02638636  0.02639345  0.36185951
   0.79149307  0.31347378  0.19685206
   0.00267561  0.00473584  0.24862633
   0.51334143  0.54345619  0.46114200
   0.60519129  0.44745385  0.34898261
   0.10730443  0.43863745  0.05429676
   0.82177260  0.67923251  0.40248151
   0.02685916  0.52450856  0.13822931
   0.79376970  0.81403040  0.30343978
   0.00252235  0.50478148  0.25130216
   0.50923649  0.04642366  0.03970313
   0.60637766  0.94541135  0.15152212
   0.10730443  0.93863742  0.55429680
   0.82177260  0.17923253  0.90248154
   0.02685916  0.02450853  0.63822928
   0.79376970  0.31403043  0.80343975
   0.00252235  0.00478149  0.75130216
   0.50923649  0.54642367  0.53970311
   0.60637766  0.44541135  0.65152215
   0.60923611  0.55615045  0.94549082
   0.32673733  0.32263316  0.59787119
   0.52770595  0.47437021  0.86189871
   0.29421441  0.18571537  0.69639706
   0.50247986  0.49531715  0.74872912
   0.00515183  0.95797499  0.96030724
   0.10571855  0.05542634  0.84863212
   0.60923611  0.05615040  0.44549088
   0.32673733  0.82263316  0.09787121
   0.52770595  0.97437018  0.36189868
   0.29421441  0.68571537  0.19639701
   0.50247986  0.99531715  0.24872909
   0.00515183  0.45797502  0.46030724
   0.10571855  0.55542637  0.34863217
   0.32110639  0.16034324  0.50001794
   0.32110639  0.66034330  1.00001797
   0.81802744  0.83730925  0.49991450
   0.81802744  0.33730931 -0.00008550
   0.28783826  0.24686417  0.54956819
   0.28783826  0.74686415  0.04956818
   0.28684273  0.24564944  0.45026973
   0.28684273  0.74564944  0.95026973
