   0.25205831  0.24676481  0.10305558
   0.23583986  0.27464948  0.21914888
   0.25205831  0.74676481  0.60305560
   0.23583986  0.77464951  0.71914883
   0.74509250  0.75143524  0.89719885
   0.73551790  0.72781330  0.78086272
   0.74509250  0.25143524  0.39719888
   0.73551790  0.22781332  0.28086266
   0.74518544  0.75091949  0.10280374
   0.73518697  0.72783458  0.21912263
   0.74518544  0.25091952  0.60280377
   0.73518697  0.22783456  0.71912266
   0.25206294  0.24720901  0.89693630
   0.23554350  0.27462711  0.78086831
   0.25206294  0.74720904  0.39693633
   0.23554350  0.77462708  0.28086834
   0.25240201  0.24467215  0.00002810
   0.25240201  0.74467215  0.50002810
   0.74131287  0.76211435  0.99996776
   0.74131287  0.26211435  0.49996770
   0.29393934  0.25046310  0.34839178
   0.29393934  0.75046310  0.84839181
   0.79536116  0.74950363  0.34797841
   0.79536116  0.24950363  0.84797841
   0.79543135  0.74907164  0.65204089
   0.79543135  0.24907166  0.15204090
   0.79421026  0.75323764  0.45078480
   0.79421026  0.25323764  0.95078477
   0.29405976  0.25006331  0.65159019
   0.29405976  0.75006331  0.15159019
   0.79420522  0.75301944  0.54921546
   0.79420522  0.25301944  0.04921545
   0.60056685  0.54751205  0.05457055
   0.32688919  0.32243980  0.40304227
   0.52639310  0.47213165  0.13696065
   0.29229067  0.18707012  0.30452039
   0.50184793  0.49601618  0.25120225
   0.01363613  0.96484516  0.03888571
   0.10547030  0.05463053  0.14994578
   0.60056685  0.04751206  0.55457052
   0.32688919  0.82243980  0.90304227
   0.52639310  0.97213168  0.63696063
   0.29229067  0.68707009  0.80452039
   0.50184793  0.99601621  0.75120228
   0.01363613  0.46484519  0.53888571
   0.10547030  0.55463059  0.64994581
   0.10103934  0.44595250  0.94572126
   0.81940525  0.67940279  0.59673780
   0.02585699  0.52569147  0.86293924
   0.79164085  0.81248791  0.69577230
   0.00179693  0.50542567  0.74881796
   0.51788259  0.03774749  0.96137076
   0.60582593  0.94554115  0.84977151
   0.10103934  0.94595253  0.44572123
   0.81940525  0.17940279  0.09673782
   0.02585699  0.02569149  0.36293924
   0.79164085  0.31248791  0.19577230
   0.00179693  0.00542570  0.24881798
   0.51788259  0.53774751  0.46137073
   0.60582593  0.44554121  0.34977154
   0.10111250  0.44570599  0.05425037
   0.81898151  0.67981374  0.40325953
   0.02591851  0.52530426  0.13708439
   0.79215322  0.81279620  0.30423211
   0.00182191  0.50541609  0.25116937
   0.51788517  0.03758185  0.03865428
   0.60599411  0.94502246  0.15020640
   0.10111250  0.94570596  0.55425041
   0.81898151  0.17981375  0.90325956
   0.02591851  0.02530423  0.63708436
   0.79215322  0.31279622  0.80423208
   0.00182191  0.00541610  0.75116937
   0.51788517  0.53758186  0.53865426
   0.60599411  0.44502246  0.65020643
   0.60069496  0.54794800  0.94546340
   0.32677320  0.32212763  0.59696297
   0.52628556  0.47258297  0.86301657
   0.29294382  0.18677151  0.69547643
   0.50186539  0.49602352  0.74881597
   0.01348980  0.96488589  0.96107535
   0.10531651  0.05503581  0.85008645
   0.60069496  0.04794796  0.44546346
   0.32677320  0.82212763  0.09696298
   0.52628556  0.97258294  0.36301654
   0.29294382  0.68677151  0.19547638
   0.50186539  0.99602352  0.24881594
   0.01348980  0.46488592  0.46107535
   0.10531651  0.55503583  0.35008651
   0.32533043  0.16326244  0.50000004
   0.32533043  0.66326250  1.00000007
   0.82100993  0.83463431  0.49999789
   0.82100993  0.33463437 -0.00000211
   0.28726948  0.24730564  0.54910931
   0.28726948  0.74730562  0.04910930
   0.28720223  0.24748877  0.45088628
   0.28720223  0.74748877  0.95088628
