   0.25235688  0.24595381  0.10349501
   0.23777142  0.27335547  0.21926302
   0.25235688  0.74595381  0.60349502
   0.23777142  0.77335550  0.71926298
   0.74551814  0.75206183  0.89671548
   0.73729982  0.72806188  0.78076184
   0.74551814  0.25206183  0.39671551
   0.73729982  0.22806190  0.28076178
   0.74563889  0.75098791  0.10338767
   0.73638745  0.72814796  0.21918489
   0.74563889  0.25098794  0.60338769
   0.73638745  0.22814795  0.71918492
   0.25235679  0.24683952  0.89638459
   0.23669765  0.27323880  0.78078788
   0.25235679  0.74683955  0.39638462
   0.23669765  0.77323877  0.28078791
   0.25150191  0.24474067  0.00043270
   0.25150191  0.74474067  0.50043270
   0.74027480  0.76132403  0.99955071
   0.74027480  0.26132403  0.49955065
   0.29407727  0.25063306  0.34783783
   0.29407727  0.75063306  0.84783785
   0.79545640  0.74995450  0.34744590
   0.79545640  0.24995450  0.84744590
   0.79554818  0.74907759  0.65262089
   0.79554818  0.24907761  0.15262090
   0.79418698  0.75300996  0.45052301
   0.79418698  0.25300996  0.95052298
   0.29408627  0.24978525  0.65215119
   0.29408627  0.74978525  0.15215119
   0.79343325  0.75317404  0.54948192
   0.79343325  0.25317404  0.04948191
   0.60263316  0.55001062  0.05493987
   0.32660423  0.32196336  0.40265586
   0.52673774  0.47230754  0.13756635
   0.29191413  0.18794922  0.30393593
   0.50279993  0.49601314  0.25132825
   0.01088050  0.96313856  0.03902568
   0.10510650  0.05408833  0.15049035
   0.60263316  0.05001063  0.55493984
   0.32660423  0.82196336  0.90265586
   0.52673774  0.97230757  0.63756634
   0.29191413  0.68794919  0.80393593
   0.50279993  0.99601317  0.75132828
   0.01088050  0.46313859  0.53902567
   0.10510650  0.55408838  0.65049038
   0.10245798  0.44383659  0.94533704
   0.82005777  0.68001575  0.59709486
   0.02599322  0.52590097  0.86229074
   0.79095268  0.81140422  0.69636004
   0.00285030  0.50463075  0.74868145
   0.51525176  0.04026863  0.96107784
   0.60529853  0.94666254  0.84927720
   0.10245798  0.94383662  0.44533701
   0.82005777  0.18001575  0.09709487
   0.02599322  0.02590099  0.36229074
   0.79095268  0.31140422  0.19636004
   0.00285030  0.00463078  0.24868146
   0.51525176  0.54026865  0.46107781
   0.60529853  0.44666260  0.34927723
   0.10349796  0.44299214  0.05429025
   0.81865254  0.68048038  0.40285990
   0.02609353  0.52501711  0.13777616
   0.79227928  0.81190561  0.30363358
   0.00282503  0.50458636  0.25127169
   0.51403146  0.04144327  0.03924116
   0.60564723  0.94536192  0.15080025
   0.10349796  0.94299211  0.55429029
   0.81865254  0.18048039  0.90285993
   0.02609353  0.02501708  0.63777613
   0.79227928  0.31190564  0.80363355
   0.00282503  0.00458637  0.75127169
   0.51403146  0.54144328  0.53924113
   0.60564723  0.44536192  0.65080028
   0.60354459  0.55129800  0.94544158
   0.32609466  0.32181994  0.59739621
   0.52668556  0.47334252  0.86238151
   0.29317277  0.18751563  0.69605591
   0.50279745  0.49604706  0.74873125
   0.00992064  0.96170969  0.96059922
   0.10517331  0.05525527  0.84945912
   0.60354459  0.05129795  0.44544164
   0.32609466  0.82181994  0.09739623
   0.52668556  0.97334249  0.36238148
   0.29317277  0.68751563  0.19605586
   0.50279745  0.99604706  0.24873122
   0.00992064  0.46170972  0.46059922
   0.10517331  0.55525530  0.34945918
   0.32408686  0.16308388  0.50003023
   0.32408686  0.66308394  1.00003025
   0.81969522  0.83504921  0.49997970
   0.81969522  0.33504927 -0.00002030
   0.28713547  0.24747773  0.54939229
   0.28713547  0.74747771  0.04939228
   0.28653560  0.24707760  0.45057394
   0.28653560  0.74707760  0.95057394
