   0.25196495  0.24661099  0.10315783
   0.23665943  0.27431619  0.21917449
   0.25196495  0.74661099  0.60315785
   0.23665943  0.77431622  0.71917445
   0.74502924  0.75160544  0.89709820
   0.73630513  0.72787440  0.78084210
   0.74502924  0.25160544  0.39709822
   0.73630513  0.22787442  0.28084204
   0.74512202  0.75089385  0.10291726
   0.73588150  0.72787147  0.21913818
   0.74512202  0.25089388  0.60291728
   0.73588150  0.22787145  0.71913821
   0.25199743  0.24723936  0.89682239
   0.23623674  0.27431869  0.78084836
   0.25199743  0.74723939  0.39682242
   0.23623674  0.77431866  0.28084839
   0.25223581  0.24482650  0.00007277
   0.25223581  0.74482650  0.50007277
   0.74111572  0.76200888  0.99992184
   0.74111572  0.26200888  0.49992178
   0.29384628  0.25052293  0.34826271
   0.29384628  0.75052293  0.84826274
   0.79524856  0.74957343  0.34785505
   0.79524856  0.24957343  0.84785505
   0.79532888  0.74903439  0.65216953
   0.79532888  0.24903440  0.15216955
   0.79414028  0.75322980  0.45073586
   0.79414028  0.25322980  0.95073583
   0.29395615  0.25002541  0.65171674
   0.29395615  0.75002541  0.15171674
   0.79407882  0.75301903  0.54926463
   0.79407882  0.25301903  0.04926463
   0.60091467  0.54794561  0.05462181
   0.32682838  0.32239466  0.40295600
   0.52630050  0.47212617  0.13710290
   0.29203832  0.18750421  0.30437947
   0.50234922  0.49608679  0.25123154
   0.01312478  0.96450732  0.03893344
   0.10536400  0.05459687  0.15007103
   0.60091467  0.04794561  0.55462179
   0.32682838  0.82239466  0.90295600
   0.52630050  0.97212620  0.63710289
   0.29203832  0.68750418  0.80437947
   0.50234922  0.99608682  0.75123157
   0.01312478  0.46450735  0.53893343
   0.10536400  0.55459692  0.65007106
   0.10131046  0.44556080  0.94566824
   0.81946034  0.67952312  0.59682178
   0.02573601  0.52577171  0.86278857
   0.79126013  0.81196603  0.69591626
   0.00231942  0.50514187  0.74878754
   0.51738835  0.03821796  0.96131380
   0.60567661  0.94566985  0.84965685
   0.10131046  0.94556083  0.44566821
   0.81946034  0.17952312  0.09682179
   0.02573601  0.02577173  0.36278857
   0.79126013  0.31196603  0.19591626
   0.00231942  0.00514190  0.24878756
   0.51738835  0.53821798  0.46131377
   0.60567661  0.44566991  0.34965688
   0.10149550  0.44523767  0.05426689
   0.81875250  0.68002885  0.40317008
   0.02577530  0.52530488  0.13724800
   0.79198926  0.81234615  0.30409041
   0.00234093  0.50512345  0.25119394
   0.51728445  0.03816600  0.03874777
   0.60585196  0.94504846  0.15031667
   0.10149550  0.94523764  0.55426693
   0.81875250  0.18002886  0.90317011
   0.02577530  0.02530485  0.63724797
   0.79198926  0.31234618  0.80409038
   0.00234093  0.00512346  0.75119394
   0.51728445  0.53816601  0.53874774
   0.60585196  0.44504846  0.65031670
   0.60114269  0.54853548  0.94544975
   0.32657933  0.32203132  0.59705403
   0.52616826  0.47268099  0.86286479
   0.29285682  0.18714487  0.69561966
   0.50236735  0.49609866  0.74879201
   0.01283335  0.96436966  0.96097871
   0.10518508  0.05508336  0.84997079
   0.60114269  0.04853544  0.44544981
   0.32657933  0.82203132  0.09705404
   0.52616826  0.97268096  0.36286476
   0.29285682  0.68714487  0.19561961
   0.50236735  0.99609866  0.24879198
   0.01283335  0.46436969  0.46097871
   0.10518508  0.55508338  0.34997085
   0.32510456  0.16329325  0.50000268
   0.32510456  0.66329331  1.00000270
   0.82079921  0.83465990  0.49999555
   0.82079921  0.33465996 -0.00000445
   0.28719249  0.24735653  0.54916746
   0.28719249  0.74735651  0.04916745
   0.28706250  0.24750660  0.45082354
   0.28706250  0.74750660  0.95082354
