   0.25287778  0.24583762  0.10366626
   0.23793455  0.27331260  0.21932460
   0.25287778  0.74583762  0.60366627
   0.23793455  0.77331263  0.71932456
   0.74640552  0.75206015  0.89646759
   0.73746180  0.72769707  0.78070656
   0.74640552  0.25206015  0.39646762
   0.73746180  0.22769709  0.28070650
   0.74642044  0.75140406  0.10371807
   0.73601665  0.72826395  0.21920269
   0.74642044  0.25140409  0.60371809
   0.73601665  0.22826393  0.71920272
   0.25249317  0.24617719  0.89613542
   0.23626160  0.27272255  0.78076571
   0.25249317  0.74617721  0.39613545
   0.23626160  0.77272252  0.28076574
   0.25040117  0.24384521  0.00072772
   0.25040117  0.74384521  0.50072772
   0.73992664  0.76126681  0.99923622
   0.73992664  0.26126681  0.49923616
   0.29438852  0.25065721  0.34761042
   0.29438852  0.75065721  0.84761045
   0.79569795  0.75024902  0.34723023
   0.79569795  0.25024902  0.84723023
   0.79578533  0.74927744  0.65287064
   0.79578533  0.24927745  0.15287065
   0.79421830  0.75299405  0.45041749
   0.79421830  0.25299405  0.95041746
   0.29430517  0.24975861  0.65236499
   0.29430517  0.74975861  0.15236499
   0.79276330  0.75346824  0.54960054
   0.79276330  0.25346824  0.04960054
   0.60400225  0.55142187  0.05527114
   0.32602391  0.32187749  0.40254883
   0.52704815  0.47236100  0.13779014
   0.29197734  0.18747357  0.30375475
   0.50267772  0.49567362  0.25136648
   0.00942675  0.96222780  0.03897372
   0.10489087  0.05374634  0.15069878
   0.60400225  0.05142188  0.55527111
   0.32602391  0.82187749  0.90254883
   0.52704815  0.97236103  0.63779012
   0.29197734  0.68747354  0.80375475
   0.50267772  0.99567365  0.75136651
   0.00942675  0.46222783  0.53897371
   0.10489087  0.55374640  0.65069881
   0.10311019  0.44279117  0.94498248
   0.82026406  0.68002828  0.59720057
   0.02623240  0.52610282  0.86205487
   0.79118384  0.81212991  0.69654408
   0.00275446  0.50463477  0.74863146
   0.51389055  0.04178225  0.96101062
   0.60516124  0.94721032  0.84911374
   0.10311019  0.94279120  0.44498245
   0.82026406  0.18002828  0.09720058
   0.02623240  0.02610284  0.36205487
   0.79118384  0.31212991  0.19654408
   0.00275446  0.00463480  0.24863147
   0.51389055  0.54178228  0.46101059
   0.60516124  0.44721038  0.34911377
   0.10503909  0.44115988  0.05430174
   0.81951657  0.68012975  0.40269518
   0.02648486  0.52474195  0.13801144
   0.79293434  0.81271812  0.30350123
   0.00265129  0.50466038  0.25130043
   0.51168562  0.04382540  0.03954131
   0.60582622  0.94542374  0.15116185
   0.10503909  0.94115985  0.55430178
   0.81951657  0.18012977  0.90269521
   0.02648486  0.02474192  0.63801141
   0.79293434  0.31271815  0.80350120
   0.00265129  0.00466039  0.75130043
   0.51168562  0.54382541  0.53954128
   0.60582622  0.44542374  0.65116188
   0.60564233  0.55356528  0.94543746
   0.32605450  0.32205044  0.59756828
   0.52720038  0.47387156  0.86215131
   0.29366478  0.18686778  0.69619407
   0.50260987  0.49565635  0.74871972
   0.00790497  0.95981422  0.96042046
   0.10540945  0.05536751  0.84906377
   0.60564233  0.05356523  0.44543752
   0.32605450  0.82205044  0.09756829
   0.52720038  0.97387153  0.36215128
   0.29366478  0.68686778  0.19619403
   0.50260987  0.99565635  0.24871969
   0.00790497  0.45981425  0.46042046
   0.10540945  0.55536754  0.34906382
   0.32294352  0.16224604  0.50004901
   0.32294352  0.66224610  1.00004904
   0.81888781  0.83581161  0.49996651
   0.81888781  0.33581167 -0.00003349
   0.28732183  0.24721561  0.54949458
   0.28732183  0.74721559  0.04949457
   0.28622063  0.24642118  0.45043477
   0.28622063  0.74642118  0.95043477
