   0.25195208  0.24651429  0.10322322
   0.23702867  0.27408252  0.21918850
   0.25195208  0.74651429  0.60322324
   0.23702867  0.77408255  0.71918845
   0.74505858  0.75170769  0.89703226
   0.73664983  0.72795117  0.78082990
   0.74505858  0.25170769  0.39703229
   0.73664983  0.22795118  0.28082984
   0.74515169  0.75087207  0.10299392
   0.73617118  0.72793844  0.21914616
   0.74515169  0.25087210  0.60299394
   0.73617118  0.22793842  0.71914619
   0.25199945  0.24725238  0.89674637
   0.23651992  0.27409542  0.78083689
   0.25199945  0.74725241  0.39674640
   0.23651992  0.77409539  0.28083692
   0.25216771  0.24490449  0.00011393
   0.25216771  0.74490449  0.50011393
   0.74098996  0.76190733  0.99988056
   0.74098996  0.26190733  0.49988050
   0.29383519  0.25052323  0.34816913
   0.29383519  0.75052323  0.84816916
   0.79522274  0.74964310  0.34776849
   0.79522274  0.24964310  0.84776849
   0.79530941  0.74904614  0.65225878
   0.79530941  0.24904616  0.15225879
   0.79412816  0.75319247  0.45070362
   0.79412816  0.25319247  0.95070359
   0.29393149  0.24996976  0.65180803
   0.29393149  0.74996976  0.15180803
   0.79401493  0.75301530  0.54929899
   0.79401493  0.25301530  0.04929899
   0.60114250  0.54828830  0.05465775
   0.32679445  0.32233303  0.40290978
   0.52629118  0.47214555  0.13718144
   0.29194325  0.18775182  0.30430749
   0.50254065  0.49611617  0.25125065
   0.01280615  0.96425334  0.03895805
   0.10531950  0.05456459  0.15013891
   0.60114250  0.04828831  0.55465773
   0.32679445  0.82233303  0.90290978
   0.52629118  0.97214558  0.63718142
   0.29194325  0.68775179  0.80430749
   0.50254065  0.99611620  0.75125068
   0.01280615  0.46425337  0.53895804
   0.10531950  0.55456464  0.65013894
   0.10152998  0.44531739  0.94563082
   0.81953802  0.67961564  0.59686312
   0.02571026  0.52580896  0.86270493
   0.79109575  0.81167702  0.69599305
   0.00252338  0.50499010  0.74876723
   0.51701572  0.03850062  0.96127875
   0.60559976  0.94576428  0.84959615
   0.10152998  0.94531742  0.44563079
   0.81953802  0.17961564  0.09686314
   0.02571026  0.02580898  0.36270493
   0.79109575  0.31167702  0.19599305
   0.00252338  0.00499013  0.24876724
   0.51701572  0.53850064  0.46127872
   0.60559976  0.44576434  0.34959618
   0.10181566  0.44494854  0.05427162
   0.81864042  0.68016431  0.40312354
   0.02573843  0.52529004  0.13733972
   0.79194818  0.81209018  0.30401490
   0.00254057  0.50496487  0.25121040
   0.51678945  0.03858072  0.03881288
   0.60578266  0.94507152  0.15037842
   0.10181566  0.94494851  0.55427166
   0.81864042  0.18016433  0.90312357
   0.02573843  0.02529001  0.63733969
   0.79194818  0.31209021  0.80401487
   0.00254057  0.00496488  0.75121040
   0.51678945  0.53858073  0.53881285
   0.60578266  0.44507152  0.65037845
   0.60144800  0.54897385  0.94544679
   0.32645387  0.32195748  0.59710411
   0.52614967  0.47276943  0.86278080
   0.29284756  0.18736240  0.69569469
   0.50255999  0.49613361  0.74877685
   0.01240261  0.96395035  0.96091647
   0.10513889  0.05511242  0.84990549
   0.60144800  0.04897381  0.44544685
   0.32645387  0.82195748  0.09710412
   0.52614967  0.97276940  0.36278077
   0.29284756  0.68736240  0.19569464
   0.50255999  0.99613361  0.24877682
   0.01240261  0.46395038  0.46091647
   0.10513889  0.55511244  0.34990555
   0.32495726  0.16330687  0.50000526
   0.32495726  0.66330693  1.00000529
   0.82065058  0.83468855  0.49999284
   0.82065058  0.33468861 -0.00000716
   0.28717248  0.24739839  0.54920754
   0.28717248  0.74739837  0.04920753
   0.28698189  0.24749366  0.45078071
   0.28698189  0.74749366  0.95078071
