   0.25199954  0.24670078  0.10310084
   0.23624802  0.27450093  0.21916110
   0.25199954  0.74670078  0.60310086
   0.23624802  0.77450096  0.71916105
   0.74504859  0.75151121  0.89715451
   0.73591285  0.72783843  0.78085272
   0.74504859  0.25151121  0.39715454
   0.73591285  0.22783845  0.28085266
   0.74514239  0.75090926  0.10285269
   0.73553973  0.72784828  0.21913032
   0.74514239  0.25090929  0.60285271
   0.73553973  0.22784826  0.71913035
   0.25201649  0.24722612  0.89688675
   0.23589734  0.27449082  0.78085860
   0.25201649  0.74722615  0.39688678
   0.23589734  0.77449079  0.28085863
   0.25232461  0.24474632  0.00004439
   0.25232461  0.74474632  0.50004439
   0.74121997  0.76207981  0.99995086
   0.74121997  0.26207981  0.49995080
   0.29388775  0.25048659  0.34833099
   0.29388775  0.75048659  0.84833102
   0.79529930  0.74953705  0.34792076
   0.79529930  0.24953705  0.84792076
   0.79537386  0.74905773  0.65210120
   0.79537386  0.24905775  0.15210122
   0.79417272  0.75324022  0.45076214
   0.79417272  0.25324022  0.95076211
   0.29400491  0.25004101  0.65165068
   0.29400491  0.75004101  0.15165068
   0.79415016  0.75301788  0.54923812
   0.79415016  0.25301788  0.04923812
   0.60070555  0.54766783  0.05458996
   0.32685592  0.32242521  0.40300813
   0.52633621  0.47212601  0.13701939
   0.29216787  0.18726376  0.30446354
   0.50208977  0.49604760  0.25121453
   0.01342579  0.96472031  0.03890639
   0.10541393  0.05461179  0.14999575
   0.60070555  0.04766783  0.55458993
   0.32685592  0.82242521  0.90300813
   0.52633621  0.97212604  0.63701937
   0.29216787  0.68726373  0.80446354
   0.50208977  0.99604763  0.75121456
   0.01342579  0.46472034  0.53890638
   0.10541393  0.55461185  0.64999578
   0.10113240  0.44579162  0.94570126
   0.81941476  0.67945551  0.59676814
   0.02579007  0.52572884  0.86287696
   0.79146404  0.81225497  0.69583052
   0.00204686  0.50530142  0.74880564
   0.51769347  0.03794147  0.96134769
   0.60575028  0.94559428  0.84972553
   0.10113240  0.94579165  0.44570123
   0.81941476  0.17945551  0.09676816
   0.02579007  0.02572886  0.36287696
   0.79146404  0.31225497  0.19583052
   0.00204686  0.00530145  0.24880566
   0.51769347  0.53794150  0.46134766
   0.60575028  0.44559434  0.34972556
   0.10124304  0.44551549  0.05425807
   0.81887857  0.67991098  0.40322709
   0.02584424  0.52530868  0.13715194
   0.79206882  0.81259748  0.30417485
   0.00207074  0.50528851  0.25117958
   0.51766363  0.03780534  0.03869016
   0.60592041  0.94503262  0.15024949
   0.10124304  0.94551546  0.55425811
   0.81887857  0.17991100  0.90322712
   0.02584424  0.02530865  0.63715191
   0.79206882  0.31259751  0.80417482
   0.00207074  0.00528852  0.75117958
   0.51766363  0.53780535  0.53869013
   0.60592041  0.44503262  0.65024952
   0.60086969  0.54816631  0.94545708
   0.32668771  0.32208612  0.59699878
   0.52621803  0.47261986  0.86295379
   0.29289536  0.18693692  0.69553341
   0.50210768  0.49605720  0.74880618
   0.01322542  0.96470206  0.96103690
   0.10524708  0.05505196  0.85004127
   0.60086969  0.04816626  0.44545714
   0.32668771  0.82208612  0.09699879
   0.52621803  0.97261983  0.36295376
   0.29289536  0.68693692  0.19553337
   0.50210768  0.99605720  0.24880615
   0.01322542  0.46470209  0.46103690
   0.10524708  0.55505198  0.35004132
   0.32523884  0.16327679  0.50000085
   0.32523884  0.66327685  1.00000088
   0.82092797  0.83464250  0.49999715
   0.82092797  0.33464256 -0.00000285
   0.28723012  0.24733098  0.54913693
   0.28723012  0.74733097  0.04913692
   0.28713717  0.24750696  0.45085630
   0.28713717  0.74750696  0.95085630
