   0.25229199  0.24601706  0.10347271
   0.23773270  0.27340217  0.21925798
   0.25229199  0.74601706  0.60347273
   0.23773270  0.77340220  0.71925793
   0.74544671  0.75203334  0.89674902
   0.73727441  0.72807801  0.78076681
   0.74544671  0.25203334  0.39674905
   0.73727441  0.22807802  0.28076675
   0.74556577  0.75095331  0.10334684
   0.73642360  0.72813898  0.21918496
   0.74556577  0.25095334  0.60334686
   0.73642360  0.22813897  0.71918499
   0.25230677  0.24692312  0.89642234
   0.23673648  0.27331851  0.78078920
   0.25230677  0.74692315  0.39642237
   0.23673648  0.77331848  0.28078923
   0.25159315  0.24480414  0.00038978
   0.25159315  0.74480414  0.50038978
   0.74037941  0.76138273  0.99959768
   0.74037941  0.26138273  0.49959762
   0.29403341  0.25061677  0.34785988
   0.29403341  0.75061677  0.84785991
   0.79541079  0.74993002  0.34746553
   0.79541079  0.24993002  0.84746553
   0.79550842  0.74906058  0.65258376
   0.79550842  0.24906059  0.15258377
   0.79417553  0.75301842  0.45054555
   0.79417553  0.25301842  0.95054552
   0.29405597  0.24980610  0.65212045
   0.29405597  0.74980610  0.15212045
   0.79351744  0.75313742  0.54946241
   0.79351744  0.25313742  0.04946241
   0.60245472  0.54979242  0.05489864
   0.32663603  0.32200508  0.40268474
   0.52666658  0.47228566  0.13752277
   0.29189977  0.18799483  0.30398113
   0.50279823  0.49604215  0.25131924
   0.01110312  0.96327957  0.03902313
   0.10513594  0.05417079  0.15044950
   0.60245472  0.04979243  0.55489862
   0.32663603  0.82200508  0.90268474
   0.52666658  0.97228569  0.63752275
   0.29189977  0.68799481  0.80398113
   0.50279823  0.99604218  0.75131927
   0.01110312  0.46327960  0.53902313
   0.10513594  0.55417084  0.65044953
   0.10232997  0.44399819  0.94537856
   0.81999810  0.67998656  0.59706458
   0.02595274  0.52590206  0.86233766
   0.79093498  0.81135868  0.69632041
   0.00284130  0.50465191  0.74869098
   0.51547535  0.04006021  0.96109960
   0.60532250  0.94652138  0.84931515
   0.10232997  0.94399822  0.44537853
   0.81999810  0.17998656  0.09706459
   0.02595274  0.02590208  0.36233766
   0.79093498  0.31135868  0.19632041
   0.00284130  0.00465194  0.24869100
   0.51547535  0.54006024  0.46109957
   0.60532250  0.44652144  0.34931518
   0.10327427  0.44323032  0.05428703
   0.81860903  0.68048369  0.40289308
   0.02602275  0.52505323  0.13772812
   0.79220923  0.81184632  0.30368148
   0.00282323  0.50460303  0.25126471
   0.51438388  0.04109074  0.03918856
   0.60565433  0.94532085  0.15074281
   0.10327427  0.94323029  0.55428707
   0.81860903  0.18048370  0.90289310
   0.02602275  0.02505320  0.63772809
   0.79220923  0.31184635  0.80368145
   0.00282323  0.00460303  0.75126471
   0.51438388  0.54109075  0.53918853
   0.60565433  0.44532085  0.65074284
   0.60329500  0.55098922  0.94544249
   0.32612457  0.32181153  0.59736228
   0.52658702  0.47327781  0.86242546
   0.29311320  0.18756117  0.69601757
   0.50280273  0.49607752  0.74873460
   0.01020058  0.96199340  0.96063284
   0.10517073  0.05522446  0.84951963
   0.60329500  0.05098918  0.44544255
   0.32612457  0.82181153  0.09736229
   0.52658702  0.97327778  0.36242543
   0.29311320  0.68756117  0.19601753
   0.50280273  0.99607752  0.24873457
   0.01020058  0.46199343  0.46063284
   0.10517073  0.55522448  0.34951969
   0.32419806  0.16313619  0.50002702
   0.32419806  0.66313625  1.00002705
   0.81981090  0.83497810  0.49998135
   0.81981090  0.33497816 -0.00001865
   0.28712966  0.24749245  0.54937368
   0.28712966  0.74749244  0.04937367
   0.28658864  0.24715965  0.45059622
   0.28658864  0.74715965  0.95059622
