   0.25179480  0.24574718  0.10435300
   0.23761958  0.27527030  0.21952419
   0.25179480  0.74574718  0.60435301
   0.23761958  0.77527033  0.71952415
   0.74919295  0.75311208  0.89562711
   0.73754066  0.72482021  0.78049629
   0.74919295  0.25311208  0.39562714
   0.73754066  0.22482022  0.28049623
   0.74737567  0.75367704  0.10464901
   0.73464043  0.72708221  0.21940609
   0.74737567  0.25367707  0.60464903
   0.73464043  0.22708220  0.71940612
   0.25021719  0.24517355  0.89536907
   0.23470267  0.27306368  0.78060763
   0.25021719  0.74517357  0.39536910
   0.23470267  0.77306365  0.28060766
   0.24521921  0.24246027  0.00111822
   0.24521921  0.74246027  0.50111822
   0.74117934  0.75959687  0.99892477
   0.74117934  0.25959687  0.49892471
   0.29538231  0.25033868  0.34734176
   0.29538231  0.75033868  0.84734179
   0.79480520  0.75060365  0.34701926
   0.79480520  0.25060365  0.84701926
   0.79553080  0.75008599  0.65308851
   0.79553080  0.25008601  0.15308852
   0.79228587  0.75366548  0.45023714
   0.79228587  0.25366548  0.95023711
   0.29470597  0.24996724  0.65257146
   0.29470597  0.74996724  0.15257146
   0.79084558  0.75400390  0.55026186
   0.79084558  0.25400390  0.05026185
   0.60446091  0.55626683  0.05609720
   0.32260822  0.32355912  0.40242720
   0.52773570  0.47232313  0.13809280
   0.29202622  0.18601875  0.30347346
   0.50276304  0.49504126  0.25135034
   0.00810456  0.96009751  0.03833436
   0.10423927  0.05350830  0.15096953
   0.60446091  0.05626683  0.55609718
   0.32260822  0.82355912  0.90242720
   0.52773570  0.97232316  0.63809278
   0.29202622  0.68601872  0.80347346
   0.50276304  0.99504129  0.75135037
   0.00810456  0.46009754  0.53833436
   0.10423927  0.55350835  0.65096956
   0.09872792  0.43808686  0.94402852
   0.82071714  0.67774986  0.59729118
   0.02669886  0.52671324  0.86183571
   0.79194970  0.81374097  0.69641983
   0.00270412  0.50491306  0.74864202
   0.51427285  0.04524976  0.96155687
   0.60518057  0.94728143  0.84900001
   0.09872792  0.93808689  0.44402849
   0.82071714  0.17774986  0.09729120
   0.02669886  0.02671326  0.36183571
   0.79194970  0.31374097  0.19641983
   0.00270412  0.00491309  0.24864204
   0.51427285  0.54524979  0.46155684
   0.60518057  0.44728149  0.34900004
   0.11140532  0.43500139  0.05426615
   0.82582976  0.67799766  0.40198701
   0.02696847  0.52425175  0.13828058
   0.79459692  0.81444774  0.30401052
   0.00265699  0.50483615  0.25126163
   0.50556680  0.04902419  0.03962443
   0.60752079  0.94549359  0.15167048
   0.11140532  0.93500136  0.55426620
   0.82582976  0.17799768  0.90198703
   0.02696847  0.02425172  0.63828055
   0.79459692  0.31444777  0.80401049
   0.00265699  0.00483616  0.75126163
   0.50556680  0.54902420  0.53962441
   0.60752079  0.44549359  0.65167051
   0.61535611  0.55897949  0.94572312
   0.32815424  0.32362072  0.59859178
   0.52802215  0.47482937  0.86175289
   0.29468953  0.18537090  0.69606140
   0.50272090  0.49511040  0.74872670
   0.00037986  0.95672499  0.96033698
   0.10656610  0.05527022  0.84833999
   0.61535611  0.05897944  0.44572318
   0.32815424  0.82362072  0.09859180
   0.52802215  0.97482934  0.36175286
   0.29468953  0.68537090  0.19606135
   0.50272090  0.99511040  0.24872667
   0.00037986  0.45672502  0.46033698
   0.10656610  0.55527024  0.34834005
   0.31885892  0.15711829  0.49997297
   0.31885892  0.65711835  0.99997300
   0.81705539  0.84034842  0.49974436
   0.81705539  0.34034848 -0.00025564
   0.28920043  0.24692989  0.54955075
   0.28920043  0.74692987  0.04955073
   0.28922371  0.24542625  0.44998379
   0.28922371  0.74542625  0.94998379
