   0.25198306  0.24668132  0.10311047
   0.23633288  0.27447254  0.21916379
   0.25198306  0.74668132  0.60311049
   0.23633288  0.77447257  0.71916375
   0.74503383  0.75153178  0.89714510
   0.73599542  0.72783701  0.78085075
   0.74503383  0.25153178  0.39714513
   0.73599542  0.22783702  0.28085069
   0.74512782  0.75090887  0.10286339
   0.73561235  0.72784384  0.21913190
   0.74512782  0.25090890  0.60286342
   0.73561235  0.22784383  0.71913193
   0.25200316  0.24722735  0.89687577
   0.23596936  0.27446478  0.78085665
   0.25200316  0.74722738  0.39687580
   0.23596936  0.77446475  0.28085668
   0.25230160  0.24476186  0.00004923
   0.25230160  0.74476186  0.50004923
   0.74119664  0.76207179  0.99994616
   0.74119664  0.26207179  0.49994610
   0.29387412  0.25049557  0.34832165
   0.29387412  0.75049557  0.84832168
   0.79528447  0.74954396  0.34791177
   0.79528447  0.24954396  0.84791177
   0.79535987  0.74905095  0.65211052
   0.79535987  0.24905097  0.15211054
   0.79416408  0.75323743  0.45075644
   0.79416408  0.25323743  0.95075641
   0.29398910  0.25003865  0.65165896
   0.29398910  0.75003865  0.15165896
   0.79413526  0.75301672  0.54924433
   0.79413526  0.25301672  0.04924432
   0.60074385  0.54771813  0.05459561
   0.32685161  0.32242018  0.40299825
   0.52633271  0.47212023  0.13703735
   0.29214291  0.18730395  0.30444426
   0.50214619  0.49605517  0.25121742
   0.01337332  0.96468129  0.03891177
   0.10539921  0.05460197  0.15001137
   0.60074385  0.04771814  0.55459559
   0.32685161  0.82242018  0.90299825
   0.52633271  0.97212026  0.63703734
   0.29214291  0.68730392  0.80444426
   0.50214619  0.99605520  0.75121745
   0.01337332  0.46468132  0.53891176
   0.10539921  0.55460203  0.65001140
   0.10116746  0.44574979  0.94569540
   0.81942371  0.67946765  0.59677807
   0.02578092  0.52573911  0.86285813
   0.79142480  0.81220363  0.69584971
   0.00210751  0.50527089  0.74880223
   0.51763954  0.03799396  0.96134115
   0.60573431  0.94561828  0.84971115
   0.10116746  0.94574982  0.44569537
   0.81942371  0.17946765  0.09677808
   0.02578092  0.02573913  0.36285813
   0.79142480  0.31220363  0.19584971
   0.00210751  0.00527092  0.24880225
   0.51763954  0.53799398  0.46134112
   0.60573431  0.44561834  0.34971118
   0.10128973  0.44546464  0.05425984
   0.81885553  0.67993375  0.40321625
   0.02583117  0.52530853  0.13717225
   0.79205328  0.81255396  0.30415613
   0.00213092  0.50525680  0.25118201
   0.51759905  0.03787001  0.03870070
   0.60590572  0.94504540  0.15026354
   0.10128973  0.94546461  0.55425988
   0.81885553  0.17993376  0.90321628
   0.02583117  0.02530850  0.63717222
   0.79205328  0.31255399  0.80415610
   0.00213092  0.00525681  0.75118201
   0.51759905  0.53787002  0.53870067
   0.60590572  0.44504540  0.65026357
   0.60091867  0.54823455  0.94545539
   0.32666826  0.32207451  0.59700890
   0.52621013  0.47262790  0.86293485
   0.29288879  0.18696836  0.69555408
   0.50216425  0.49606435  0.74880355
   0.01315761  0.96464326  0.96102579
   0.10522925  0.05505106  0.85002689
   0.60091867  0.04823451  0.44545545
   0.32666826  0.82207451  0.09700891
   0.52621013  0.97262787  0.36293482
   0.29288879  0.68696836  0.19555404
   0.50216425  0.99606435  0.24880352
   0.01315761  0.46464329  0.46102579
   0.10522925  0.55505108  0.35002694
   0.32521504  0.16328119  0.50000100
   0.32521504  0.66328125  1.00000102
   0.82090758  0.83464554  0.49999678
   0.82090758  0.33464560 -0.00000322
   0.28722172  0.24733753  0.54914418
   0.28722172  0.74733751  0.04914417
   0.28712192  0.24750984  0.45084905
   0.28712192  0.74750984  0.95084905
