   0.25208829  0.24678404  0.10303803
   0.23564802  0.27470861  0.21914826
   0.25208829  0.74678404  0.60303804
   0.23564802  0.77470864  0.71914822
   0.74510986  0.75140772  0.89721583
   0.73532948  0.72780649  0.78086234
   0.74510986  0.25140772  0.39721586
   0.73532948  0.22780651  0.28086228
   0.74520234  0.75092654  0.10278530
   0.73501632  0.72783333  0.21912392
   0.74520234  0.25092657  0.60278532
   0.73501632  0.22783331  0.71912395
   0.25208807  0.24719646  0.89695523
   0.23537341  0.27468072  0.78086774
   0.25208807  0.74719649  0.39695526
   0.23537341  0.77468069  0.28086777
   0.25242793  0.24464375  0.00002272
   0.25242793  0.74464375  0.50002272
   0.74134781  0.76212445  0.99997346
   0.74134781  0.26212445  0.49997340
   0.29396447  0.25046007  0.34841468
   0.29396447  0.75046007  0.84841471
   0.79539011  0.74948496  0.34799999
   0.79539011  0.24948496  0.84799999
   0.79545868  0.74907109  0.65201829
   0.79545868  0.24907111  0.15201831
   0.79422677  0.75323702  0.45079282
   0.79422677  0.25323702  0.95079279
   0.29408501  0.25007766  0.65156767
   0.29408501  0.75007766  0.15156767
   0.79422625  0.75302305  0.54920743
   0.79422625  0.25302305  0.04920743
   0.60052978  0.54742026  0.05456189
   0.32691460  0.32244821  0.40305761
   0.52642826  0.47213578  0.13693381
   0.29235386  0.18697692  0.30454391
   0.50171961  0.49599899  0.25119613
   0.01371594  0.96491632  0.03887638
   0.10550065  0.05463933  0.14992287
   0.60052978  0.04742027  0.55456187
   0.32691460  0.82244821  0.90305761
   0.52642826  0.97213581  0.63693380
   0.29235386  0.68697689  0.80454391
   0.50171961  0.99599902  0.75119616
   0.01371594  0.46491635  0.53887637
   0.10550065  0.55463938  0.64992290
   0.10098094  0.44600692  0.94572994
   0.81940812  0.67938074  0.59672243
   0.02589511  0.52567168  0.86296759
   0.79172724  0.81260111  0.69574899
   0.00166436  0.50548726  0.74882411
   0.51798836  0.03767979  0.96138063
   0.60586639  0.94551910  0.84979277
   0.10098094  0.94600695  0.44572991
   0.81940812  0.17938074  0.09672244
   0.02589511  0.02567170  0.36296759
   0.79172724  0.31260111  0.19574899
   0.00166436  0.00548729  0.24882413
   0.51798836  0.53767981  0.46138060
   0.60586639  0.44551916  0.34979280
   0.10103938  0.44577399  0.05424650
   0.81903154  0.67977015  0.40327566
   0.02596006  0.52529969  0.13705366
   0.79219713  0.81289349  0.30425496
   0.00168958  0.50547934  0.25116417
   0.51800139  0.03750623  0.03863963
   0.60603324  0.94501991  0.15018669
   0.10103938  0.94577396  0.55424654
   0.81903154  0.17977016  0.90327569
   0.02596006  0.02529966  0.63705363
   0.79219713  0.31289352  0.80425493
   0.00168958  0.00547934  0.75116417
   0.51800139  0.53750624  0.53863960
   0.60603324  0.44501991  0.65018671
   0.60064305  0.54782796  0.94546700
   0.32682061  0.32214994  0.59694704
   0.52632584  0.47256779  0.86304526
   0.29297084  0.18669197  0.69545295
   0.50173691  0.49600546  0.74882090
   0.01359234  0.96497737  0.96109188
   0.10535345  0.05502940  0.85010691
   0.60064305  0.04782792  0.44546706
   0.32682061  0.82214994  0.09694706
   0.52632584  0.97256776  0.36304523
   0.29297084  0.68669197  0.19545290
   0.50173691  0.99600546  0.24882087
   0.01359234  0.46497740  0.46109188
   0.10535345  0.55502942  0.35010697
   0.32537901  0.16324883  0.49999984
   0.32537901  0.66324889  0.99999987
   0.82104718  0.83462930  0.49999821
   0.82104718  0.33462936 -0.00000179
   0.28728118  0.24729960  0.54910162
   0.28728118  0.74729958  0.04910161
   0.28722092  0.24748104  0.45089429
   0.28722092  0.74748104  0.95089429
