   0.25194429  0.24649094  0.10321511
   0.23702196  0.27409788  0.21918891
   0.25194429  0.74649094  0.60321512
   0.23702196  0.77409791  0.71918887
   0.74504387  0.75172529  0.89703965
   0.73664493  0.72792756  0.78083081
   0.74504387  0.25172529  0.39703968
   0.73664493  0.22792758  0.28083075
   0.74513761  0.75089041  0.10298750
   0.73616037  0.72791753  0.21914646
   0.74513761  0.25089044  0.60298752
   0.73616037  0.22791752  0.71914649
   0.25199124  0.24723321  0.89675376
   0.23650898  0.27411059  0.78083775
   0.25199124  0.74723324  0.39675379
   0.23650898  0.77411056  0.28083778
   0.25214237  0.24490588  0.00011571
   0.25214237  0.74490588  0.50011571
   0.74097288  0.76190242  0.99987741
   0.74097288  0.26190242  0.49987735
   0.29383476  0.25055187  0.34817927
   0.29383476  0.75055187  0.84817930
   0.79522365  0.74963204  0.34777629
   0.79522365  0.24963204  0.84777629
   0.79531019  0.74901846  0.65225180
   0.79531019  0.24901847  0.15225181
   0.79414037  0.75319917  0.45070006
   0.79414037  0.25319917  0.95070003
   0.29393159  0.24998910  0.65180049
   0.29393159  0.74998910  0.15180049
   0.79400098  0.75302230  0.54930004
   0.79400098  0.25302230  0.04930004
   0.60118187  0.54829269  0.05466241
   0.32680581  0.32233999  0.40289754
   0.52631189  0.47214083  0.13719414
   0.29194580  0.18773162  0.30429427
   0.50254263  0.49611672  0.25124909
   0.01277079  0.96426020  0.03896010
   0.10530744  0.05453811  0.15014966
   0.60118187  0.04829270  0.55466238
   0.32680581  0.82233999  0.90289754
   0.52631189  0.97214086  0.63719413
   0.29194580  0.68773159  0.80429427
   0.50254263  0.99611675  0.75124912
   0.01277079  0.46426023  0.53896009
   0.10530744  0.55453816  0.65014969
   0.10152340  0.44527740  0.94562635
   0.81954938  0.67960660  0.59687523
   0.02573095  0.52581365  0.86269094
   0.79109824  0.81169511  0.69600531
   0.00252495  0.50498943  0.74876800
   0.51702602  0.03853920  0.96127613
   0.60558879  0.94579981  0.84958518
   0.10152340  0.94527743  0.44562632
   0.81954938  0.17960660  0.09687525
   0.02573095  0.02581367  0.36269094
   0.79109824  0.31169511  0.19600531
   0.00252495  0.00498946  0.24876802
   0.51702602  0.53853922  0.46127610
   0.60558879  0.44579987  0.34958521
   0.10182165  0.44490090  0.05427430
   0.81864548  0.68015605  0.40311184
   0.02575473  0.52528522  0.13735302
   0.79195423  0.81210806  0.30400244
   0.00254205  0.50496366  0.25120870
   0.51680141  0.03863497  0.03881952
   0.60577651  0.94510168  0.15038997
   0.10182165  0.94490087  0.55427434
   0.81864548  0.18015607  0.90311187
   0.02575473  0.02528519  0.63735299
   0.79195423  0.31210809  0.80400241
   0.00254205  0.00496367  0.75120870
   0.51680141  0.53863498  0.53881950
   0.60577651  0.44510168  0.65039000
   0.60149840  0.54898593  0.94544533
   0.32646482  0.32196481  0.59711683
   0.52616816  0.47277298  0.86276684
   0.29285366  0.18734217  0.69570702
   0.50256157  0.49613189  0.74877750
   0.01236063  0.96394539  0.96091176
   0.10512994  0.05508912  0.84989257
   0.60149840  0.04898589  0.44544539
   0.32646482  0.82196481  0.09711685
   0.52616816  0.97277295  0.36276681
   0.29285366  0.68734217  0.19570697
   0.50256157  0.99613189  0.24877747
   0.01236063  0.46394542  0.46091176
   0.10512994  0.55508914  0.34989262
   0.32496136  0.16330045  0.50000626
   0.32496136  0.66330051  1.00000629
   0.82064327  0.83468454  0.49999358
   0.82064327  0.33468460 -0.00000642
   0.28716656  0.24739462  0.54920352
   0.28716656  0.74739461  0.04920351
   0.28697722  0.24748134  0.45078353
   0.28697722  0.74748134  0.95078353
