   0.25195719  0.24653879  0.10319226
   0.23689288  0.27418398  0.21918055
   0.25195719  0.74653879  0.60319228
   0.23689288  0.77418401  0.71918051
   0.74504485  0.75168126  0.89706273
   0.73652405  0.72790509  0.78083776
   0.74504485  0.25168126  0.39706276
   0.73652405  0.22790510  0.28083770
   0.74514081  0.75089433  0.10295941
   0.73606627  0.72789552  0.21914054
   0.74514081  0.25089436  0.60295943
   0.73606627  0.22789551  0.71914057
   0.25200177  0.24723513  0.89678070
   0.23641609  0.27419289  0.78084431
   0.25200177  0.74723516  0.39678073
   0.23641609  0.77419286  0.28084434
   0.25218309  0.24487275  0.00009804
   0.25218309  0.74487275  0.50009804
   0.74103630  0.76194814  0.99989591
   0.74103630  0.26194814  0.49989585
   0.29384552  0.25052873  0.34819978
   0.29384552  0.75052873  0.84819981
   0.79523627  0.74962563  0.34779451
   0.79523627  0.24962563  0.84779451
   0.79531965  0.74904152  0.65223255
   0.79531965  0.24904153  0.15223257
   0.79413669  0.75320969  0.45071149
   0.79413669  0.25320969  0.95071146
   0.29394573  0.24998527  0.65178049
   0.29394573  0.74998527  0.15178049
   0.79403465  0.75302203  0.54928972
   0.79403465  0.25302203  0.04928972
   0.60106620  0.54816629  0.05464537
   0.32680044  0.32236143  0.40292028
   0.52629367  0.47213010  0.13715949
   0.29197498  0.18765090  0.30432625
   0.50247165  0.49610380  0.25124096
   0.01290430  0.96435899  0.03895089
   0.10534071  0.05457773  0.15011983
   0.60106620  0.04816630  0.55464535
   0.32680044  0.82236143  0.90292028
   0.52629367  0.97213013  0.63715948
   0.29197498  0.68765087  0.80432625
   0.50247165  0.99610383  0.75124099
   0.01290430  0.46435902  0.53895088
   0.10534071  0.55457778  0.65011986
   0.10144191  0.44538415  0.94564338
   0.81950383  0.67958172  0.59685465
   0.02571875  0.52579994  0.86272819
   0.79115498  0.81178976  0.69596980
   0.00244954  0.50504939  0.74877703
   0.51716249  0.03840414  0.96129003
   0.60563383  0.94572938  0.84961239
   0.10144191  0.94538418  0.44564335
   0.81950383  0.17958172  0.09685466
   0.02571875  0.02579996  0.36272819
   0.79115498  0.31178976  0.19596980
   0.00244954  0.00504942  0.24877704
   0.51716249  0.53840416  0.46129000
   0.60563383  0.44572944  0.34961242
   0.10168783  0.44502847  0.05427254
   0.81868253  0.68011538  0.40313396
   0.02575184  0.52529911  0.13731286
   0.79195874  0.81219299  0.30403659
   0.00246859  0.50502859  0.25120195
   0.51699138  0.03843095  0.03879120
   0.60581191  0.94506076  0.15036187
   0.10168783  0.94502844  0.55427258
   0.81868253  0.18011539  0.90313399
   0.02575184  0.02529908  0.63731283
   0.79195874  0.31219302  0.80403656
   0.00246859  0.00502860  0.75120195
   0.51699138  0.53843096  0.53879117
   0.60581191  0.44506076  0.65036190
   0.60134700  0.54881666  0.94544665
   0.32649921  0.32198730  0.59709247
   0.52615536  0.47272902  0.86280454
   0.29284621  0.18727338  0.69567347
   0.50249030  0.49612011  0.74878491
   0.01254770  0.96412077  0.96093759
   0.10515906  0.05510587  0.84992250
   0.60134700  0.04881662  0.44544671
   0.32649921  0.82198730  0.09709249
   0.52615536  0.97272899  0.36280451
   0.29284621  0.68727338  0.19567343
   0.50249030  0.99612011  0.24878488
   0.01254770  0.46412080  0.46093759
   0.10515906  0.55510589  0.34992256
   0.32499916  0.16329993  0.50000443
   0.32499916  0.66329999  1.00000446
   0.82069153  0.83466814  0.49999438
   0.82069153  0.33466820 -0.00000562
   0.28718506  0.24737354  0.54918448
   0.28718506  0.74737352  0.04918447
   0.28702722  0.24750038  0.45080425
   0.28702722  0.74750038  0.95080425
