   0.25209737  0.24620909  0.10338140
   0.23754889  0.27362830  0.21923292
   0.25209737  0.74620909  0.60338142
   0.23754889  0.77362833  0.71923288
   0.74523563  0.75192957  0.89686275
   0.73712321  0.72804287  0.78079258
   0.74523563  0.25192957  0.39686278
   0.73712321  0.22804289  0.28079252
   0.74533380  0.75087595  0.10320526
   0.73644226  0.72805397  0.21917379
   0.74533380  0.25087598  0.60320528
   0.73644226  0.22805396  0.71917382
   0.25213864  0.24713230  0.89654968
   0.23677439  0.27362394  0.78080636
   0.25213864  0.74713233  0.39654971
   0.23677439  0.77362391  0.28080639
   0.25186251  0.24494889  0.00026823
   0.25186251  0.74494889  0.50026823
   0.74061381  0.76156951  0.99972648
   0.74061381  0.26156951  0.49972642
   0.29391452  0.25057017  0.34795562
   0.29391452  0.75057017  0.84795565
   0.79529110  0.74982601  0.34756365
   0.79529110  0.24982601  0.84756365
   0.79539217  0.74902653  0.65246232
   0.79539217  0.24902655  0.15246233
   0.79413796  0.75308919  0.45060943
   0.79413796  0.25308919  0.95060940
   0.29397023  0.24987595  0.65200629
   0.29397023  0.74987595  0.15200629
   0.79374047  0.75307555  0.54939904
   0.79374047  0.25307555  0.04939903
   0.60194523  0.54916929  0.05479127
   0.32673462  0.32214096  0.40276459
   0.52648660  0.47222755  0.13739707
   0.29188432  0.18804314  0.30411742
   0.50277552  0.49610765  0.25129340
   0.01177884  0.96367033  0.03900810
   0.10520211  0.05434718  0.15033456
   0.60194523  0.04916930  0.55479125
   0.32673462  0.82214096  0.90276459
   0.52648660  0.97222758  0.63739706
   0.29188432  0.68804311  0.80411742
   0.50277552  0.99610768  0.75129343
   0.01177884  0.46367036  0.53900810
   0.10520211  0.55434723  0.65033459
   0.10201114  0.44450945  0.94548975
   0.81983433  0.67985533  0.59699113
   0.02584234  0.52587571  0.86247347
   0.79093161  0.81132827  0.69619561
   0.00279264  0.50473331  0.74871657
   0.51609973  0.03944118  0.96116858
   0.60539656  0.94618905  0.84941984
   0.10201114  0.94450948  0.44548972
   0.81983433  0.17985533  0.09699115
   0.02584234  0.02587573  0.36247347
   0.79093161  0.31132827  0.19619561
   0.00279264  0.00473334  0.24871659
   0.51609973  0.53944121  0.46116855
   0.60539656  0.44618911  0.34941987
   0.10266898  0.44392869  0.05428164
   0.81854760  0.68041679  0.40297750
   0.02586622  0.52515831  0.13758660
   0.79205329  0.81178114  0.30381709
   0.00279212  0.50468631  0.25124477
   0.51539200  0.04007594  0.03903574
   0.60566311  0.94522558  0.15059015
   0.10266898  0.94392866  0.55428168
   0.81854760  0.18041680  0.90297753
   0.02586622  0.02515828  0.63758657
   0.79205329  0.31178117  0.80381706
   0.00279212  0.00468632  0.75124477
   0.51539200  0.54007594  0.53903571
   0.60566311  0.44522558  0.65059017
   0.60255088  0.55015223  0.94544314
   0.32623656  0.32183184  0.59726620
   0.52635600  0.47307788  0.86255396
   0.29297615  0.18760371  0.69589911
   0.50279432  0.49613427  0.74874413
   0.01105977  0.96277921  0.96073831
   0.10511974  0.05514887  0.84968087
   0.60255088  0.05015219  0.44544320
   0.32623656  0.82183184  0.09726621
   0.52635600  0.97307785  0.36255393
   0.29297615  0.68760371  0.19589907
   0.50279432  0.99613427  0.24874410
   0.01105977  0.46277924  0.46073831
   0.10511974  0.55514889  0.34968093
   0.32453766  0.16325107  0.50001707
   0.32453766  0.66325113  1.00001710
   0.82017033  0.83482066  0.49998599
   0.82017033  0.33482072 -0.00001401
   0.28713561  0.24747739  0.54930998
   0.28713561  0.74747737  0.04930997
   0.28674676  0.24733374  0.45067051
   0.28674676  0.74733374  0.95067051
