   0.25195537  0.24648043  0.10323239
   0.23706964  0.27405082  0.21919402
   0.25195537  0.74648043  0.60323240
   0.23706964  0.77405085  0.71919397
   0.74505533  0.75173246  0.89702211
   0.73668790  0.72795306  0.78082518
   0.74505533  0.25173246  0.39702214
   0.73668790  0.22795307  0.28082512
   0.74515080  0.75087858  0.10300718
   0.73619404  0.72794058  0.21915053
   0.74515080  0.25087861  0.60300720
   0.73619404  0.22794056  0.71915056
   0.25200398  0.24723615  0.89673402
   0.23654039  0.27406234  0.78083245
   0.25200398  0.74723618  0.39673405
   0.23654039  0.77406231  0.28083248
   0.25213560  0.24491589  0.00012468
   0.25213560  0.74491589  0.50012468
   0.74095298  0.76187985  0.99986892
   0.74095298  0.26187985  0.49986886
   0.29384236  0.25054510  0.34816442
   0.29384236  0.75054510  0.84816445
   0.79522689  0.74964624  0.34776143
   0.79522689  0.24964624  0.84776143
   0.79531535  0.74903070  0.65226745
   0.79531535  0.24903072  0.15226746
   0.79412620  0.75318982  0.45069511
   0.79412620  0.25318982  0.95069508
   0.29393411  0.24997395  0.65181547
   0.29393411  0.74997395  0.15181547
   0.79398801  0.75302263  0.54930647
   0.79398801  0.25302263  0.04930646
   0.60123735  0.54832569  0.05466808
   0.32679723  0.32232754  0.40289477
   0.52631128  0.47214925  0.13720252
   0.29193662  0.18776119  0.30428303
   0.50256272  0.49611713  0.25125258
   0.01270156  0.96423345  0.03896346
   0.10530592  0.05454173  0.15015745
   0.60123735  0.04832570  0.55466806
   0.32679723  0.82232754  0.90289477
   0.52631128  0.97214928  0.63720250
   0.29193662  0.68776116  0.80428303
   0.50256272  0.99611716  0.75125261
   0.01270156  0.46423348  0.53896345
   0.10530592  0.55454178  0.65015748
   0.10154194  0.44522450  0.94561990
   0.81956157  0.67963524  0.59687297
   0.02572381  0.52581254  0.86268193
   0.79108054  0.81165755  0.69601505
   0.00254853  0.50497072  0.74876462
   0.51697723  0.03860103  0.96126945
   0.60558278  0.94580748  0.84957881
   0.10154194  0.94522453  0.44561987
   0.81956157  0.17963524  0.09687299
   0.02572381  0.02581256  0.36268193
   0.79108054  0.31165755  0.19601505
   0.00254853  0.00497075  0.24876464
   0.51697723  0.53860105  0.46126942
   0.60558278  0.44580754  0.34957884
   0.10185121  0.44483926  0.05427372
   0.81863167  0.68018746  0.40311262
   0.02575100  0.52527853  0.13736340
   0.79195304  0.81207568  0.30399233
   0.00256471  0.50494372  0.25121192
   0.51672340  0.03872143  0.03883110
   0.60577019  0.94509352  0.15039755
   0.10185121  0.94483923  0.55427376
   0.81863167  0.18018748  0.90311265
   0.02575100  0.02527851  0.63736337
   0.79195304  0.31207571  0.80399230
   0.00256471  0.00494373  0.75121192
   0.51672340  0.53872144  0.53883107
   0.60577019  0.44509352  0.65039758
   0.60156513  0.54903234  0.94544594
   0.32644312  0.32195435  0.59712085
   0.52617101  0.47279020  0.86275815
   0.29285506  0.18737138  0.69571730
   0.50258199  0.49613553  0.74877543
   0.01227616  0.96388704  0.96090173
   0.10512949  0.05510877  0.84988470
   0.60156513  0.04903229  0.44544600
   0.32644312  0.82195435  0.09712086
   0.52617101  0.97279017  0.36275812
   0.29285506  0.68737138  0.19571726
   0.50258199  0.99613553  0.24877540
   0.01227616  0.46388707  0.46090173
   0.10512949  0.55510880  0.34988476
   0.32492982  0.16329858  0.50000646
   0.32492982  0.66329864  1.00000649
   0.82061289  0.83468648  0.49999310
   0.82061289  0.33468654 -0.00000690
   0.28716948  0.24740517  0.54921172
   0.28716948  0.74740515  0.04921171
   0.28697229  0.24748673  0.45077547
   0.28697229  0.74748673  0.95077547
