   0.25201323  0.24671436  0.10308760
   0.23614580  0.27454002  0.21915779
   0.25201323  0.74671436  0.60308762
   0.23614580  0.77454005  0.71915774
   0.74505683  0.75149409  0.89716758
   0.73581484  0.72783172  0.78085561
   0.74505683  0.25149409  0.39716761
   0.73581484  0.22783174  0.28085555
   0.74515026  0.75091555  0.10283834
   0.73545280  0.72784427  0.21912815
   0.74515026  0.25091558  0.60283836
   0.73545280  0.22784425  0.71912818
   0.25202673  0.24721841  0.89690142
   0.23581005  0.27452724  0.78086138
   0.25202673  0.74721844  0.39690145
   0.23581005  0.77452721  0.28086141
   0.25234902  0.24472780  0.00003971
   0.25234902  0.74472780  0.50003971
   0.74124221  0.76208905  0.99995593
   0.74124221  0.26208905  0.49995587
   0.29390043  0.25048965  0.34835303
   0.29390043  0.75048965  0.84835306
   0.79531412  0.74951822  0.34794168
   0.79531412  0.24951822  0.84794168
   0.79538748  0.74905005  0.65207866
   0.79538748  0.24905006  0.15207868
   0.79417995  0.75323967  0.45076763
   0.79417995  0.25323967  0.95076760
   0.29401943  0.25005847  0.65162727
   0.29401943  0.75005847  0.15162727
   0.79416226  0.75301807  0.54923296
   0.79416226  0.25301807  0.04923296
   0.60067333  0.54762489  0.05458529
   0.32686321  0.32243312  0.40301490
   0.52634959  0.47212430  0.13700653
   0.29219510  0.18720213  0.30446929
   0.50203497  0.49604014  0.25121099
   0.01347455  0.96475604  0.03890091
   0.10542631  0.05462251  0.14998552
   0.60067333  0.04762489  0.55458527
   0.32686321  0.82243312  0.90301490
   0.52634959  0.97212433  0.63700652
   0.29219510  0.68720210  0.80446929
   0.50203497  0.99604017  0.75121102
   0.01347455  0.46475607  0.53890090
   0.10542631  0.55462256  0.64998555
   0.10110530  0.44582996  0.94570570
   0.81941040  0.67943967  0.59676220
   0.02580311  0.52571913  0.86289092
   0.79150477  0.81232721  0.69582495
   0.00199105  0.50533117  0.74880883
   0.51774479  0.03789468  0.96135370
   0.60577213  0.94557851  0.84973503
   0.10110530  0.94582999  0.44570567
   0.81941040  0.17943967  0.09676221
   0.02580311  0.02571916  0.36289092
   0.79150477  0.31232721  0.19582495
   0.00199105  0.00533120  0.24880885
   0.51774479  0.53789470  0.46135367
   0.60577213  0.44557857  0.34973506
   0.10120558  0.44556133  0.05425681
   0.81890374  0.67988438  0.40323340
   0.02585763  0.52530609  0.13713686
   0.79208647  0.81265941  0.30418132
   0.00201501  0.50531918  0.25117654
   0.51772367  0.03774955  0.03868032
   0.60594350  0.94502908  0.15024091
   0.10120558  0.94556130  0.55425685
   0.81890374  0.17988439  0.90323343
   0.02585763  0.02530606  0.63713683
   0.79208647  0.31265944  0.80418129
   0.00201501  0.00531919  0.75117654
   0.51772367  0.53774956  0.53868030
   0.60594350  0.44502908  0.65024094
   0.60082730  0.54810773  0.94545786
   0.32670854  0.32210075  0.59699121
   0.52623309  0.47260878  0.86296769
   0.29290396  0.18687931  0.69552947
   0.50205273  0.49604857  0.74880872
   0.01328848  0.96475453  0.96104690
   0.10526353  0.05505116  0.85005059
   0.60082730  0.04810768  0.44545792
   0.32670854  0.82210075  0.09699122
   0.52623309  0.97260875  0.36296766
   0.29290396  0.68687931  0.19552943
   0.50205273  0.99604857  0.24880869
   0.01328848  0.46475456  0.46104690
   0.10526353  0.55505118  0.35005065
   0.32526279  0.16327041  0.50000038
   0.32526279  0.66327047  1.00000041
   0.82094753  0.83464025  0.49999709
   0.82094753  0.33464031 -0.00000291
   0.28724396  0.24732483  0.54912963
   0.28724396  0.74732482  0.04912962
   0.28715810  0.24750441  0.45086469
   0.28715810  0.74750441  0.95086469
