   0.25089587  0.24510393  0.10378558
   0.23731480  0.27479432  0.22024809
   0.25089587  0.74510393  0.60378559
   0.23731480  0.77479435  0.72024805
   0.74803978  0.75038489  0.89377058
   0.72192865  0.73079474  0.78156695
   0.74803978  0.25038489  0.39377061
   0.72192865  0.23079476  0.28156689
   0.74402878  0.75247625  0.10365787
   0.74604329  0.73121683  0.22008817
   0.74402878  0.25247628  0.60365789
   0.74604329  0.23121682  0.72008820
   0.25468246  0.24736483  0.89350219
   0.23577159  0.28185649  0.78136890
   0.25468246  0.74736486  0.39350222
   0.23577159  0.78185646  0.28136893
   0.25194792  0.24473990  0.00156308
   0.25194792  0.74473990  0.50156308
   0.74656958  0.75914704  1.00135832
   0.74656958  0.25914704  0.50135826
   0.79479048  0.74995568  0.34714964
   0.79479048  0.24995568  0.84714964
   0.79367435  0.75021679  0.65267409
   0.79367435  0.25021680  0.15267410
   0.79585788  0.75244128  0.45049330
   0.79585788  0.25244128  0.95049327
   0.29173859  0.24820796  0.65227699
   0.29173859  0.74820796  0.15227699
   0.29395404  0.24690032  0.45093429
   0.29395404  0.74690032  0.95093429
   0.79486784  0.75363125  0.54940014
   0.79486784  0.25363125  0.04940013
   0.60568880  0.55222180  0.05376283
   0.32077202  0.31997126  0.40521284
   0.52377991  0.47165857  0.13721222
   0.30678839  0.18381489  0.30229050
   0.50352744  0.49763268  0.25090822
   0.01572883  0.96451331  0.03874619
   0.10230606  0.05344770  0.14912933
   0.60568880  0.05222181  0.55376280
   0.32077202  0.81997126  0.90521284
   0.52377991  0.97165860  0.63721221
   0.30678839  0.68381486  0.80229050
   0.50352744  0.99763271  0.75090825
   0.01572883  0.46451334  0.53874618
   0.10230606  0.55344776  0.64912936
   0.10351832  0.44779077  0.94641912
   0.81842278  0.68115581  0.59618668
   0.02593300  0.52408690  0.86214632
   0.78902158  0.80672759  0.69570394
   0.00136258  0.50448844  0.74898831
   0.52019241  0.03532596  0.96236641
   0.59560333  0.95255898  0.85110040
   0.10351832  0.94779080  0.44641909
   0.81842278  0.18115581  0.09618669
   0.02593300  0.02408692  0.36214632
   0.78902158  0.30672759  0.19570394
   0.00136258  0.00448847  0.24898833
   0.52019241  0.53532598  0.46236638
   0.59560333  0.45255904  0.35110043
   0.10647368  0.44242551  0.05347651
   0.81520634  0.68302852  0.40435284
   0.02314429  0.52512540  0.13716457
   0.79115552  0.80763963  0.30372013
   0.00160250  0.50687972  0.25110958
   0.51827559  0.03846756  0.03887348
   0.60279764  0.94574490  0.14946098
   0.10647368  0.94242548  0.55347655
   0.81520634  0.18302854  0.90435286
   0.02314429  0.02512537  0.63716454
   0.79115552  0.30763966  0.80372010
   0.00160250  0.00687972  0.75110958
   0.51827559  0.53846757  0.53887345
   0.60279764  0.44574490  0.64946101
   0.60357237  0.54928467  0.94653449
   0.32533646  0.32044375  0.59662251
   0.52675460  0.47542108  0.86229391
   0.28281701  0.19013234  0.69532436
   0.50436762  0.49470750  0.74846242
   0.01719074  0.96325380  0.96178442
   0.09825487  0.04850618  0.85096282
   0.60357237  0.04928463  0.44653455
   0.32533646  0.82044375  0.09662252
   0.52675460  0.97542105  0.36229388
   0.28281701  0.69013234  0.19532432
   0.50436762  0.99470750  0.24846239
   0.01719074  0.46325383  0.46178442
   0.09825487  0.54850620  0.35096288
   0.32449256  0.16729928  0.50016173
   0.32449256  0.66729934  1.00016175
   0.82343489  0.83230492  0.50020255
   0.82343489  0.33230498  0.00020255
   0.29071981  0.24710589  0.34576254
   0.29071981  0.74710589  0.84576257
   0.28965183  0.24760201  0.54971865
   0.28965183  0.74760199  0.04971864
