   0.25213269  0.24557643  0.10430594
   0.23843332  0.27354510  0.22053221
   0.25213269  0.74557643  0.60430596
   0.23843332  0.77354513  0.72053217
   0.75098996  0.74985472  0.89333278
   0.72784065  0.72955758  0.78133766
   0.75098996  0.24985472  0.39333281
   0.72784065  0.22955760  0.28133760
   0.74580724  0.75200219  0.10433435
   0.74203960  0.72933186  0.22010615
   0.74580724  0.25200222  0.60433437
   0.74203960  0.22933184  0.72010618
   0.25662341  0.24896014  0.89308566
   0.23585885  0.28126928  0.78155923
   0.25662341  0.74896017  0.39308569
   0.23585885  0.78126925  0.28155926
   0.24813572  0.24432556  0.00178416
   0.24813572  0.74432556  0.50178416
   0.74300521  0.75859499  1.00056022
   0.74300521  0.25859499  0.50056016
   0.79689472  0.74936556  0.34710645
   0.79689472  0.24936556  0.84710645
   0.79553307  0.75058835  0.65360107
   0.79553307  0.25058836  0.15360108
   0.79352269  0.75225974  0.44982576
   0.79352269  0.25225974  0.94982573
   0.29408344  0.24838871  0.65310596
   0.29408344  0.74838871  0.15310596
   0.29097536  0.24678973  0.45014512
   0.29097536  0.74678973  0.95014512
   0.79239343  0.75377318  0.54962080
   0.79239343  0.25377318  0.04962079
   0.60506851  0.55332424  0.05451194
   0.31890273  0.31920014  0.40444652
   0.52620240  0.47200013  0.13765712
   0.29971229  0.18094998  0.30216666
   0.50381244  0.49608055  0.25131647
   0.01154140  0.96295273  0.03862516
   0.10475553  0.05407628  0.15007482
   0.60506851  0.05332424  0.55451192
   0.31890273  0.81920014  0.90444652
   0.52620240  0.97200016  0.63765710
   0.29971229  0.68094995  0.80216666
   0.50381244  0.99608058  0.75131650
   0.01154140  0.46295276  0.53862515
   0.10475553  0.55407633  0.65007485
   0.10162478  0.44707993  0.94566680
   0.81966174  0.68043971  0.59667212
   0.02722412  0.52532702  0.86216435
   0.78947783  0.80895436  0.69599739
   0.00127193  0.50339453  0.74880648
   0.51418372  0.03824376  0.96165346
   0.60194955  0.94959709  0.85011199
   0.10162478  0.94707996  0.44566677
   0.81966174  0.18043971  0.09667214
   0.02722412  0.02532705  0.36216435
   0.78947783  0.30895436  0.19599739
   0.00127193  0.00339456  0.24880649
   0.51418372  0.53824379  0.46165343
   0.60194955  0.44959715  0.35011202
   0.10672619  0.44051836  0.05366491
   0.81568866  0.68268017  0.40375222
   0.02550897  0.52495722  0.13784278
   0.79291392  0.81115771  0.30322456
   0.00112903  0.50554190  0.25132611
   0.51284333  0.04225297  0.03928341
   0.60584302  0.94502746  0.15046241
   0.10672619  0.94051833  0.55366495
   0.81568866  0.18268019  0.90375225
   0.02550897  0.02495720  0.63784275
   0.79291392  0.31115774  0.80322453
   0.00112903  0.00554191  0.75132611
   0.51284333  0.54225298  0.53928338
   0.60584302  0.44502746  0.65046244
   0.60353735  0.55220518  0.94618173
   0.32584170  0.32195952  0.59721666
   0.52869646  0.47491272  0.86205666
   0.29037046  0.18878045  0.69572579
   0.50405239  0.49431147  0.74857624
   0.01028482  0.95939819  0.96098188
   0.10447333  0.05390605  0.84989701
   0.60353735  0.05220513  0.44618179
   0.32584170  0.82195952  0.09721668
   0.52869646  0.97491269  0.36205663
   0.29037046  0.68878045  0.19572575
   0.50405239  0.99431147  0.24857621
   0.01028482  0.45939822  0.46098188
   0.10447333  0.55390608  0.34989707
   0.32165477  0.16604600  0.49995547
   0.32165477  0.66604606  0.99995550
   0.81997433  0.83408068  0.50008158
   0.81997433  0.33408074  0.00008158
   0.29243047  0.24858381  0.34558645
   0.29243047  0.74858381  0.84558648
   0.28837217  0.24787641  0.54996925
   0.28837217  0.74787640  0.04996924
