   0.25135041  0.24519517  0.10406069
   0.23826485  0.27377511  0.22047869
   0.25135041  0.74519517  0.60406071
   0.23826485  0.77377514  0.72047865
   0.74930970  0.74994096  0.89356421
   0.72497546  0.73041367  0.78150337
   0.74930970  0.24994096  0.39356424
   0.72497546  0.23041369  0.28150331
   0.74483397  0.75210663  0.10396807
   0.74447811  0.73032804  0.22015965
   0.74483397  0.25210666  0.60396809
   0.74447811  0.23032803  0.72015968
   0.25613297  0.24861236  0.89330742
   0.23593591  0.28158570  0.78154167
   0.25613297  0.74861239  0.39330745
   0.23593591  0.78158567  0.28154170
   0.24999240  0.24505161  0.00167029
   0.24999240  0.74505161  0.50167029
   0.74451834  0.75866681  1.00106718
   0.74451834  0.25866681  0.50106712
   0.79615525  0.74974540  0.34696574
   0.79615525  0.24974540  0.84696574
   0.79487920  0.75015541  0.65299959
   0.79487920  0.25015543  0.15299961
   0.79434400  0.75222009  0.45020337
   0.79434400  0.25222009  0.95020334
   0.29324191  0.24842114  0.65259699
   0.29324191  0.74842114  0.15259699
   0.29215873  0.24713074  0.45058446
   0.29215873  0.74713074  0.95058446
   0.79365033  0.75360965  0.54953516
   0.79365033  0.25360965  0.04953516
   0.60506252  0.55269889  0.05400989
   0.31965363  0.31959528  0.40477201
   0.52506646  0.47171536  0.13746360
   0.30340736  0.18278647  0.30218460
   0.50382911  0.49700035  0.25113221
   0.01358615  0.96388453  0.03871867
   0.10408923  0.05401988  0.14961699
   0.60506252  0.05269890  0.55400987
   0.31965363  0.81959528  0.90477201
   0.52506646  0.97171539  0.63746359
   0.30340736  0.68278644  0.80218460
   0.50382911  0.99700038  0.75113224
   0.01358615  0.46388456  0.53871866
   0.10408923  0.55401993  0.64961702
   0.10198959  0.44763641  0.94609488
   0.81915875  0.68100224  0.59640466
   0.02664080  0.52494132  0.86209901
   0.78872874  0.80726461  0.69603922
   0.00148889  0.50379339  0.74894590
   0.51689219  0.03671565  0.96197061
   0.59932024  0.95069789  0.85056725
   0.10198959  0.94763644  0.44609485
   0.81915875  0.18100224  0.09640468
   0.02664080  0.02494134  0.36209901
   0.78872874  0.30726461  0.19603922
   0.00148889  0.00379342  0.24894592
   0.51689219  0.53671567  0.46197058
   0.59932024  0.45069795  0.35056728
   0.10619119  0.44185330  0.05351872
   0.81463007  0.68308995  0.40396820
   0.02429908  0.52531218  0.13758387
   0.79224541  0.80857307  0.30358150
   0.00148472  0.50586243  0.25126024
   0.51562519  0.03999253  0.03905270
   0.60471464  0.94524779  0.14988107
   0.10619119  0.94185327  0.55351876
   0.81463007  0.18308996  0.90396823
   0.02429908  0.02531215  0.63758384
   0.79224541  0.30857310  0.80358147
   0.00148472  0.00586244  0.75126024
   0.51562519  0.53999254  0.53905267
   0.60471464  0.44524779  0.64988110
   0.60266336  0.55019825  0.94633908
   0.32544691  0.32101914  0.59689415
   0.52765813  0.47501529  0.86207288
   0.28709218  0.18975636  0.69570261
   0.50446904  0.49451094  0.74853064
   0.01353858  0.96157406  0.96135750
   0.10206009  0.05155380  0.85043922
   0.60266336  0.05019821  0.44633914
   0.32544691  0.82101914  0.09689416
   0.52765813  0.97501526  0.36207285
   0.28709218  0.68975636  0.19570256
   0.50446904  0.99451094  0.24853061
   0.01353858  0.46157409  0.46135750
   0.10206009  0.55155382  0.35043927
   0.32284247  0.16723645  0.50003610
   0.32284247  0.66723651  1.00003613
   0.82137817  0.83270876  0.50011220
   0.82137817  0.33270882  0.00011220
   0.29171311  0.24784902  0.34558292
   0.29171311  0.74784902  0.84558295
   0.28881213  0.24793574  0.54986025
   0.28881213  0.74793573  0.04986024
