   0.25083810  0.24509321  0.10374913
   0.23707422  0.27497767  0.22021384
   0.25083810  0.74509321  0.60374915
   0.23707422  0.77497770  0.72021379
   0.74793749  0.75045323  0.89379446
   0.72152530  0.73082186  0.78155985
   0.74793749  0.25045323  0.39379449
   0.72152530  0.23082187  0.28155979
   0.74389449  0.75254098  0.10362314
   0.74612151  0.73130910  0.22007579
   0.74389449  0.25254101  0.60362316
   0.74612151  0.23130908  0.72007582
   0.25450758  0.24715234  0.89352385
   0.23567947  0.28193854  0.78133729
   0.25450758  0.74715237  0.39352388
   0.23567947  0.78193851  0.28133732
   0.25221515  0.24464604  0.00156251
   0.25221515  0.74464604  0.50156251
   0.74688091  0.75919900  1.00138118
   0.74688091  0.25919900  0.50138112
   0.79455954  0.75005289  0.34716671
   0.79455954  0.25005289  0.84716671
   0.79349222  0.75023084  0.65261696
   0.79349222  0.25023086  0.15261698
   0.79616448  0.75248456  0.45055571
   0.79616448  0.25248456  0.95055568
   0.29149721  0.24821032  0.65219209
   0.29149721  0.74821032  0.15219209
   0.29425526  0.24680625  0.45099901
   0.29425526  0.74680625  0.95099901
   0.79507461  0.75364159  0.54937344
   0.79507461  0.25364159  0.04937344
   0.60578721  0.55219706  0.05375398
   0.32091056  0.31998435  0.40526843
   0.52365189  0.47167894  0.13718308
   0.30712256  0.18384041  0.30231550
   0.50341842  0.49770245  0.25087115
   0.01606546  0.96455123  0.03874663
   0.10193905  0.05333282  0.14906732
   0.60578721  0.05219707  0.55375396
   0.32091056  0.81998435  0.90526843
   0.52365189  0.97167897  0.63718306
   0.30712256  0.68384039  0.80231550
   0.50341842  0.99770248  0.75087118
   0.01606546  0.46455126  0.53874662
   0.10193905  0.55333288  0.64906735
   0.10387738  0.44777715  0.94645254
   0.81832808  0.68113435  0.59616989
   0.02588428  0.52392442  0.86216100
   0.78916546  0.80681671  0.69564150
   0.00127041  0.50461151  0.74898149
   0.52066980  0.03518272  0.96241265
   0.59499435  0.95289976  0.85118059
   0.10387738  0.94777718  0.44645251
   0.81832808  0.18113435  0.09616990
   0.02588428  0.02392445  0.36216100
   0.78916546  0.30681671  0.19564150
   0.00127041  0.00461154  0.24898151
   0.52066980  0.53518274  0.46241262
   0.59499435  0.45289982  0.35118062
   0.10662653  0.44249059  0.05348054
   0.81536238  0.68299628  0.40440502
   0.02300710  0.52501121  0.13710552
   0.79097278  0.80763759  0.30374767
   0.00154429  0.50704296  0.25108175
   0.51858368  0.03829687  0.03885999
   0.60249576  0.94588968  0.14942252
   0.10662653  0.94249056  0.55348058
   0.81536238  0.18299629  0.90440505
   0.02300710  0.02501119  0.63710549
   0.79097278  0.30763762  0.80374764
   0.00154429  0.00704297  0.75108175
   0.51858368  0.53829688  0.53885996
   0.60249576  0.44588968  0.64942255
   0.60386857  0.54926044  0.94655991
   0.32534593  0.32039484  0.59659073
   0.52667450  0.47554092  0.86233398
   0.28220962  0.19008603  0.69527809
   0.50426783  0.49473598  0.74844515
   0.01772762  0.96337153  0.96183767
   0.09765945  0.04801531  0.85103222
   0.60386857  0.04926040  0.44655997
   0.32534593  0.82039484  0.09659075
   0.52667450  0.97554089  0.36233395
   0.28220962  0.69008603  0.19527805
   0.50426783  0.99473598  0.24844512
   0.01772762  0.46337156  0.46183767
   0.09765945  0.54801533  0.35103227
   0.32478627  0.16725398  0.50018141
   0.32478627  0.66725404  1.00018144
   0.82376522  0.83231609  0.50021367
   0.82376522  0.33231615  0.00021367
   0.29051189  0.24697747  0.34580083
   0.29051189  0.74697747  0.84580086
   0.28978779  0.24748971  0.54969255
   0.28978779  0.74748969  0.04969254
