   0.25084185  0.24499363  0.10360081
   0.23513336  0.27609097  0.21995869
   0.25084185  0.74499363  0.60360083
   0.23513336  0.77609100  0.71995864
   0.74769335  0.75114072  0.89385361
   0.71920469  0.73109093  0.78144547
   0.74769335  0.25114072  0.39385364
   0.71920469  0.23109094  0.28144541
   0.74357935  0.75294130  0.10349563
   0.74564552  0.73188330  0.21994168
   0.74357935  0.25294133  0.60349565
   0.74564552  0.23188328  0.71994171
   0.25398023  0.24561690  0.89355754
   0.23463269  0.28246738  0.78113519
   0.25398023  0.74561693  0.39355757
   0.23463269  0.78246735  0.28113522
   0.25392954  0.24400174  0.00158224
   0.25392954  0.74400174  0.50158224
   0.74871713  0.75939234  1.00146551
   0.74871713  0.25939234  0.50146545
   0.79350911  0.75053072  0.34723417
   0.79350911  0.25053072  0.84723417
   0.79273595  0.75028331  0.65238972
   0.79273595  0.25028333  0.15238973
   0.79790730  0.75265822  0.45073759
   0.79790730  0.25265822  0.95073756
   0.29041995  0.24805328  0.65198923
   0.29041995  0.74805328  0.15198923
   0.29604678  0.24628303  0.45120650
   0.29604678  0.74628303  0.95120650
   0.79610812  0.75367108  0.54934951
   0.79610812  0.25367108  0.04934951
   0.60677271  0.55197163  0.05376280
   0.32159813  0.31970000  0.40556746
   0.52308369  0.47185353  0.13705367
   0.30779715  0.18387783  0.30239138
   0.50224558  0.49800824  0.25065679
   0.01767232  0.96481335  0.03877959
   0.10038408  0.05252935  0.14879085
   0.60677271  0.05197163  0.55376278
   0.32159813  0.81970000  0.90556746
   0.52308369  0.97185356  0.63705365
   0.30779715  0.68387780  0.80239138
   0.50224558  0.99800827  0.75065682
   0.01767232  0.46481338  0.53877958
   0.10038408  0.55252940  0.64879088
   0.10646727  0.44683276  0.94664084
   0.81800704  0.68112686  0.59608198
   0.02579323  0.52282125  0.86221013
   0.79010603  0.80773199  0.69541490
   0.00007002  0.50529477  0.74890328
   0.52295668  0.03475670  0.96263957
   0.59146768  0.95521431  0.85159130
   0.10646727  0.94683279  0.44664081
   0.81800704  0.18112686  0.09608200
   0.02579323  0.02282127  0.36221013
   0.79010603  0.30773199  0.19541490
   0.00007002  0.00529480  0.24890329
   0.52295668  0.53475672  0.46263954
   0.59146768  0.45521437  0.35159133
   0.10744375  0.44250297  0.05352954
   0.81627810  0.68310444  0.40468056
   0.02265159  0.52449995  0.13680993
   0.78994701  0.80784303  0.30383318
   0.00053396  0.50792547  0.25091528
   0.52028737  0.03773536  0.03885062
   0.60095295  0.94645775  0.14929425
   0.10744375  0.94250294  0.55352959
   0.81627810  0.18310445  0.90468059
   0.02265159  0.02449992  0.63680990
   0.78994701  0.30784306  0.80383315
   0.00053396  0.00792548  0.75091528
   0.52028737  0.53773537  0.53885060
   0.60095295  0.44645775  0.64929428
   0.60641274  0.54984366  0.94673020
   0.32542844  0.32005393  0.59648518
   0.52653682  0.47642969  0.86248122
   0.27906943  0.18956920  0.69503309
   0.50315390  0.49491704  0.74833160
   0.02010675  0.96363277  0.96210194
   0.09420539  0.04525804  0.85136587
   0.60641274  0.04984362  0.44673026
   0.32542844  0.82005393  0.09648519
   0.52653682  0.97642966  0.36248119
   0.27906943  0.68956920  0.19503304
   0.50315390  0.99491704  0.24833157
   0.02010675  0.46363280  0.46210194
   0.09420539  0.54525806  0.35136593
   0.32644028  0.16691038  0.50029013
   0.32644028  0.66691044  1.00029015
   0.82545277  0.83233075  0.50030709
   0.82545277  0.33233081  0.00030709
   0.28973655  0.24620384  0.34588087
   0.28973655  0.74620384  0.84588090
   0.29085536  0.24715016  0.54965171
   0.29085536  0.74715015  0.04965170
