   0.25085243  0.24498638  0.10359446
   0.23500791  0.27614225  0.21994235
   0.25085243  0.74498638  0.60359447
   0.23500791  0.77614228  0.71994231
   0.74768682  0.75119085  0.89385721
   0.71909081  0.73110580  0.78143815
   0.74768682  0.25119085  0.39385724
   0.71909081  0.23110581  0.28143809
   0.74357783  0.75295790  0.10349064
   0.74557751  0.73190278  0.21993015
   0.74357783  0.25295793  0.60349066
   0.74557751  0.23190277  0.71993018
   0.25396958  0.24553477  0.89355888
   0.23454983  0.28249283  0.78112614
   0.25396958  0.74553480  0.39355891
   0.23454983  0.78249280  0.28112617
   0.25401199  0.24397200  0.00158637
   0.25401199  0.74397200  0.50158637
   0.74880813  0.75939740  1.00147083
   0.74880813  0.25939740  0.50147077
   0.79345534  0.75057212  0.34723246
   0.79345534  0.25057212  0.84723246
   0.79270845  0.75027024  0.65236718
   0.79270845  0.25027026  0.15236719
   0.79801271  0.75266521  0.45075228
   0.79801271  0.25266521  0.95075225
   0.29038241  0.24806161  0.65196539
   0.29038241  0.74806161  0.15196539
   0.29615362  0.24625423  0.45122165
   0.29615362  0.74625423  0.95122165
   0.79617306  0.75366472  0.54935116
   0.79617306  0.25366472  0.04935115
   0.60679631  0.55198491  0.05376630
   0.32162960  0.31968115  0.40557601
   0.52307357  0.47186051  0.13705177
   0.30778772  0.18388566  0.30239202
   0.50217750  0.49801954  0.25064777
   0.01775041  0.96480320  0.03878226
   0.10032709  0.05249992  0.14878462
   0.60679631  0.05198492  0.55376627
   0.32162960  0.81968115  0.90557601
   0.52307357  0.97186054  0.63705175
   0.30778772  0.68388563  0.80239202
   0.50217750  0.99801957  0.75064780
   0.01775041  0.46480323  0.53878225
   0.10032709  0.55249997  0.64878465
   0.10660667  0.44676673  0.94664797
   0.81800435  0.68112352  0.59608440
   0.02579957  0.52277187  0.86220957
   0.79014522  0.80777428  0.69541230
   0.00000171  0.50531961  0.74889730
   0.52304975  0.03475264  0.96264714
   0.59129656  0.95532991  0.85160727
   0.10660667  0.94676676  0.44664794
   0.81800435  0.18112352  0.09608442
   0.02579957  0.02277189  0.36220957
   0.79014522  0.30777428  0.19541230
   0.00000171  0.00531964  0.24889732
   0.52304975  0.53475266  0.46264711
   0.59129656  0.45532997  0.35160730
   0.10750069  0.44251834  0.05353376
   0.81631510  0.68311763  0.40468826
   0.02264766  0.52447464  0.13680157
   0.78990853  0.80784592  0.30383772
   0.00047095  0.50795802  0.25090826
   0.52033182  0.03770025  0.03885230
   0.60090275  0.94647866  0.14929400
   0.10750069  0.94251831  0.55353380
   0.81631510  0.18311764  0.90468829
   0.02264766  0.02447462  0.63680154
   0.78990853  0.30784595  0.80383769
   0.00047095  0.00795803  0.75090826
   0.52033182  0.53770026  0.53885227
   0.60090275  0.44647866  0.64929403
   0.60655360  0.54988903  0.94673692
   0.32543647  0.32003678  0.59648416
   0.52653668  0.47648317  0.86248298
   0.27896004  0.18954286  0.69503284
   0.50308947  0.49492603  0.74832445
   0.02019867  0.96362490  0.96211045
   0.09404996  0.04512916  0.85137800
   0.60655360  0.04988899  0.44673698
   0.32543647  0.82003678  0.09648417
   0.52653668  0.97648314  0.36248295
   0.27896004  0.68954286  0.19503279
   0.50308947  0.99492603  0.24832442
   0.02019867  0.46362493  0.46211045
   0.09404996  0.54512918  0.35137805
   0.32650791  0.16689878  0.50029530
   0.32650791  0.66689884  1.00029533
   0.82552455  0.83233153  0.50030892
   0.82552455  0.33233159  0.00030892
   0.28968654  0.24616589  0.34588420
   0.28968654  0.74616589  0.84588423
   0.29091386  0.24713367  0.54965387
   0.29091386  0.74713365  0.04965386
