   0.25083255  0.24499993  0.10360619
   0.23528474  0.27602587  0.21997557
   0.25083255  0.74499993  0.60360621
   0.23528474  0.77602590  0.71997552
   0.74769805  0.75108757  0.89385467
   0.71935072  0.73107295  0.78145803
   0.74769805  0.25108757  0.39385470
   0.71935072  0.23107296  0.28145797
   0.74358924  0.75292436  0.10349980
   0.74572360  0.73185828  0.21995264
   0.74358924  0.25292439  0.60349982
   0.74572360  0.23185827  0.71995267
   0.25399400  0.24570865  0.89356134
   0.23472193  0.28242902  0.78115030
   0.25399400  0.74570868  0.39356137
   0.23472193  0.78242899  0.28115033
   0.25383348  0.24403483  0.00158014
   0.25383348  0.74403483  0.50158014
   0.74861785  0.75938735  1.00146166
   0.74861785  0.25938735  0.50146160
   0.79357012  0.75049059  0.34723257
   0.79357012  0.25049059  0.84723257
   0.79276501  0.75027977  0.65239856
   0.79276501  0.25027978  0.15239858
   0.79779804  0.75264534  0.45072920
   0.79779804  0.25264534  0.95072917
   0.29046882  0.24806424  0.65199650
   0.29046882  0.74806424  0.15199650
   0.29593879  0.24632057  0.45119599
   0.29593879  0.74632057  0.95119599
   0.79604895  0.75366853  0.54934827
   0.79604895  0.25366853  0.04934827
   0.60671241  0.55198875  0.05375826
   0.32155021  0.31973264  0.40555036
   0.52309467  0.47183999  0.13705792
   0.30780014  0.18387271  0.30239057
   0.50233971  0.49799237  0.25067072
   0.01757932  0.96479358  0.03877485
   0.10046230  0.05258346  0.14880265
   0.60671241  0.05198875  0.55375824
   0.32155021  0.81973264  0.90555036
   0.52309467  0.97184002  0.63705790
   0.30780014  0.68387268  0.80239057
   0.50233971  0.99799240  0.75067075
   0.01757932  0.46479361  0.53877485
   0.10046230  0.55258352  0.64880268
   0.10627041  0.44692549  0.94662906
   0.81800907  0.68113099  0.59608397
   0.02577846  0.52289649  0.86220967
   0.79004462  0.80767435  0.69542750
   0.00017152  0.50525921  0.74891194
   0.52282936  0.03476986  0.96262675
   0.59170764  0.95503859  0.85156702
   0.10627041  0.94692552  0.44662903
   0.81800907  0.18113099  0.09608399
   0.02577846  0.02289651  0.36220967
   0.79004462  0.30767435  0.19542750
   0.00017152  0.00525924  0.24891195
   0.52282936  0.53476989  0.46262672
   0.59170764  0.45503865  0.35156705
   0.10739426  0.44250460  0.05352361
   0.81621999  0.68308466  0.40466486
   0.02264787  0.52453671  0.13682366
   0.79000691  0.80783024  0.30383352
   0.00062523  0.50787585  0.25092640
   0.52018686  0.03776570  0.03884731
   0.60103042  0.94642297  0.14929689
   0.10739426  0.94250457  0.55352365
   0.81621999  0.18308468  0.90466489
   0.02264787  0.02453668  0.63682363
   0.79000691  0.30783027  0.80383349
   0.00062523  0.00787585  0.75092640
   0.52018686  0.53776571  0.53884729
   0.60103042  0.44642297  0.64929691
   0.60621977  0.54977427  0.94671896
   0.32540814  0.32007321  0.59648777
   0.52652977  0.47635491  0.86247670
   0.27923490  0.18959883  0.69504576
   0.50324860  0.49490503  0.74834203
   0.01997786  0.96364020  0.96208772
   0.09443512  0.04544414  0.85134704
   0.60621977  0.04977422  0.44671902
   0.32540814  0.82007321  0.09648778
   0.52652977  0.97635488  0.36247667
   0.27923490  0.68959883  0.19504571
   0.50324860  0.99490503  0.24834200
   0.01997786  0.46364023  0.46208772
   0.09443512  0.54544416  0.35134710
   0.32633163  0.16693526  0.50028279
   0.32633163  0.66693532  1.00028282
   0.82534399  0.83232795  0.50030020
   0.82534399  0.33232801  0.00030020
   0.28978875  0.24625689  0.34588070
   0.28978875  0.74625689  0.84588073
   0.29078389  0.24717207  0.54965133
   0.29078389  0.74717205  0.04965131
