   0.25084833  0.24498072  0.10359063
   0.23484519  0.27620647  0.21992992
   0.25084833  0.74498072  0.60359064
   0.23484519  0.77620650  0.71992987
   0.74767036  0.75124988  0.89385345
   0.71892791  0.73112835  0.78142099
   0.74767036  0.25124988  0.39385348
   0.71892791  0.23112837  0.28142093
   0.74355542  0.75297603  0.10348841
   0.74548182  0.73193351  0.21992391
   0.74355542  0.25297606  0.60348843
   0.74548182  0.23193350  0.71992394
   0.25395404  0.24543663  0.89355242
   0.23444731  0.28253499  0.78110658
   0.25395404  0.74543666  0.39355245
   0.23444731  0.78253496  0.28110661
   0.25410749  0.24393504  0.00158588
   0.25410749  0.74393504  0.50158588
   0.74891192  0.75940705  1.00147138
   0.74891192  0.25940705  0.50147132
   0.79339546  0.75059097  0.34724585
   0.79339546  0.25059097  0.84724585
   0.79268986  0.75026046  0.65235199
   0.79268986  0.25026048  0.15235200
   0.79811755  0.75268636  0.45075588
   0.79811755  0.25268636  0.95075585
   0.29034685  0.24806227  0.65195448
   0.29034685  0.74806227  0.15195448
   0.29625411  0.24621073  0.45122777
   0.29625411  0.74621073  0.95122777
   0.79623319  0.75366249  0.54934911
   0.79623319  0.25366249  0.04934910
   0.60687771  0.55194495  0.05377320
   0.32168740  0.31964920  0.40559513
   0.52306588  0.47187825  0.13704525
   0.30777809  0.18388205  0.30238806
   0.50205838  0.49803683  0.25063159
   0.01786533  0.96482555  0.03878883
   0.10024893  0.05244796  0.14876963
   0.60687771  0.05194496  0.55377317
   0.32168740  0.81964920  0.90559513
   0.52306588  0.97187828  0.63704523
   0.30777809  0.68388202  0.80238806
   0.50205838  0.99803686  0.75063162
   0.01786533  0.46482558  0.53878882
   0.10024893  0.55244801  0.64876966
   0.10682711  0.44666594  0.94666313
   0.81801252  0.68111055  0.59607984
   0.02581826  0.52268655  0.86220914
   0.79021775  0.80786566  0.69541199
  -0.00012786  0.50536039  0.74888747
   0.52318818  0.03474253  0.96266298
   0.59101771  0.95551942  0.85163245
   0.10682711  0.94666597  0.44666310
   0.81801252  0.18111055  0.09607985
   0.02581826  0.02268657  0.36220914
   0.79021775  0.30786566  0.19541199
  -0.00012786  0.00536042  0.24888749
   0.52318818  0.53474256  0.46266295
   0.59101771  0.45551948  0.35163248
   0.10755361  0.44252273  0.05354200
   0.81638150  0.68313795  0.40470715
   0.02265518  0.52443074  0.13678478
   0.78984885  0.80787011  0.30382937
   0.00035253  0.50801532  0.25089485
   0.52046394  0.03767951  0.03885741
   0.60082593  0.94651276  0.14928909
   0.10755361  0.94252270  0.55354204
   0.81638150  0.18313796  0.90470718
   0.02265518  0.02443071  0.63678475
   0.78984885  0.30787013  0.80382934
   0.00035253  0.00801532  0.75089485
   0.52046394  0.53767952  0.53885738
   0.60082593  0.44651276  0.64928912
   0.60676858  0.54996873  0.94675143
   0.32547783  0.32002215  0.59648046
   0.52654220  0.47657318  0.86248646
   0.27878631  0.18948114  0.69503168
   0.50297076  0.49493905  0.74831346
   0.02033801  0.96361009  0.96212749
   0.09380040  0.04491027  0.85139693
   0.60676858  0.04996869  0.44675149
   0.32547783  0.82002215  0.09648048
   0.52654220  0.97657315  0.36248643
   0.27878631  0.68948114  0.19503163
   0.50297076  0.99493905  0.24831343
   0.02033801  0.46361012  0.46212749
   0.09380040  0.54491029  0.35139699
   0.32664171  0.16686838  0.50030504
   0.32664171  0.66686844  1.00030507
   0.82565610  0.83233630  0.50031910
   0.82565610  0.33233636  0.00031910
   0.28963949  0.24613022  0.34588563
   0.28963949  0.74613022  0.84588566
   0.29097458  0.24711339  0.54965026
   0.29097458  0.74711337  0.04965024
