   0.25093350  0.24497631  0.10357448
   0.23430931  0.27638571  0.21987387
   0.25093350  0.74497631  0.60357450
   0.23430931  0.77638574  0.71987383
   0.74763095  0.75145510  0.89384461
   0.71845831  0.73121788  0.78137531
   0.74763095  0.25145510  0.39384464
   0.71845831  0.23121789  0.28137525
   0.74360808  0.75301617  0.10347828
   0.74512170  0.73204193  0.21988395
   0.74360808  0.25301620  0.60347830
   0.74512170  0.23204192  0.71988398
   0.25394193  0.24510284  0.89353445
   0.23406891  0.28260938  0.78105682
   0.25394193  0.74510287  0.39353448
   0.23406891  0.78260935  0.28105685
   0.25446740  0.24382551  0.00159790
   0.25446740  0.74382551  0.50159790
   0.74932388  0.75942705  1.00148654
   0.74932388  0.25942705  0.50148648
   0.79314421  0.75071686  0.34723741
   0.79314421  0.25071686  0.84723741
   0.79259548  0.75026466  0.65232647
   0.79259548  0.25026468  0.15232648
   0.79853051  0.75273844  0.45079335
   0.79853051  0.25273844  0.95079332
   0.29020688  0.24805198  0.65192749
   0.29020688  0.74805198  0.15192749
   0.29666303  0.24608006  0.45127166
   0.29666303  0.74608006  0.95127166
   0.79650800  0.75365052  0.54935991
   0.79650800  0.25365052  0.04935991
   0.60710807  0.55186808  0.05379406
   0.32182240  0.31954378  0.40565148
   0.52302875  0.47190607  0.13703665
   0.30765045  0.18392735  0.30237727
   0.50168995  0.49809199  0.25058901
   0.01818752  0.96484118  0.03880816
   0.10005449  0.05233405  0.14874458
   0.60710807  0.05186808  0.55379404
   0.32182240  0.81954378  0.90565148
   0.52302875  0.97190610  0.63703664
   0.30765045  0.68392732  0.80237727
   0.50168995  0.99809202  0.75058904
   0.01818752  0.46484121  0.53880816
   0.10005449  0.55233410  0.64874461
   0.10752624  0.44635893  0.94669962
   0.81801517  0.68110128  0.59608375
   0.02579448  0.52240380  0.86220511
   0.79039088  0.80802020  0.69536187
  -0.00051897  0.50547701  0.74886083
   0.52360564  0.03476709  0.96269749
   0.59018238  0.95609640  0.85170712
   0.10752624  0.94635896  0.44669959
   0.81801517  0.18110128  0.09608377
   0.02579448  0.02240382  0.36220511
   0.79039088  0.30802020  0.19536187
  -0.00051897  0.00547704  0.24886085
   0.52360564  0.53476711  0.46269746
   0.59018238  0.45609646  0.35170715
   0.10773450  0.44254133  0.05356543
   0.81652805  0.68323171  0.40475569
   0.02265740  0.52434411  0.13675017
   0.78965742  0.80787691  0.30383547
  -0.00000721  0.50817294  0.25086007
   0.52079286  0.03762482  0.03887230
   0.60064163  0.94658280  0.14928880
   0.10773450  0.94254130  0.55356547
   0.81652805  0.18323172  0.90475572
   0.02265740  0.02434409  0.63675014
   0.78965742  0.30787694  0.80383544
  -0.00000721  0.00817294  0.75086007
   0.52079286  0.53762483  0.53887228
   0.60064163  0.44658280  0.64928883
   0.60747104  0.55020053  0.94678697
   0.32554905  0.31997026  0.59648260
   0.52653276  0.47683047  0.86249071
   0.27835023  0.18942682  0.69498250
   0.50260935  0.49498592  0.74828267
   0.02075070  0.96352986  0.96216590
   0.09301371  0.04432242  0.85145480
   0.60747104  0.05020049  0.44678703
   0.32554905  0.81997026  0.09648261
   0.52653276  0.97683044  0.36249068
   0.27835023  0.68942682  0.19498246
   0.50260935  0.99498592  0.24828264
   0.02075070  0.46352989  0.46216590
   0.09301371  0.54432245  0.35145486
   0.32698397  0.16679848  0.50032507
   0.32698397  0.66679854  1.00032510
   0.82599247  0.83233704  0.50034024
   0.82599247  0.33233710  0.00034024
   0.28938056  0.24589557  0.34586019
   0.28938056  0.74589557  0.84586022
   0.29131168  0.24703018  0.54966083
   0.29131168  0.74703016  0.04966082
