   0.25079065  0.24502369  0.10363292
   0.23569263  0.27584949  0.22002685
   0.25079065  0.74502369  0.60363294
   0.23569263  0.77584952  0.72002680
   0.74771015  0.75093560  0.89384846
   0.71973981  0.73101956  0.78149221
   0.74771015  0.25093560  0.39384849
   0.71973981  0.23101957  0.28149215
   0.74359743  0.75285813  0.10352159
   0.74591302  0.73177149  0.21998671
   0.74359743  0.25285816  0.60352162
   0.74591302  0.23177148  0.71998674
   0.25402287  0.24598409  0.89356170
   0.23496382  0.28234976  0.78119269
   0.25402287  0.74598412  0.39356173
   0.23496382  0.78234973  0.28119272
   0.25355878  0.24414605  0.00157378
   0.25355878  0.74414605  0.50157378
   0.74830619  0.75935490  1.00145030
   0.74830619  0.25935490  0.50145024
   0.79373787  0.75040668  0.34722483
   0.79373787  0.25040668  0.84722483
   0.79286363  0.75027659  0.65242915
   0.79286363  0.25027661  0.15242916
   0.79752213  0.75260684  0.45069612
   0.79752213  0.25260684  0.95069609
   0.29062359  0.24808989  0.65202397
   0.29062359  0.74808989  0.15202397
   0.29566780  0.24642139  0.45115844
   0.29566780  0.74642139  0.95115844
   0.79588470  0.75367999  0.54935131
   0.79588470  0.25367999  0.04935131
   0.60652735  0.55202861  0.05374805
   0.32139468  0.31979727  0.40550576
   0.52313949  0.47180758  0.13707280
   0.30777748  0.18386406  0.30239526
   0.50262384  0.49794647  0.25071013
   0.01728024  0.96474808  0.03876152
   0.10073827  0.05275448  0.14883693
   0.60652735  0.05202862  0.55374803
   0.32139468  0.81979727  0.90550576
   0.52313949  0.97180761  0.63707279
   0.30777748  0.68386403  0.80239526
   0.50262384  0.99794650  0.75071016
   0.01728024  0.46474811  0.53876152
   0.10073827  0.55275453  0.64883696
   0.10570902  0.44717877  0.94659272
   0.81803918  0.68114274  0.59608309
   0.02575132  0.52313735  0.86220751
   0.78983952  0.80747096  0.69545706
   0.00047104  0.50513073  0.74893744
   0.52243129  0.03482099  0.96258770
   0.59241504  0.95451698  0.85149984
   0.10570902  0.94717880  0.44659269
   0.81803918  0.18114274  0.09608310
   0.02575132  0.02313737  0.36220751
   0.78983952  0.30747096  0.19545706
   0.00047104  0.00513076  0.24893746
   0.52243129  0.53482101  0.46258767
   0.59241504  0.45451704  0.35149987
   0.10723136  0.44249678  0.05350867
   0.81603377  0.68304036  0.40462478
   0.02266238  0.52464686  0.13686934
   0.79018417  0.80776650  0.30383695
   0.00088709  0.50770850  0.25095551
   0.51988332  0.03785325  0.03883870
   0.60128478  0.94629229  0.14930295
   0.10723136  0.94249675  0.55350871
   0.81603377  0.18304038  0.90462481
   0.02266238  0.02464684  0.63686931
   0.79018417  0.30776653  0.80383692
   0.00088709  0.00770850  0.75095551
   0.51988332  0.53785326  0.53883868
   0.60128478  0.44629229  0.64930298
   0.60567032  0.54959323  0.94668472
   0.32535631  0.32014433  0.59649542
   0.52649689  0.47614762  0.86246071
   0.27978594  0.18972379  0.69507621
   0.50352679  0.49487953  0.74837447
   0.01958010  0.96364530  0.96204382
   0.09512284  0.04600215  0.85129602
   0.60567032  0.04959319  0.44668478
   0.32535631  0.82014433  0.09649544
   0.52649689  0.97614759  0.36246068
   0.27978594  0.68972379  0.19507617
   0.50352679  0.99487953  0.24837444
   0.01958010  0.46364533  0.46204382
   0.09512284  0.54600217  0.35129608
   0.32599562  0.16700402  0.50025539
   0.32599562  0.66700408  1.00025542
   0.82501104  0.83231828  0.50028219
   0.82501104  0.33231834  0.00028219
   0.28993384  0.24637630  0.34587004
   0.28993384  0.74637630  0.84587007
   0.29062029  0.24724153  0.54965717
   0.29062029  0.74724151  0.04965716
