   0.25114261  0.24515562  0.10394386
   0.23800387  0.27410320  0.22040323
   0.25114261  0.74515562  0.60394388
   0.23800387  0.77410323  0.72040319
   0.74870172  0.75007536  0.89365496
   0.72373400  0.73063184  0.78154884
   0.74870172  0.25007536  0.39365499
   0.72373400  0.23063186  0.28154878
   0.74449970  0.75220006  0.10382555
   0.74526793  0.73070408  0.22014370
   0.74449970  0.25220009  0.60382557
   0.74526793  0.23070406  0.72014373
   0.25555874  0.24822676  0.89339262
   0.23595381  0.28165041  0.78148878
   0.25555874  0.74822679  0.39339265
   0.23595381  0.78165038  0.28148881
   0.25077088  0.24504851  0.00160666
   0.25077088  0.74504851  0.50160666
   0.74530759  0.75884762  1.00121183
   0.74530759  0.25884762  0.50121177
   0.79564373  0.74977328  0.34705719
   0.79564373  0.24977328  0.84705719
   0.79440336  0.75018962  0.65288191
   0.79440336  0.25018964  0.15288193
   0.79487046  0.75229015  0.45032143
   0.79487046  0.25229015  0.95032140
   0.29267165  0.24831200  0.65247504
   0.29267165  0.74831200  0.15247504
   0.29282136  0.24710076  0.45073262
   0.29282136  0.74710076  0.95073262
   0.79415751  0.75359913  0.54946706
   0.79415751  0.25359913  0.04946705
   0.60523354  0.55249054  0.05387247
   0.32010811  0.31978640  0.40495318
   0.52452022  0.47163972  0.13735586
   0.30494061  0.18337897  0.30221030
   0.50379858  0.49730088  0.25105208
   0.01446238  0.96417334  0.03873895
   0.10348508  0.05388405  0.14941023
   0.60523354  0.05249054  0.55387245
   0.32010811  0.81978640  0.90495318
   0.52452022  0.97163975  0.63735584
   0.30494061  0.68337894  0.80221030
   0.50379858  0.99730091  0.75105211
   0.01446238  0.46417337  0.53873895
   0.10348508  0.55388411  0.64941026
   0.10244784  0.44779190  0.94624588
   0.81886828  0.68110812  0.59631182
   0.02631725  0.52468939  0.86210633
   0.78868431  0.80674262  0.69589600
   0.00153422  0.50402857  0.74898381
   0.51818563  0.03609364  0.96213851
   0.59794516  0.95132096  0.85077677
   0.10244784  0.94779193  0.44624585
   0.81886828  0.18110812  0.09631183
   0.02631725  0.02468941  0.36210633
   0.78868431  0.30674262  0.19589600
   0.00153422  0.00402860  0.24898383
   0.51818563  0.53609366  0.46213848
   0.59794516  0.45132102  0.35077680
   0.10620237  0.44218514  0.05348869
   0.81469264  0.68309788  0.40412156
   0.02376771  0.52531985  0.13742125
   0.79185938  0.80798082  0.30362295
   0.00161963  0.50621356  0.25121367
   0.51675365  0.03925864  0.03896676
   0.60402716  0.94540489  0.14967391
   0.10620237  0.94218511  0.55348873
   0.81469264  0.18309789  0.90412159
   0.02376771  0.02531982  0.63742122
   0.79185938  0.30798085  0.80362292
   0.00161963  0.00621356  0.75121367
   0.51675365  0.53925865  0.53896674
   0.60402716  0.44540489  0.64967394
   0.60276413  0.54967427  0.94641958
   0.32537734  0.32074312  0.59677408
   0.52721115  0.47510638  0.86214410
   0.28544899  0.19010118  0.69554908
   0.50454098  0.49458574  0.74851376
   0.01501751  0.96235872  0.96153571
   0.10066571  0.05040430  0.85065949
   0.60276413  0.04967423  0.44641964
   0.32537734  0.82074312  0.09677409
   0.52721115  0.97510635  0.36214407
   0.28544899  0.69010118  0.19554903
   0.50454098  0.99458574  0.24851373
   0.01501751  0.46235875  0.46153571
   0.10066571  0.55040432  0.35065955
   0.32343382  0.16737095  0.50008700
   0.32343382  0.66737101  1.00008703
   0.82216021  0.83244184  0.50014902
   0.82216021  0.33244190  0.00014902
   0.29131451  0.24758335  0.34565622
   0.29131451  0.74758335  0.84565625
   0.28910264  0.24783170  0.54979565
   0.28910264  0.74783169  0.04979564
