   0.25120287  0.24516477  0.10398133
   0.23810022  0.27398791  0.22043018
   0.25120287  0.74516477  0.60398135
   0.23810022  0.77398794  0.72043013
   0.74888286  0.75003079  0.89362799
   0.72413112  0.73056694  0.78153610
   0.74888286  0.25003079  0.39362802
   0.72413112  0.23056695  0.28153604
   0.74460332  0.75216424  0.10386990
   0.74502761  0.73057876  0.22015050
   0.74460332  0.25216427  0.60386992
   0.74502761  0.23057874  0.72015053
   0.25575674  0.24836503  0.89336744
   0.23595382  0.28163237  0.78150797
   0.25575674  0.74836506  0.39336747
   0.23595382  0.78163234  0.28150800
   0.25050480  0.24506823  0.00162464
   0.25050480  0.74506823  0.50162464
   0.74504035  0.75878528  1.00116753
   0.74504035  0.25878528  0.50116747
   0.79582646  0.74974897  0.34703421
   0.79582646  0.24974897  0.84703421
   0.79457488  0.75016844  0.65291769
   0.79457488  0.25016846  0.15291770
   0.79467480  0.75226596  0.45028340
   0.79467480  0.25226596  0.95028337
   0.29287949  0.24835567  0.65251295
   0.29287949  0.74835567  0.15251295
   0.29258066  0.24711903  0.45068368
   0.29258066  0.74711903  0.95068368
   0.79398458  0.75359375  0.54948642
   0.79398458  0.25359375  0.04948641
   0.60515732  0.55256869  0.05391334
   0.31996022  0.31973231  0.40488988
   0.52470082  0.47165597  0.13739275
   0.30445304  0.18319542  0.30219626
   0.50381774  0.49720766  0.25107982
   0.01418150  0.96407728  0.03873431
   0.10370555  0.05393864  0.14947845
   0.60515732  0.05256870  0.55391331
   0.31996022  0.81973231  0.90488988
   0.52470082  0.97165600  0.63739274
   0.30445304  0.68319540  0.80219626
   0.50381774  0.99720769  0.75107985
   0.01418150  0.46407731  0.53873431
   0.10370555  0.55393869  0.64947848
   0.10227311  0.44774631  0.94619824
   0.81897048  0.68107627  0.59634469
   0.02642322  0.52477779  0.86210007
   0.78868021  0.80688722  0.69594926
   0.00153026  0.50393821  0.74897463
   0.51775107  0.03629440  0.96208249
   0.59841885  0.95110707  0.85070500
   0.10227311  0.94774634  0.44619821
   0.81897048  0.18107627  0.09634471
   0.02642322  0.02477781  0.36210007
   0.78868021  0.30688722  0.19594926
   0.00153026  0.00393824  0.24897464
   0.51775107  0.53629443  0.46208246
   0.59841885  0.45110713  0.35070503
   0.10619266  0.44209629  0.05349741
   0.81464742  0.68309788  0.40406649
   0.02393905  0.52533204  0.13747813
   0.79199880  0.80815180  0.30360513
   0.00158297  0.50609072  0.25123061
   0.51638526  0.03948085  0.03899486
   0.60426877  0.94534993  0.14973839
   0.10619266  0.94209626  0.55349745
   0.81464742  0.18309790  0.90406652
   0.02393905  0.02533201  0.63747810
   0.79199880  0.30815183  0.80360510
   0.00158297  0.00609073  0.75123061
   0.51638526  0.53948085  0.53899483
   0.60426877  0.44534993  0.64973842
   0.60269623  0.54982789  0.94639248
   0.32540185  0.32082660  0.59681357
   0.52735984  0.47506635  0.86211526
   0.28600544  0.19000031  0.69560565
   0.50453151  0.49456029  0.74852141
   0.01452658  0.96211223  0.96147639
   0.10114684  0.05079323  0.85058577
   0.60269623  0.04982785  0.44639254
   0.32540185  0.82082660  0.09681359
   0.52735984  0.97506632  0.36211523
   0.28600544  0.69000031  0.19560561
   0.50453151  0.99456029  0.24852138
   0.01452658  0.46211226  0.46147639
   0.10114684  0.55079326  0.35058583
   0.32322885  0.16734686  0.50007055
   0.32322885  0.66734692  1.00007058
   0.82189292  0.83251203  0.50013662
   0.82189292  0.33251209  0.00013662
   0.29145156  0.24768217  0.34563468
   0.29145156  0.74768217  0.84563471
   0.28899514  0.24787295  0.54981543
   0.28899514  0.74787294  0.04981542
