   0.25089796  0.24497799  0.10358198
   0.23464345  0.27626808  0.21990370
   0.25089796  0.74497799  0.60358199
   0.23464345  0.77626811  0.71990365
   0.74768025  0.75132705  0.89385181
   0.71875577  0.73116562  0.78140528
   0.74768025  0.25132705  0.39385184
   0.71875577  0.23116564  0.28140522
   0.74358201  0.75298965  0.10348126
   0.74535481  0.73198033  0.21990440
   0.74358201  0.25298968  0.60348128
   0.74535481  0.23198031  0.71990443
   0.25395583  0.24530734  0.89354661
   0.23430816  0.28255537  0.78108912
   0.25395583  0.74530737  0.39354664
   0.23430816  0.78255534  0.28108915
   0.25426044  0.24388765  0.00159163
   0.25426044  0.74388765  0.50159163
   0.74906441  0.75941366  1.00147977
   0.74906441  0.25941366  0.50147971
   0.79331358  0.75065175  0.34723165
   0.79331358  0.25065175  0.84723165
   0.79264721  0.75026489  0.65234748
   0.79264721  0.25026491  0.15234749
   0.79827352  0.75268772  0.45077074
   0.79827352  0.25268772  0.95077071
   0.29028553  0.24804746  0.65194960
   0.29028553  0.74804746  0.15194960
   0.29641185  0.24617603  0.45124370
   0.29641185  0.74617603  0.95124370
   0.79631492  0.75366777  0.54935622
   0.79631492  0.25366777  0.04935622
   0.60698225  0.55189250  0.05377936
   0.32173693  0.31959271  0.40562149
   0.52304968  0.47188906  0.13704098
   0.30773458  0.18390182  0.30238590
   0.50191012  0.49805735  0.25061451
   0.01796061  0.96486095  0.03879546
   0.10016074  0.05238920  0.14875801
   0.60698225  0.05189251  0.55377934
   0.32173693  0.81959271  0.90562149
   0.52304968  0.97188909  0.63704097
   0.30773458  0.68390179  0.80238590
   0.50191012  0.99805737  0.75061454
   0.01796061  0.46486098  0.53879545
   0.10016074  0.55238926  0.64875804
   0.10710904  0.44653148  0.94667768
   0.81800908  0.68112056  0.59607728
   0.02581017  0.52256376  0.86220940
   0.79029591  0.80792955  0.69538752
  -0.00028248  0.50540728  0.74887677
   0.52335677  0.03474502  0.96267652
   0.59070757  0.95577602  0.85166483
   0.10710904  0.94653151  0.44667765
   0.81800908  0.18112056  0.09607730
   0.02581017  0.02256378  0.36220940
   0.79029591  0.30792955  0.19538752
  -0.00028248  0.00540731  0.24887678
   0.52335677  0.53474504  0.46267649
   0.59070757  0.45577608  0.35166486
   0.10759495  0.44249617  0.05355029
   0.81643841  0.68318389  0.40472658
   0.02265754  0.52438848  0.13676919
   0.78977156  0.80786638  0.30383822
   0.00021150  0.50807726  0.25088146
   0.52061215  0.03766604  0.03886278
   0.60073804  0.94654473  0.14928808
   0.10759495  0.94249614  0.55355033
   0.81643841  0.18318391  0.90472661
   0.02265754  0.02438845  0.63676916
   0.78977156  0.30786641  0.80383819
   0.00021150  0.00807727  0.75088146
   0.52061215  0.53766604  0.53886275
   0.60073804  0.44654473  0.64928811
   0.60704973  0.55006618  0.94676578
   0.32549551  0.31999437  0.59648100
   0.52655800  0.47666660  0.86249050
   0.27859655  0.18945885  0.69500751
   0.50282573  0.49495960  0.74830085
   0.02050546  0.96358169  0.96214259
   0.09345969  0.04469088  0.85142294
   0.60704973  0.05006614  0.44676584
   0.32549551  0.81999437  0.09648101
   0.52655800  0.97666657  0.36249047
   0.27859655  0.68945885  0.19500747
   0.50282573  0.99495960  0.24830082
   0.02050546  0.46358172  0.46214259
   0.09345969  0.54469090  0.35142300
   0.32677149  0.16684071  0.50030988
   0.32677149  0.66684077  1.00030991
   0.82578424  0.83232755  0.50032671
   0.82578424  0.33232761  0.00032671
   0.28957214  0.24606781  0.34588005
   0.28957214  0.74606781  0.84588008
   0.29106630  0.24709700  0.54965485
   0.29106630  0.74709699  0.04965484
