   0.25081668  0.24500652  0.10361348
   0.23540967  0.27597122  0.21999182
   0.25081668  0.74500652  0.60361350
   0.23540967  0.77597125  0.71999177
   0.74770098  0.75103600  0.89385382
   0.71946628  0.73105292  0.78146596
   0.74770098  0.25103600  0.39385385
   0.71946628  0.23105293  0.28146590
   0.74358801  0.75290648  0.10350571
   0.74578219  0.73183395  0.21996361
   0.74358801  0.25290651  0.60350574
   0.74578219  0.23183393  0.71996364
   0.25400280  0.24579736  0.89356269
   0.23479855  0.28240939  0.78116060
   0.25400280  0.74579739  0.39356272
   0.23479855  0.78240936  0.28116063
   0.25374578  0.24407034  0.00157860
   0.25374578  0.74407034  0.50157860
   0.74851870  0.75937807  1.00145868
   0.74851870  0.25937807  0.50145862
   0.79362374  0.75045640  0.34723536
   0.79362374  0.25045640  0.84723536
   0.79279843  0.75027100  0.65240169
   0.79279843  0.25027101  0.15240171
   0.79769679  0.75263831  0.45072097
   0.79769679  0.25263831  0.95072094
   0.29051747  0.24808125  0.65199903
   0.29051747  0.74808125  0.15199903
   0.29583564  0.24634684  0.45118751
   0.29583564  0.74634684  0.95118751
   0.79599196  0.75367485  0.54934842
   0.79599196  0.25367485  0.04934842
   0.60666399  0.55200142  0.05375443
   0.32151151  0.31976168  0.40553561
   0.52310861  0.47182845  0.13706249
   0.30780427  0.18386750  0.30239073
   0.50242407  0.49797527  0.25068172
   0.01748743  0.96478528  0.03877069
   0.10054354  0.05262690  0.14881296
   0.60666399  0.05200143  0.55375441
   0.32151151  0.81976168  0.90553561
   0.52310861  0.97182848  0.63706247
   0.30780427  0.68386747  0.80239073
   0.50242407  0.99797530  0.75068175
   0.01748743  0.46478531  0.53877068
   0.10054354  0.55262695  0.64881299
   0.10610956  0.44699551  0.94661820
   0.81801593  0.68113115  0.59608353
   0.02577303  0.52296633  0.86220890
   0.78999040  0.80762816  0.69544312
   0.00026002  0.50522340  0.74891934
   0.52271605  0.03478362  0.96261561
   0.59191374  0.95489481  0.85154752
   0.10610956  0.94699554  0.44661817
   0.81801593  0.18113115  0.09608355
   0.02577303  0.02296635  0.36220890
   0.78999040  0.30762816  0.19544312
   0.00026002  0.00522343  0.24891936
   0.52271605  0.53478365  0.46261558
   0.59191374  0.45489487  0.35154755
   0.10734806  0.44249912  0.05351864
   0.81617198  0.68306473  0.40465162
   0.02265366  0.52457213  0.13683687
   0.79005948  0.80782266  0.30383078
   0.00070393  0.50783327  0.25093414
   0.52010308  0.03779354  0.03884435
   0.60110560  0.94638842  0.14929915
   0.10734806  0.94249909  0.55351868
   0.81617198  0.18306475  0.90465164
   0.02265366  0.02457210  0.63683684
   0.79005948  0.30782269  0.80383075
   0.00070393  0.00783328  0.75093414
   0.52010308  0.53779355  0.53884432
   0.60110560  0.44638842  0.64929918
   0.60606131  0.54972438  0.94670865
   0.32539451  0.32009494  0.59648931
   0.52652550  0.47629088  0.86247256
   0.27938186  0.18962214  0.69506065
   0.50333019  0.49489596  0.74835132
   0.01986391  0.96364314  0.96207525
   0.09463308  0.04559876  0.85133210
   0.60606131  0.04972433  0.44670871
   0.32539451  0.82009494  0.09648933
   0.52652550  0.97629085  0.36247253
   0.27938186  0.68962214  0.19506061
   0.50333019  0.99489596  0.24835129
   0.01986391  0.46364317  0.46207525
   0.09463308  0.54559879  0.35133216
   0.32624090  0.16695212  0.50027524
   0.32624090  0.66695218  1.00027527
   0.82525106  0.83232695  0.50029410
   0.82525106  0.33232701  0.00029410
   0.28982383  0.24629207  0.34588162
   0.28982383  0.74629207  0.84588165
   0.29073192  0.24718426  0.54965080
   0.29073192  0.74718425  0.04965079
