   0.25086986  0.24509490  0.10377677
   0.23725431  0.27483786  0.22024389
   0.25086986  0.74509490  0.60377679
   0.23725431  0.77483789  0.72024384
   0.74801109  0.75039705  0.89377559
   0.72181744  0.73079779  0.78156464
   0.74801109  0.25039705  0.39377562
   0.72181744  0.23079781  0.28156458
   0.74397967  0.75249778  0.10364965
   0.74606251  0.73124522  0.22008948
   0.74397967  0.25249781  0.60364967
   0.74606251  0.23124521  0.72008951
   0.25463457  0.24731404  0.89350658
   0.23574700  0.28188672  0.78136016
   0.25463457  0.74731407  0.39350661
   0.23574700  0.78188669  0.28136019
   0.25201221  0.24471907  0.00156322
   0.25201221  0.74471907  0.50156322
   0.74664549  0.75915918  1.00136443
   0.74664549  0.25915918  0.50136437
   0.79473107  0.74997622  0.34715630
   0.79473107  0.24997622  0.84715630
   0.79362740  0.75019591  0.65264229
   0.79362740  0.25019593  0.15264231
   0.79593511  0.75245461  0.45051260
   0.79593511  0.25245461  0.95051257
   0.29167894  0.24822898  0.65224408
   0.29167894  0.74822898  0.15224408
   0.29403032  0.24687424  0.45095513
   0.29403032  0.74687424  0.95095513
   0.79492069  0.75363614  0.54939401
   0.79492069  0.25363614  0.04939401
   0.60573289  0.55218910  0.05376023
   0.32080933  0.31997769  0.40522651
   0.52374885  0.47166649  0.13720574
   0.30687786  0.18381547  0.30229660
   0.50350198  0.49764714  0.25089772
   0.01580347  0.96453705  0.03874617
   0.10221853  0.05341140  0.14911438
   0.60573289  0.05218910  0.55376020
   0.32080933  0.81997769  0.90522651
   0.52374885  0.97166652  0.63720572
   0.30687786  0.68381544  0.80229660
   0.50350198  0.99764717  0.75089775
   0.01580347  0.46453708  0.53874617
   0.10221853  0.55341145  0.64911441
   0.10360341  0.44778999  0.94642726
   0.81840119  0.68115162  0.59617768
   0.02590698  0.52403115  0.86215083
   0.78905363  0.80676968  0.69570322
   0.00134035  0.50451831  0.74898582
   0.52032290  0.03529229  0.96237691
   0.59546024  0.95265601  0.85112115
   0.10360341  0.94779002  0.44642723
   0.81840119  0.18115162  0.09617769
   0.02590698  0.02403117  0.36215083
   0.78905363  0.30676968  0.19570322
   0.00134035  0.00451834  0.24898583
   0.52032290  0.53529231  0.46237688
   0.59546024  0.45265607  0.35112118
   0.10649492  0.44242910  0.05347726
   0.81524647  0.68301823  0.40436595
   0.02311507  0.52509912  0.13715073
   0.79111145  0.80764063  0.30372664
   0.00158637  0.50691946  0.25110124
   0.51837613  0.03844244  0.03887008
   0.60271953  0.94578117  0.14945177
   0.10649492  0.94242907  0.55347730
   0.81524647  0.18301825  0.90436598
   0.02311507  0.02509909  0.63715070
   0.79111145  0.30764066  0.80372661
   0.00158637  0.00691947  0.75110124
   0.51837613  0.53844245  0.53887006
   0.60271953  0.44578117  0.64945180
   0.60364715  0.54926900  0.94654058
   0.32534449  0.32043630  0.59661389
   0.52674555  0.47544053  0.86230479
   0.28267298  0.19010952  0.69532126
   0.50434476  0.49471591  0.74845734
   0.01733161  0.96328539  0.96179675
   0.09809095  0.04839491  0.85098097
   0.60364715  0.04926896  0.44654064
   0.32534449  0.82043630  0.09661390
   0.52674555  0.97544050  0.36230476
   0.28267298  0.69010952  0.19532122
   0.50434476  0.99471591  0.24845731
   0.01733161  0.46328542  0.46179675
   0.09809095  0.54839494  0.35098103
   0.32457288  0.16728631  0.50016381
   0.32457288  0.66728637  1.00016384
   0.82352263  0.83230612  0.50020450
   0.82352263  0.33230618  0.00020450
   0.29067088  0.24708473  0.34577147
   0.29067088  0.74708473  0.84577150
   0.28966658  0.24757186  0.54971185
   0.28966658  0.74757184  0.04971184
