   0.25090244  0.24497593  0.10357911
   0.23453414  0.27631220  0.21989373
   0.25090244  0.74497593  0.60357913
   0.23453414  0.77631223  0.71989368
   0.74766664  0.75136965  0.89385138
   0.71865895  0.73117909  0.78139836
   0.74766664  0.25136965  0.39385141
   0.71865895  0.23117910  0.28139830
   0.74357917  0.75300006  0.10347942
   0.74528396  0.73199269  0.21989795
   0.74357917  0.25300008  0.60347944
   0.74528396  0.23199268  0.71989798
   0.25394684  0.24524536  0.89354459
   0.23423078  0.28257831  0.78108146
   0.25394684  0.74524539  0.39354462
   0.23423078  0.78257828  0.28108149
   0.25432442  0.24386602  0.00159207
   0.25432442  0.74386602  0.50159207
   0.74913720  0.75941894  1.00148079
   0.74913720  0.25941894  0.50148073
   0.79326465  0.75068917  0.34723303
   0.79326465  0.25068917  0.84723303
   0.79262982  0.75026686  0.65233714
   0.79262982  0.25026688  0.15233716
   0.79836491  0.75270353  0.45077908
   0.79836491  0.25270353  0.95077905
   0.29025678  0.24804451  0.65193951
   0.29025678  0.74804451  0.15193951
   0.29650205  0.24614327  0.45125326
   0.29650205  0.74614327  0.95125326
   0.79637051  0.75365878  0.54935583
   0.79637051  0.25365878  0.04935583
   0.60699871  0.55190261  0.05378360
   0.32176027  0.31957785  0.40562911
   0.52304494  0.47189612  0.13704006
   0.30771998  0.18390863  0.30238609
   0.50185436  0.49806573  0.25060770
   0.01802515  0.96484687  0.03879848
   0.10012908  0.05236870  0.14875371
   0.60699871  0.05190261  0.55378358
   0.32176027  0.81957785  0.90562911
   0.52304494  0.97189615  0.63704005
   0.30771998  0.68390860  0.80238609
   0.50185436  0.99806576  0.75060773
   0.01802515  0.46484690  0.53879848
   0.10012908  0.55236875  0.64875374
   0.10722877  0.44647678  0.94668384
   0.81801355  0.68111422  0.59607966
   0.02582311  0.52253832  0.86220876
   0.79032680  0.80795547  0.69537868
  -0.00034176  0.50542500  0.74887244
   0.52341989  0.03474635  0.96268372
   0.59056206  0.95585399  0.85167717
   0.10722877  0.94647681  0.44668381
   0.81801355  0.18111422  0.09607968
   0.02582311  0.02253834  0.36220876
   0.79032680  0.30795547  0.19537868
  -0.00034176  0.00542503  0.24887245
   0.52341989  0.53474637  0.46268369
   0.59056206  0.45585405  0.35167720
   0.10764492  0.44251563  0.05355467
   0.81646581  0.68319618  0.40473469
   0.02265999  0.52437545  0.13676419
   0.78974219  0.80786782  0.30383957
   0.00015681  0.50810183  0.25087569
   0.52064267  0.03764084  0.03886542
   0.60070725  0.94655732  0.14928775
   0.10764492  0.94251560  0.55355471
   0.81646581  0.18319619  0.90473472
   0.02265999  0.02437543  0.63676416
   0.78974219  0.30786785  0.80383954
   0.00015681  0.00810183  0.75087569
   0.52064267  0.53764085  0.53886539
   0.60070725  0.44655732  0.64928778
   0.60716619  0.55011251  0.94677170
   0.32550806  0.31998446  0.59648041
   0.52654538  0.47671882  0.86249125
   0.27852914  0.18944939  0.69499886
   0.50277122  0.49496742  0.74829592
   0.02057108  0.96356832  0.96215042
   0.09335457  0.04458057  0.85143222
   0.60716619  0.05011247  0.44677176
   0.32550806  0.81998446  0.09648042
   0.52654538  0.97671879  0.36249122
   0.27852914  0.68944939  0.19499882
   0.50277122  0.99496742  0.24829589
   0.02057108  0.46356835  0.46215042
   0.09335457  0.54458059  0.35143228
   0.32682449  0.16682980  0.50031686
   0.32682449  0.66682986  1.00031689
   0.82584135  0.83233343  0.50033120
   0.82584135  0.33233349  0.00033120
   0.28950590  0.24600928  0.34587581
   0.28950590  0.74600928  0.84587584
   0.29114453  0.24706975  0.54965353
   0.29114453  0.74706974  0.04965352
