   0.25080343  0.24502398  0.10365564
   0.23611829  0.27562267  0.22007308
   0.25080343  0.74502398  0.60365566
   0.23611829  0.77562270  0.72007303
   0.74776944  0.75079296  0.89384254
   0.72021759  0.73094741  0.78152021
   0.74776944  0.25079296  0.39384257
   0.72021759  0.23094743  0.28152015
   0.74367233  0.75279788  0.10353957
   0.74607759  0.73165044  0.22000882
   0.74367233  0.25279791  0.60353959
   0.74607759  0.23165042  0.72000885
   0.25412899  0.24629903  0.89356197
   0.23522877  0.28225173  0.78123356
   0.25412899  0.74629906  0.39356200
   0.23522877  0.78225170  0.28123359
   0.25319613  0.24428037  0.00156721
   0.25319613  0.74428037  0.50156721
   0.74793168  0.75932349  1.00143409
   0.74793168  0.25932349  0.50143403
   0.79394104  0.75026654  0.34722257
   0.79394104  0.25026654  0.84722257
   0.79303366  0.75026600  0.65247036
   0.79303366  0.25026601  0.15247038
   0.79706884  0.75258513  0.45065634
   0.79706884  0.25258513  0.95065631
   0.29085757  0.24812438  0.65206923
   0.29085757  0.74812438  0.15206923
   0.29520761  0.24653401  0.45111473
   0.29520761  0.74653401  0.95111473
   0.79562764  0.75367709  0.54935423
   0.79562764  0.25367709  0.04935422
   0.60631474  0.55206035  0.05374163
   0.32127758  0.31986399  0.40542881
   0.52327506  0.47178351  0.13709978
   0.30771516  0.18384618  0.30237448
   0.50288274  0.49789421  0.25075462
   0.01699269  0.96476111  0.03875426
   0.10101775  0.05285904  0.14889832
   0.60631474  0.05206036  0.55374161
   0.32127758  0.81986399  0.90542881
   0.52327506  0.97178354  0.63709977
   0.30771516  0.68384615  0.80237448
   0.50288274  0.99789424  0.75075465
   0.01699269  0.46476114  0.53875425
   0.10101775  0.55285909  0.64889835
   0.10515137  0.44736912  0.94655317
   0.81808503  0.68114179  0.59610818
   0.02576337  0.52331556  0.86219886
   0.78966213  0.80732537  0.69552312
   0.00073328  0.50501785  0.74894831
   0.52200828  0.03482885  0.96254364
   0.59307823  0.95410782  0.85141128
   0.10515137  0.94736915  0.44655314
   0.81808503  0.18114179  0.09610819
   0.02576337  0.02331558  0.36219886
   0.78966213  0.30732537  0.19552312
   0.00073328  0.00501788  0.24894832
   0.52200828  0.53482887  0.46254361
   0.59307823  0.45410788  0.35141131
   0.10704461  0.44249615  0.05349787
   0.81587261  0.68300268  0.40455644
   0.02276110  0.52475065  0.13692594
   0.79036584  0.80774543  0.30380642
   0.00112784  0.50754996  0.25099232
   0.51960178  0.03790183  0.03883634
   0.60156298  0.94623861  0.14933669
   0.10704461  0.94249612  0.55349791
   0.81587261  0.18300270  0.90455647
   0.02276110  0.02475062  0.63692591
   0.79036584  0.30774546  0.80380639
   0.00112784  0.00754996  0.75099232
   0.51960178  0.53790184  0.53883632
   0.60156298  0.44623861  0.64933672
   0.60510942  0.54947854  0.94664670
   0.32534759  0.32019925  0.59651735
   0.52654820  0.47594756  0.86243565
   0.28033655  0.18978686  0.69514880
   0.50376534  0.49484736  0.74838846
   0.01913881  0.96368017  0.96199344
   0.09573094  0.04650012  0.85122369
   0.60510942  0.04947850  0.44664676
   0.32534759  0.82019925  0.09651737
   0.52654820  0.97594753  0.36243562
   0.28033655  0.68978686  0.19514875
   0.50376534  0.99484736  0.24838843
   0.01913881  0.46368020  0.46199344
   0.09573094  0.54650014  0.35122375
   0.32570460  0.16706999  0.50023525
   0.32570460  0.66707005  1.00023527
   0.82471689  0.83231520  0.50025875
   0.82471689  0.33231526  0.00025875
   0.29009340  0.24656131  0.34587450
   0.29009340  0.74656131  0.84587453
   0.29033321  0.24731029  0.54966272
   0.29033321  0.74731027  0.04966270
