   0.25082468  0.24500128  0.10360995
   0.23533377  0.27600299  0.21998198
   0.25082468  0.74500128  0.60360996
   0.23533377  0.77600302  0.71998193
   0.74769711  0.75106830  0.89385345
   0.71939359  0.73106464  0.78146076
   0.74769711  0.25106830  0.39385348
   0.71939359  0.23106466  0.28146070
   0.74358486  0.75291911  0.10350297
   0.74574766  0.73185106  0.21995679
   0.74358486  0.25291914  0.60350299
   0.74574766  0.23185105  0.71995682
   0.25399483  0.24574387  0.89356096
   0.23475154  0.28242456  0.78115398
   0.25399483  0.74574390  0.39356099
   0.23475154  0.78242453  0.28115401
   0.25379898  0.24404903  0.00158008
   0.25379898  0.74404903  0.50158008
   0.74857652  0.75938448  1.00146109
   0.74857652  0.25938448  0.50146103
   0.79358888  0.75047336  0.34723699
   0.79358888  0.25047336  0.84723699
   0.79277610  0.75027059  0.65239357
   0.79277610  0.25027060  0.15239358
   0.79776094  0.75264326  0.45072571
   0.79776094  0.25264326  0.95072568
   0.29048714  0.24807704  0.65199127
   0.29048714  0.74807704  0.15199127
   0.29590206  0.24632934  0.45119269
   0.29590206  0.74632934  0.95119269
   0.79602751  0.75367317  0.54935032
   0.79602751  0.25367317  0.04935031
   0.60669522  0.55198875  0.05375601
   0.32153329  0.31974396  0.40554508
   0.52309847  0.47183806  0.13706010
   0.30780314  0.18386903  0.30239044
   0.50237948  0.49798397  0.25067669
   0.01753505  0.96479309  0.03877252
   0.10049998  0.05259894  0.14880748
   0.60669522  0.05198876  0.55375599
   0.32153329  0.81974396  0.90554508
   0.52309847  0.97183809  0.63706008
   0.30780314  0.68386900  0.80239044
   0.50237948  0.99798400  0.75067672
   0.01753505  0.46479312  0.53877251
   0.10049998  0.55259899  0.64880751
   0.10619973  0.44696113  0.94662451
   0.81801242  0.68113289  0.59608216
   0.02577730  0.52293117  0.86220972
   0.79002011  0.80766195  0.69543956
   0.00021185  0.50524271  0.74891593
   0.52278135  0.03477627  0.96262166
   0.59179673  0.95497194  0.85155834
   0.10619973  0.94696116  0.44662448
   0.81801242  0.18113289  0.09608217
   0.02577730  0.02293119  0.36220972
   0.79002011  0.30766195  0.19543956
   0.00021185  0.00524274  0.24891595
   0.52278135  0.53477630  0.46262163
   0.59179673  0.45497200  0.35155837
   0.10736853  0.44249935  0.05352091
   0.81619916  0.68307721  0.40466049
   0.02265286  0.52455527  0.13682976
   0.79002857  0.80783253  0.30382840
   0.00066149  0.50785551  0.25093088
   0.52015141  0.03778153  0.03884549
   0.60105931  0.94640607  0.14929810
   0.10736853  0.94249932  0.55352095
   0.81619916  0.18307723  0.90466052
   0.02265286  0.02455524  0.63682973
   0.79002857  0.30783256  0.80382837
   0.00066149  0.00785551  0.75093088
   0.52015141  0.53778154  0.53884547
   0.60105931  0.44640607  0.64929813
   0.60614882  0.54974955  0.94671458
   0.32540156  0.32008258  0.59648792
   0.52652466  0.47632867  0.86247520
   0.27929987  0.18960210  0.69505662
   0.50328654  0.49490006  0.74834673
   0.01993081  0.96364105  0.96208208
   0.09452679  0.04551169  0.85134050
   0.60614882  0.04974951  0.44671464
   0.32540156  0.82008258  0.09648794
   0.52652466  0.97632864  0.36247517
   0.27929987  0.68960210  0.19505658
   0.50328654  0.99490006  0.24834670
   0.01993081  0.46364108  0.46208208
   0.09452679  0.54551171  0.35134056
   0.32629094  0.16694237  0.50027864
   0.32629094  0.66694243  1.00027867
   0.82530293  0.83232820  0.50029714
   0.82530293  0.33232826  0.00029714
   0.28979516  0.24626317  0.34588086
   0.28979516  0.74626317  0.84588089
   0.29077998  0.24717298  0.54965286
   0.29077998  0.74717297  0.04965285
