   0.25090189  0.24497575  0.10357942
   0.23453585  0.27631181  0.21989372
   0.25090189  0.74497575  0.60357943
   0.23453585  0.77631184  0.71989368
   0.74766626  0.75136948  0.89385155
   0.71866111  0.73117761  0.78139877
   0.74766626  0.25136948  0.39385158
   0.71866111  0.23117763  0.28139871
   0.74357845  0.75299992  0.10347965
   0.74528563  0.73199187  0.21989786
   0.74357845  0.25299994  0.60347968
   0.74528563  0.23199185  0.71989789
   0.25394721  0.24524587  0.89354480
   0.23423147  0.28257841  0.78108188
   0.25394721  0.74524590  0.39354483
   0.23423147  0.78257838  0.28108191
   0.25432453  0.24386614  0.00159195
   0.25432453  0.74386614  0.50159195
   0.74913456  0.75941908  1.00148075
   0.74913456  0.25941908  0.50148069
   0.79326480  0.75068985  0.34723133
   0.79326480  0.25068985  0.84723133
   0.79263046  0.75026670  0.65233676
   0.79263046  0.25026672  0.15233678
   0.79836311  0.75270205  0.45077869
   0.79836311  0.25270205  0.95077866
   0.29025771  0.24804446  0.65193940
   0.29025771  0.74804446  0.15193940
   0.29650141  0.24614455  0.45125273
   0.29650141  0.74614455  0.95125273
   0.79636751  0.75365960  0.54935644
   0.79636751  0.25365960  0.04935643
   0.60700024  0.55190041  0.05378332
   0.32175968  0.31957694  0.40562935
   0.52304495  0.47189668  0.13704001
   0.30772072  0.18390964  0.30238674
   0.50185583  0.49806491  0.25060784
   0.01802132  0.96484915  0.03879826
   0.10013094  0.05236784  0.14875359
   0.60700024  0.05190041  0.55378330
   0.32175968  0.81957694  0.90562935
   0.52304495  0.97189671  0.63703999
   0.30772072  0.68390961  0.80238674
   0.50185583  0.99806494  0.75060787
   0.01802132  0.46484918  0.53879826
   0.10013094  0.55236789  0.64875362
   0.10722703  0.44647684  0.94668376
   0.81801389  0.68111556  0.59607890
   0.02582299  0.52253820  0.86220889
   0.79032651  0.80795522  0.69537902
  -0.00033916  0.50542481  0.74887247
   0.52341737  0.03474524  0.96268370
   0.59056762  0.95585436  0.85167710
   0.10722703  0.94647687  0.44668373
   0.81801389  0.18111556  0.09607892
   0.02582299  0.02253822  0.36220889
   0.79032651  0.30795522  0.19537902
  -0.00033916  0.00542484  0.24887249
   0.52341737  0.53474526  0.46268367
   0.59056762  0.45585442  0.35167713
   0.10764173  0.44251231  0.05355445
   0.81646553  0.68319651  0.40473448
   0.02266119  0.52437624  0.13676422
   0.78974335  0.80786474  0.30384156
   0.00015908  0.50810052  0.25087578
   0.52064330  0.03764239  0.03886531
   0.60070711  0.94655649  0.14928754
   0.10764173  0.94251228  0.55355449
   0.81646553  0.18319652  0.90473451
   0.02266119  0.02437621  0.63676419
   0.78974335  0.30786477  0.80384153
   0.00015908  0.00810052  0.75087578
   0.52064330  0.53764239  0.53886529
   0.60070711  0.44655649  0.64928757
   0.60716294  0.55011389  0.94677160
   0.32550756  0.31998405  0.59648021
   0.52654715  0.47671638  0.86249133
   0.27853061  0.18944965  0.69499887
   0.50277250  0.49496805  0.74829599
   0.02056942  0.96356865  0.96215040
   0.09335559  0.04458412  0.85143224
   0.60716294  0.05011385  0.44677166
   0.32550756  0.81998405  0.09648022
   0.52654715  0.97671635  0.36249130
   0.27853061  0.68944965  0.19499882
   0.50277250  0.99496805  0.24829596
   0.02056942  0.46356868  0.46215040
   0.09335559  0.54458414  0.35143230
   0.32682280  0.16683035  0.50031668
   0.32682280  0.66683041  1.00031671
   0.82584001  0.83233284  0.50033125
   0.82584001  0.33233290  0.00033125
   0.28951017  0.24601261  0.34587602
   0.28951017  0.74601261  0.84587605
   0.29113776  0.24707111  0.54965330
   0.29113776  0.74707109  0.04965329
