   0.25145645  0.24522956  0.10409716
   0.23832818  0.27368643  0.22049031
   0.25145645  0.74522956  0.60409717
   0.23832818  0.77368646  0.72049026
   0.74955840  0.74991361  0.89353567
   0.72540817  0.73034260  0.78148947
   0.74955840  0.24991361  0.39353570
   0.72540817  0.23034262  0.28148941
   0.74497743  0.75207922  0.10401753
   0.74416940  0.73019802  0.22015170
   0.74497743  0.25207925  0.60401755
   0.74416940  0.23019801  0.72015173
   0.25629495  0.24870756  0.89328080
   0.23594257  0.28154937  0.78156051
   0.25629495  0.74870759  0.39328083
   0.23594257  0.78154934  0.28156054
   0.24973058  0.24500493  0.00168980
   0.24973058  0.74500493  0.50168980
   0.74427501  0.75862069  1.00100365
   0.74427501  0.25862069  0.50100359
   0.79631516  0.74967573  0.34699737
   0.79631516  0.24967573  0.84699737
   0.79502426  0.75016197  0.65304359
   0.79502426  0.25016198  0.15304361
   0.79419112  0.75220341  0.45015529
   0.79419112  0.25220341  0.95015526
   0.29341563  0.24845846  0.65263373
   0.29341563  0.74845846  0.15263373
   0.29195249  0.24711491  0.45052786
   0.29195249  0.74711491  0.95052786
   0.79346835  0.75361715  0.54955117
   0.79346835  0.25361715  0.04955117
   0.60501519  0.55279512  0.05406870
   0.31950828  0.31952849  0.40471088
   0.52524734  0.47175134  0.13749944
   0.30287153  0.18251271  0.30215979
   0.50383010  0.49688670  0.25116142
   0.01330044  0.96376657  0.03871163
   0.10424035  0.05403813  0.14968829
   0.60501519  0.05279512  0.55406868
   0.31950828  0.81952849  0.90471088
   0.52524734  0.97175137  0.63749943
   0.30287153  0.68251268  0.80215979
   0.50383010  0.99688673  0.75116145
   0.01330044  0.46376660  0.53871162
   0.10424035  0.55403818  0.64968832
   0.10188622  0.44756738  0.94603866
   0.81924261  0.68094767  0.59644586
   0.02675930  0.52501903  0.86209743
   0.78878621  0.80749844  0.69608079
   0.00144434  0.50372114  0.74893019
   0.51646137  0.03692893  0.96191701
   0.59973127  0.95051473  0.85049356
   0.10188622  0.94756741  0.44603863
   0.81924261  0.18094767  0.09644587
   0.02675930  0.02501905  0.36209743
   0.78878621  0.30749844  0.19608079
   0.00144434  0.00372117  0.24893021
   0.51646137  0.53692895  0.46191698
   0.59973127  0.45051479  0.35049359
   0.10623155  0.44172177  0.05353505
   0.81467508  0.68306667  0.40392267
   0.02448211  0.52528416  0.13763382
   0.79234463  0.80890938  0.30350378
   0.00141993  0.50577123  0.25127582
   0.51522596  0.04025698  0.03908665
   0.60490884  0.94521274  0.14996052
   0.10623155  0.94172174  0.55353509
   0.81467508  0.18306668  0.90392270
   0.02448211  0.02528413  0.63763379
   0.79234463  0.30890941  0.80350375
   0.00141993  0.00577123  0.75127582
   0.51522596  0.54025699  0.53908662
   0.60490884  0.44521274  0.64996055
   0.60269249  0.55043252  0.94631301
   0.32547278  0.32112442  0.59693905
   0.52781421  0.47500503  0.86205343
   0.28760505  0.18959827  0.69575390
   0.50442018  0.49447498  0.74853707
   0.01304709  0.96128337  0.96129974
   0.10248919  0.05189919  0.85035796
   0.60269249  0.05043247  0.44631307
   0.32547278  0.82112442  0.09693906
   0.52781421  0.97500500  0.36205340
   0.28760505  0.68959827  0.19575386
   0.50442018  0.99447498  0.24853704
   0.01304709  0.46128340  0.46129974
   0.10248919  0.55189921  0.35035802
   0.32265273  0.16715002  0.50002595
   0.32265273  0.66715008  1.00002598
   0.82113090  0.83283819  0.50010676
   0.82113090  0.33283825  0.00010676
   0.29183498  0.24797284  0.34558517
   0.29183498  0.74797284  0.84558520
   0.28871928  0.24795809  0.54988030
   0.28871928  0.74795808  0.04988029
