   0.25097526  0.24512743  0.10385548
   0.23769311  0.27444939  0.22033207
   0.25097526  0.74512743  0.60385550
   0.23769311  0.77444942  0.72033202
   0.74828629  0.75021266  0.89372440
   0.72278593  0.73071059  0.78156320
   0.74828629  0.25021266  0.39372443
   0.72278593  0.23071060  0.28156314
   0.74422647  0.75233472  0.10372832
   0.74573246  0.73097089  0.22012433
   0.74422647  0.25233475  0.60372834
   0.74573246  0.23097088  0.72012436
   0.25506314  0.24782551  0.89345908
   0.23588863  0.28175244  0.78142768
   0.25506314  0.74782554  0.39345911
   0.23588863  0.78175241  0.28142771
   0.25135980  0.24493118  0.00157963
   0.25135980  0.74493118  0.50157963
   0.74593797  0.75900490  1.00130278
   0.74593797  0.25900490  0.50130272
   0.79521209  0.74988076  0.34710200
   0.79521209  0.24988076  0.84710200
   0.79403420  0.75016669  0.65275062
   0.79403420  0.25016671  0.15275064
   0.79534158  0.75237174  0.45042706
   0.79534158  0.25237174  0.95042703
   0.29221044  0.24828745  0.65234729
   0.29221044  0.74828745  0.15234729
   0.29337066  0.24701358  0.45085354
   0.29337066  0.74701358  0.95085354
   0.79453473  0.75360553  0.54942469
   0.79453473  0.25360553  0.04942468
   0.60542257  0.55236827  0.05380634
   0.32046589  0.31993199  0.40508077
   0.52414919  0.47162327  0.13728201
   0.30595167  0.18366382  0.30225051
   0.50370258  0.49748090  0.25097977
   0.01509855  0.96434956  0.03874331
   0.10292348  0.05369676  0.14926362
   0.60542257  0.05236828  0.55380631
   0.32046589  0.81993199  0.90508077
   0.52414919  0.97162330  0.63728199
   0.30595167  0.68366379  0.80225051
   0.50370258  0.99748093  0.75097980
   0.01509855  0.46434959  0.53874330
   0.10292348  0.55369681  0.64926365
   0.10291304  0.44783257  0.94633749
   0.81865355  0.68112942  0.59624650
   0.02611352  0.52442819  0.86212275
   0.78878533  0.80664900  0.69581468
   0.00150659  0.50424291  0.74899169
   0.51920092  0.03567926  0.96225585
   0.59682142  0.95189852  0.85094040
   0.10291304  0.94783260  0.44633746
   0.81865355  0.18112942  0.09624651
   0.02611352  0.02442821  0.36212275
   0.78878533  0.30664900  0.19581468
   0.00150659  0.00424294  0.24899171
   0.51920092  0.53567929  0.46225582
   0.59682142  0.45189858  0.35094043
   0.10631450  0.44233223  0.05347806
   0.81491187  0.68304588  0.40423182
   0.02343180  0.52525142  0.13729541
   0.79154593  0.80773132  0.30368424
   0.00166202  0.50652682  0.25116081
   0.51752726  0.03882185  0.03891342
   0.60344645  0.94557116  0.14955206
   0.10631450  0.94233220  0.55347810
   0.81491187  0.18304590  0.90423185
   0.02343180  0.02525140  0.63729538
   0.79154593  0.30773135  0.80368421
   0.00166202  0.00652683  0.75116081
   0.51752726  0.53882186  0.53891339
   0.60344645  0.44557116  0.64955208
   0.60306997  0.54941435  0.94647621
   0.32536160  0.32058875  0.59669389
   0.52695579  0.47522809  0.86221535
   0.28417179  0.19015291  0.69545402
   0.50450986  0.49463920  0.74849107
   0.01612792  0.96285729  0.96166128
   0.09950211  0.04947174  0.85081825
   0.60306997  0.04941430  0.44647627
   0.32536160  0.82058875  0.09669390
   0.52695579  0.97522806  0.36221532
   0.28417179  0.69015291  0.19545398
   0.50450986  0.99463920  0.24849104
   0.01612792  0.46285732  0.46166128
   0.09950211  0.54947176  0.35081831
   0.32394322  0.16736535  0.50012107
   0.32394322  0.66736541  1.00012110
   0.82279471  0.83234236  0.50017190
   0.82279471  0.33234242  0.00017190
   0.29098679  0.24733428  0.34571409
   0.29098679  0.74733428  0.84571412
   0.28937504  0.24770490  0.54974915
   0.28937504  0.74770489  0.04974913
