   0.25115946  0.24515817  0.10395355
   0.23803056  0.27407160  0.22040980
   0.25115946  0.74515817  0.60395357
   0.23803056  0.77407163  0.72040976
   0.74874993  0.75006350  0.89364890
   0.72384368  0.73061251  0.78154574
   0.74874993  0.25006350  0.39364893
   0.72384368  0.23061253  0.28154568
   0.74452935  0.75218844  0.10383705
   0.74520047  0.73066548  0.22014445
   0.74452935  0.25218847  0.60383707
   0.74520047  0.23066547  0.72014448
   0.25561536  0.24826566  0.89338712
   0.23595349  0.28164754  0.78149461
   0.25561536  0.74826569  0.39338715
   0.23595349  0.78164751  0.28149464
   0.25069430  0.24505565  0.00161153
   0.25069430  0.74505565  0.50161153
   0.74523148  0.75882876  1.00119959
   0.74523148  0.25882876  0.50119953
   0.79569600  0.74976159  0.34705341
   0.79569600  0.24976159  0.84705341
   0.79445306  0.75018398  0.65289154
   0.79445306  0.25018399  0.15289156
   0.79481218  0.75228057  0.45031214
   0.79481218  0.25228057  0.95031211
   0.29273212  0.24832349  0.65248514
   0.29273212  0.74832349  0.15248514
   0.29275020  0.24710823  0.45072008
   0.29275020  0.74710823  0.95072008
   0.79410883  0.75359593  0.54947132
   0.79410883  0.25359593  0.04947132
   0.60520670  0.55252027  0.05388347
   0.32006914  0.31977556  0.40493363
   0.52457041  0.47164200  0.13736599
   0.30481004  0.18333034  0.30220458
   0.50380518  0.49727635  0.25106010
   0.01439127  0.96414408  0.03873816
   0.10354534  0.05389599  0.14942873
   0.60520670  0.05252028  0.55388345
   0.32006914  0.81977556  0.90493363
   0.52457041  0.97164203  0.63736597
   0.30481004  0.68333031  0.80220458
   0.50380518  0.99727638  0.75106013
   0.01439127  0.46414411  0.53873815
   0.10354534  0.55389604  0.64942876
   0.10239961  0.44777590  0.94623262
   0.81889656  0.68109721  0.59632278
   0.02634649  0.52471473  0.86210379
   0.78868077  0.80677809  0.69591083
   0.00153467  0.50400354  0.74898210
   0.51806458  0.03614558  0.96212336
   0.59807666  0.95126455  0.85075642
   0.10239961  0.94777593  0.44623259
   0.81889656  0.18109721  0.09632280
   0.02634649  0.02471475  0.36210379
   0.78868077  0.30677809  0.19591083
   0.00153467  0.00400357  0.24898211
   0.51806458  0.53614560  0.46212333
   0.59807666  0.45126461  0.35075645
   0.10620452  0.44216576  0.05349141
   0.81467906  0.68309465  0.40410388
   0.02381415  0.52532415  0.13743691
   0.79189818  0.80802815  0.30361570
   0.00161123  0.50617918  0.25121890
   0.51664974  0.03931035  0.03897444
   0.60409359  0.94539379  0.14969100
   0.10620452  0.94216573  0.55349145
   0.81467906  0.18309467  0.90410391
   0.02381415  0.02532412  0.63743688
   0.79189818  0.30802818  0.80361567
   0.00161123  0.00617919  0.75121890
   0.51664974  0.53931036  0.53897442
   0.60409359  0.44539379  0.64969102
   0.60274174  0.54971924  0.94641162
   0.32538392  0.32076497  0.59678496
   0.52725150  0.47509339  0.86213540
   0.28560180  0.19007473  0.69556527
   0.50453937  0.49457800  0.74851649
   0.01488172  0.96229357  0.96151968
   0.10079778  0.05050845  0.85063881
   0.60274174  0.04971920  0.44641168
   0.32538392  0.82076497  0.09678497
   0.52725150  0.97509336  0.36213537
   0.28560180  0.69007473  0.19556522
   0.50453937  0.99457800  0.24851646
   0.01488172  0.46229360  0.46151968
   0.10079778  0.55050848  0.35063886
   0.32337768  0.16736590  0.50008345
   0.32337768  0.66736596  1.00008348
   0.82208763  0.83246000  0.50014572
   0.82208763  0.33246006  0.00014572
   0.29136424  0.24762281  0.34565169
   0.29136424  0.74762281  0.84565172
   0.28906396  0.24784740  0.54980203
   0.28906396  0.74784739  0.04980202
