   0.25088800  0.24497460  0.10357955
   0.23459729  0.27629075  0.21990232
   0.25088800  0.74497460  0.60357956
   0.23459729  0.77629078  0.71990228
   0.74767020  0.75134018  0.89385177
   0.71870913  0.73116648  0.78140037
   0.74767020  0.25134018  0.39385179
   0.71870913  0.23116649  0.28140031
   0.74357015  0.75299715  0.10347949
   0.74532640  0.73198065  0.21990451
   0.74357015  0.25299718  0.60347951
   0.74532640  0.23198063  0.71990454
   0.25394313  0.24528611  0.89354589
   0.23427829  0.28257381  0.78108391
   0.25394313  0.74528614  0.39354592
   0.23427829  0.78257378  0.28108394
   0.25426978  0.24388426  0.00159215
   0.25426978  0.74388426  0.50159215
   0.74908934  0.75941246  1.00148005
   0.74908934  0.25941246  0.50147999
   0.79330040  0.75066674  0.34724025
   0.79330040  0.25066674  0.84724025
   0.79264308  0.75026206  0.65233978
   0.79264308  0.25026208  0.15233979
   0.79830513  0.75270195  0.45077721
   0.79830513  0.25270195  0.95077718
   0.29027513  0.24805003  0.65194168
   0.29027513  0.74805003  0.15194168
   0.29643713  0.24615625  0.45125130
   0.29643713  0.74615625  0.95125130
   0.79634525  0.75365649  0.54935183
   0.79634525  0.25365649  0.04935183
   0.60697900  0.55191002  0.05378257
   0.32175300  0.31959306  0.40562214
   0.52305369  0.47189049  0.13704222
   0.30773361  0.18389963  0.30238558
   0.50188764  0.49806185  0.25061128
   0.01800309  0.96484742  0.03879738
   0.10014148  0.05237533  0.14875704
   0.60697900  0.05191003  0.55378255
   0.32175300  0.81959306  0.90562214
   0.52305369  0.97189052  0.63704220
   0.30773361  0.68389960  0.80238558
   0.50188764  0.99806188  0.75061131
   0.01800309  0.46484745  0.53879737
   0.10014148  0.55237538  0.64875707
   0.10715957  0.44650913  0.94667966
   0.81801332  0.68110826  0.59608162
   0.02582255  0.52255423  0.86220826
   0.79031207  0.80794332  0.69538298
  -0.00030964  0.50541374  0.74887508
   0.52338811  0.03474486  0.96267911
   0.59063533  0.95580364  0.85166924
   0.10715957  0.94650916  0.44667963
   0.81801332  0.18110826  0.09608163
   0.02582255  0.02255425  0.36220826
   0.79031207  0.30794332  0.19538298
  -0.00030964  0.00541377  0.24887510
   0.52338811  0.53474488  0.46267908
   0.59063533  0.45580370  0.35166927
   0.10763226  0.44251865  0.05355311
   0.81645437  0.68318375  0.40472932
   0.02266117  0.52438100  0.13676850
   0.78975933  0.80787506  0.30383484
   0.00018663  0.50808931  0.25087842
   0.52062050  0.03764674  0.03886428
   0.60072496  0.94655901  0.14928902
   0.10763226  0.94251862  0.55355315
   0.81645437  0.18318376  0.90472935
   0.02266117  0.02438098  0.63676847
   0.78975933  0.30787509  0.80383481
   0.00018663  0.00808932  0.75087842
   0.52062050  0.53764674  0.53886425
   0.60072496  0.44655901  0.64928905
   0.60710267  0.55008158  0.94676756
   0.32550813  0.31999273  0.59648189
   0.52655466  0.47669304  0.86249010
   0.27856735  0.18945026  0.69500352
   0.50280305  0.49496007  0.74829896
   0.02053526  0.96357786  0.96214543
   0.09342304  0.04462959  0.85142591
   0.60710267  0.05008154  0.44676762
   0.32550813  0.81999273  0.09648190
   0.52655466  0.97669301  0.36249007
   0.27856735  0.68945026  0.19500348
   0.50280305  0.99496007  0.24829893
   0.02053526  0.46357789  0.46214543
   0.09342304  0.54462961  0.35142597
   0.32680155  0.16683403  0.50031312
   0.32680155  0.66683409  1.00031315
   0.82581600  0.83233253  0.50032771
   0.82581600  0.33233259  0.00032771
   0.28955234  0.24605316  0.34587956
   0.28955234  0.74605316  0.84587959
   0.29107577  0.24708647  0.54965247
   0.29107577  0.74708646  0.04965245
