   0.25088817  0.24510478  0.10379408
   0.23735875  0.27475938  0.22026163
   0.25088817  0.74510478  0.60379409
   0.23735875  0.77475941  0.72026159
   0.74805821  0.75035013  0.89376494
   0.72202205  0.73078141  0.78156639
   0.74805821  0.25035013  0.39376497
   0.72202205  0.23078143  0.28156633
   0.74403211  0.75246065  0.10366634
   0.74600618  0.73118534  0.22009621
   0.74403211  0.25246068  0.60366636
   0.74600618  0.23118533  0.72009624
   0.25472373  0.24743619  0.89349715
   0.23578464  0.28185141  0.78137541
   0.25472373  0.74743622  0.39349718
   0.23578464  0.78185138  0.28137544
   0.25186297  0.24477171  0.00156542
   0.25186297  0.74477171  0.50156542
   0.74649379  0.75912727  1.00135297
   0.74649379  0.25912727  0.50135291
   0.79483026  0.74995082  0.34714547
   0.79483026  0.24995082  0.84714547
   0.79371939  0.75019633  0.65266540
   0.79371939  0.25019635  0.15266542
   0.79579873  0.75243681  0.45049949
   0.79579873  0.25243681  0.95049946
   0.29179392  0.24823906  0.65226232
   0.29179392  0.74823906  0.15226232
   0.29388202  0.24690954  0.45093759
   0.29388202  0.74690954  0.95093759
   0.79484650  0.75362996  0.54939783
   0.79484650  0.25362996  0.04939782
   0.60562709  0.55226688  0.05376807
   0.32074139  0.31998454  0.40518864
   0.52383969  0.47165275  0.13722371
   0.30669312  0.18380255  0.30229082
   0.50356084  0.49761884  0.25091665
   0.01567214  0.96446867  0.03874542
   0.10236911  0.05348308  0.14914853
   0.60562709  0.05226689  0.55376805
   0.32074139  0.81998454  0.90518864
   0.52383969  0.97165278  0.63722370
   0.30669312  0.68380252  0.80229082
   0.50356084  0.99761887  0.75091668
   0.01567214  0.46446870  0.53874541
   0.10236911  0.55348313  0.64914856
   0.10344260  0.44781608  0.94640622
   0.81845902  0.68114088  0.59619800
   0.02596393  0.52414304  0.86214377
   0.78898797  0.80671921  0.69572407
   0.00138911  0.50446117  0.74898766
   0.52007299  0.03537177  0.96234991
   0.59574721  0.95246005  0.85108091
   0.10344260  0.94781611  0.44640619
   0.81845902  0.18114088  0.09619801
   0.02596393  0.02414307  0.36214377
   0.78898797  0.30671921  0.19572407
   0.00138911  0.00446120  0.24898768
   0.52007299  0.53537179  0.46234988
   0.59574721  0.45246011  0.35108094
   0.10647911  0.44244671  0.05347609
   0.81517242  0.68301526  0.40433110
   0.02317745  0.52513241  0.13718482
   0.79121259  0.80764661  0.30371690
   0.00161837  0.50682645  0.25111539
   0.51815515  0.03849350  0.03887752
   0.60288536  0.94574115  0.14947385
   0.10647911  0.94244668  0.55347613
   0.81517242  0.18301528  0.90433113
   0.02317745  0.02513239  0.63718479
   0.79121259  0.30764664  0.80371687
   0.00161837  0.00682646  0.75111539
   0.51815515  0.53849351  0.53887750
   0.60288536  0.44574115  0.64947388
   0.60349575  0.54929190  0.94652371
   0.32534753  0.32046507  0.59662914
   0.52676827  0.47540259  0.86228459
   0.28299904  0.19011731  0.69535276
   0.50439631  0.49468944  0.74846469
   0.01707400  0.96319611  0.96176611
   0.09843042  0.04861364  0.85094532
   0.60349575  0.04929185  0.44652377
   0.32534753  0.82046507  0.09662916
   0.52676827  0.97540256  0.36228456
   0.28299904  0.69011731  0.19535271
   0.50439631  0.99468944  0.24846466
   0.01707400  0.46319614  0.46176611
   0.09843042  0.54861366  0.35094538
   0.32442499  0.16731040  0.50015602
   0.32442499  0.66731046  1.00015605
   0.82336005  0.83231589  0.50019527
   0.82336005  0.33231595  0.00019527
   0.29071400  0.24712590  0.34576899
   0.29071400  0.74712590  0.84576902
   0.28962126  0.24758915  0.54971663
   0.28962126  0.74758914  0.04971662
