   0.25200826  0.24539422  0.10450361
   0.23847786  0.27327438  0.22057257
   0.25200826  0.74539422  0.60450362
   0.23847786  0.77327441  0.72057252
   0.75150580  0.74991490  0.89327508
   0.72891255  0.72892160  0.78139982
   0.75150580  0.24991490  0.39327511
   0.72891255  0.22892161  0.28139976
   0.74621385  0.75249763  0.10458622
   0.74114925  0.72932429  0.22010557
   0.74621385  0.25249765  0.60458624
   0.74114925  0.22932427  0.72010560
   0.25680244  0.24885747  0.89302631
   0.23569195  0.28125761  0.78165729
   0.25680244  0.74885750  0.39302634
   0.23569195  0.78125758  0.28165732
   0.24756674  0.24370756  0.00197359
   0.24756674  0.74370756  0.50197359
   0.74251453  0.75886530  1.00048598
   0.74251453  0.25886530  0.50048592
   0.79688166  0.74985309  0.34666550
   0.79688166  0.24985309  0.84666550
   0.79613799  0.74885635  0.65246405
   0.79613799  0.24885637  0.15246407
   0.79294691  0.75207617  0.44976591
   0.79294691  0.25207617  0.94976588
   0.29435331  0.25014601  0.65215878
   0.29435331  0.75014601  0.15215878
   0.29077306  0.24701666  0.45001975
   0.29077306  0.74701666  0.95001975
   0.79231947  0.75389782  0.55010419
   0.79231947  0.25389782  0.05010419
   0.60503467  0.55365218  0.05463026
   0.31876656  0.31906323  0.40432773
   0.52645006  0.47226795  0.13782418
   0.29837368  0.18045460  0.30232322
   0.50372529  0.49572611  0.25129240
   0.01080891  0.96233461  0.03846904
   0.10509243  0.05392607  0.15036386
   0.60503467  0.05365219  0.55463024
   0.31876656  0.81906323  0.90432773
   0.52645006  0.97226798  0.63782416
   0.29837368  0.68045457  0.80232322
   0.50372529  0.99572614  0.75129243
   0.01080891  0.46233464  0.53846904
   0.10509243  0.55392612  0.65036389
   0.10146696  0.44671718  0.94545002
   0.81982373  0.68033806  0.59650408
   0.02743642  0.52543067  0.86222413
   0.78961473  0.81144096  0.69713936
   0.00122516  0.50337218  0.74862963
   0.51344533  0.03888914  0.96149942
   0.60281299  0.94914613  0.84995892
   0.10146696  0.94671721  0.44544999
   0.81982373  0.18033806  0.09650409
   0.02743642  0.02543069  0.36222413
   0.78961473  0.31144096  0.19713936
   0.00122516  0.00337221  0.24862964
   0.51344533  0.53888916  0.46149939
   0.60281299  0.44914619  0.34995895
   0.10712171  0.44001760  0.05362374
   0.81646355  0.68243506  0.40365841
   0.02611852  0.52488204  0.13801871
   0.79326287  0.81174670  0.30350077
   0.00098787  0.50544155  0.25124056
   0.51123341  0.04301902  0.03926190
   0.60600048  0.94474317  0.15083461
   0.10712171  0.94001757  0.55362379
   0.81646355  0.18243508  0.90365844
   0.02611852  0.02488202  0.63801868
   0.79326287  0.31174673  0.80350074
   0.00098787  0.00544155  0.75124056
   0.51123341  0.54301903  0.53926187
   0.60600048  0.44474317  0.65083463
   0.60416731  0.55298150  0.94609005
   0.32607583  0.32226528  0.59719458
   0.52905914  0.47488873  0.86210975
   0.29137826  0.18687423  0.69668574
   0.50385343  0.49414933  0.74848512
   0.00913551  0.95862345  0.96079286
   0.10515932  0.05475554  0.84969661
   0.60416731  0.05298146  0.44609011
   0.32607583  0.82226528  0.09719459
   0.52905914  0.97488870  0.36210972
   0.29137826  0.68687423  0.19668569
   0.50385343  0.99414933  0.24848509
   0.00913551  0.45862348  0.46079286
   0.10515932  0.55475556  0.34969667
   0.32119116  0.16542950  0.49982617
   0.32119116  0.66542956  0.99982620
   0.81955166  0.83481498  0.49989819
   0.81955166  0.33481504 -0.00010181
   0.29258716  0.24869789  0.34546087
   0.29258716  0.74869789  0.84546090
   0.28831992  0.24761415  0.55022081
   0.28831992  0.74761413  0.05022080
