   0.25088482  0.24497552  0.10358307
   0.23465149  0.27627132  0.21990800
   0.25088482  0.74497552  0.60358309
   0.23465149  0.77627135  0.71990795
   0.74767068  0.75132361  0.89385062
   0.71875569  0.73115934  0.78140335
   0.74767068  0.25132361  0.39385065
   0.71875569  0.23115935  0.28140329
   0.74356660  0.75299165  0.10348231
   0.74536074  0.73197313  0.21990853
   0.74356660  0.25299168  0.60348233
   0.74536074  0.23197312  0.71990856
   0.25394494  0.24531339  0.89354553
   0.23431594  0.28256368  0.78108724
   0.25394494  0.74531342  0.39354556
   0.23431594  0.78256365  0.28108727
   0.25424147  0.24389181  0.00159203
   0.25424147  0.74389181  0.50159203
   0.74904883  0.75941500  1.00147981
   0.74904883  0.25941500  0.50147975
   0.79332410  0.75063964  0.34723960
   0.79332410  0.25063964  0.84723960
   0.79265007  0.75025829  0.65234416
   0.79265007  0.25025831  0.15234417
   0.79825994  0.75268847  0.45077046
   0.79825994  0.25268847  0.95077043
   0.29029046  0.24805582  0.65194593
   0.29029046  0.74805582  0.15194593
   0.29639564  0.24617928  0.45124382
   0.29639564  0.74617928  0.95124382
   0.79630983  0.75366478  0.54935471
   0.79630983  0.25366478  0.04935470
   0.60698964  0.55188085  0.05377960
   0.32173875  0.31959649  0.40562150
   0.52305471  0.47188927  0.13704264
   0.30774514  0.18389295  0.30238516
   0.50191983  0.49805510  0.25061548
   0.01794968  0.96487217  0.03879543
   0.10016265  0.05238753  0.14875909
   0.60698964  0.05188086  0.55377958
   0.32173875  0.81959649  0.90562150
   0.52305471  0.97188930  0.63704262
   0.30774514  0.68389292  0.80238516
   0.50191983  0.99805513  0.75061551
   0.01794968  0.46487220  0.53879543
   0.10016265  0.55238758  0.64875912
   0.10709169  0.44654368  0.94667700
   0.81801199  0.68111881  0.59607641
   0.02580545  0.52255884  0.86220880
   0.79029332  0.80792596  0.69538749
  -0.00027377  0.50540339  0.74887804
   0.52334983  0.03474229  0.96267567
   0.59073626  0.95577081  0.85166208
   0.10709169  0.94654371  0.44667697
   0.81801199  0.18111881  0.09607642
   0.02580545  0.02255886  0.36220880
   0.79029332  0.30792596  0.19538749
  -0.00027377  0.00540342  0.24887806
   0.52334983  0.53474231  0.46267564
   0.59073626  0.45577087  0.35166211
   0.10758117  0.44248844  0.05355017
   0.81643923  0.68318297  0.40472614
   0.02266162  0.52439141  0.13677142
   0.78977811  0.80787143  0.30383778
   0.00021970  0.50807590  0.25088179
   0.52062218  0.03767893  0.03886294
   0.60074063  0.94655052  0.14928858
   0.10758117  0.94248841  0.55355021
   0.81643923  0.18318298  0.90472617
   0.02266162  0.02439139  0.63677139
   0.78977811  0.30787146  0.80383775
   0.00021970  0.00807591  0.75088179
   0.52062218  0.53767894  0.53886292
   0.60074063  0.44655052  0.64928861
   0.60703146  0.55005949  0.94676497
   0.32550209  0.31999931  0.59648202
   0.52657216  0.47665381  0.86248970
   0.27861374  0.18945826  0.69500741
   0.50283441  0.49495795  0.74830260
   0.02049966  0.96358491  0.96214163
   0.09347327  0.04471073  0.85142089
   0.60703146  0.05005944  0.44676503
   0.32550209  0.81999931  0.09648203
   0.52657216  0.97665378  0.36248967
   0.27861374  0.68945826  0.19500736
   0.50283441  0.99495795  0.24830257
   0.02049966  0.46358494  0.46214163
   0.09347327  0.54471076  0.35142095
   0.32676925  0.16684161  0.50030803
   0.32676925  0.66684167  1.00030806
   0.82578199  0.83232632  0.50032713
   0.82578199  0.33232638  0.00032713
   0.28957414  0.24606765  0.34587921
   0.28957414  0.74606765  0.84587924
   0.29105848  0.24709732  0.54965394
   0.29105848  0.74709731  0.04965393
