   0.25081966  0.24500259  0.10361221
   0.23537267  0.27598503  0.21998710
   0.25081966  0.74500259  0.60361223
   0.23537267  0.77598506  0.71998705
   0.74769837  0.75105235  0.89385342
   0.71943050  0.73105765  0.78146352
   0.74769837  0.25105235  0.39385345
   0.71943050  0.23105767  0.28146346
   0.74358388  0.75291452  0.10350479
   0.74576724  0.73184458  0.21996027
   0.74358388  0.25291455  0.60350481
   0.74576724  0.23184456  0.71996030
   0.25399844  0.24577116  0.89356160
   0.23477509  0.28241852  0.78115744
   0.25399844  0.74577119  0.39356163
   0.23477509  0.78241849  0.28115747
   0.25377123  0.24405956  0.00157972
   0.25377123  0.74405956  0.50157972
   0.74854525  0.75938225  1.00146028
   0.74854525  0.25938225  0.50146022
   0.79360608  0.75046357  0.34723711
   0.79360608  0.25046357  0.84723711
   0.79278702  0.75026448  0.65239245
   0.79278702  0.25026449  0.15239246
   0.79772706  0.75264083  0.45072374
   0.79772706  0.25264083  0.95072371
   0.29050448  0.24808617  0.65198945
   0.29050448  0.74808617  0.15198945
   0.29586831  0.24633876  0.45119027
   0.29586831  0.74633876  0.95119027
   0.79600814  0.75367459  0.54935057
   0.79600814  0.25367459  0.04935057
   0.60668095  0.55199137  0.05375469
   0.32152132  0.31975319  0.40554001
   0.52310460  0.47183264  0.13706166
   0.30780455  0.18386731  0.30239020
   0.50240518  0.49797906  0.25067996
   0.01750459  0.96479281  0.03877117
   0.10052495  0.05261481  0.14881100
   0.60668095  0.05199137  0.55375466
   0.32152132  0.81975319  0.90554001
   0.52310460  0.97183267  0.63706164
   0.30780455  0.68386728  0.80239020
   0.50240518  0.99797909  0.75067999
   0.01750459  0.46479284  0.53877117
   0.10052495  0.55261487  0.64881103
   0.10614712  0.44698348  0.94662095
   0.81801455  0.68113398  0.59608164
   0.02577229  0.52294907  0.86220927
   0.79000231  0.80765086  0.69544717
   0.00024088  0.50523270  0.74891797
   0.52274471  0.03477944  0.96261784
   0.59186678  0.95493142  0.85155168
   0.10614712  0.94698351  0.44662092
   0.81801455  0.18113398  0.09608166
   0.02577229  0.02294909  0.36220927
   0.79000231  0.30765086  0.19544717
   0.00024088  0.00523273  0.24891798
   0.52274471  0.53477947  0.46261781
   0.59186678  0.45493148  0.35155171
   0.10735146  0.44249582  0.05351924
   0.81618404  0.68307138  0.40465538
   0.02265357  0.52456570  0.13683405
   0.79004492  0.80782636  0.30382953
   0.00068755  0.50784128  0.25093321
   0.52012626  0.03779137  0.03884452
   0.60108561  0.94639684  0.14929909
   0.10735146  0.94249579  0.55351928
   0.81618404  0.18307139  0.90465541
   0.02265357  0.02456567  0.63683402
   0.79004492  0.30782639  0.80382950
   0.00068755  0.00784128  0.75093321
   0.52012626  0.53779138  0.53884449
   0.60108561  0.44639684  0.64929912
   0.60609658  0.54973440  0.94671118
   0.32539738  0.32008911  0.59648818
   0.52652871  0.47630418  0.86247357
   0.27934726  0.18960332  0.69506504
   0.50331188  0.49489720  0.74834940
   0.01989396  0.96364330  0.96207784
   0.09458553  0.04556429  0.85133537
   0.60609658  0.04973436  0.44671124
   0.32539738  0.82008911  0.09648820
   0.52652871  0.97630415  0.36247354
   0.27934726  0.68960332  0.19506500
   0.50331188  0.99489720  0.24834937
   0.01989396  0.46364333  0.46207784
   0.09458553  0.54556431  0.35133543
   0.32626190  0.16694818  0.50027574
   0.32626190  0.66694824  1.00027577
   0.82527343  0.83232723  0.50029499
   0.82527343  0.33232729  0.00029499
   0.28980592  0.24627428  0.34588144
   0.28980592  0.74627428  0.84588147
   0.29076555  0.24717685  0.54965300
   0.29076555  0.74717684  0.04965298
