   0.25084951  0.24498654  0.10359571
   0.23503061  0.27613170  0.21994580
   0.25084951  0.74498654  0.60359573
   0.23503061  0.77613173  0.71994576
   0.74768785  0.75118088  0.89385696
   0.71911165  0.73110335  0.78143976
   0.74768785  0.25118088  0.39385699
   0.71911165  0.23110336  0.28143970
   0.74357683  0.75295590  0.10349171
   0.74558890  0.73190055  0.21993267
   0.74357683  0.25295593  0.60349174
   0.74558890  0.23190054  0.71993270
   0.25397208  0.24555042  0.89355905
   0.23456419  0.28248792  0.78112811
   0.25397208  0.74555045  0.39355908
   0.23456419  0.78248789  0.28112814
   0.25399739  0.24397807  0.00158575
   0.25399739  0.74397807  0.50158575
   0.74879226  0.75939582  1.00146998
   0.74879226  0.25939582  0.50146992
   0.79346217  0.75056699  0.34723191
   0.79346217  0.25056699  0.84723191
   0.79271242  0.75026740  0.65236675
   0.79271242  0.25026742  0.15236676
   0.79799787  0.75266489  0.45075095
   0.79799787  0.25266489  0.95075092
   0.29038908  0.24806556  0.65196474
   0.29038908  0.74806556  0.15196474
   0.29613880  0.24625742  0.45122029
   0.29613880  0.74625742  0.95122029
   0.79616539  0.75366552  0.54935103
   0.79616539  0.25366552  0.04935103
   0.60679188  0.55198187  0.05376563
   0.32162302  0.31968561  0.40557379
   0.52307440  0.47186031  0.13705224
   0.30778862  0.18388381  0.30239163
   0.50219084  0.49801712  0.25064941
   0.01773458  0.96480463  0.03878167
   0.10033762  0.05250646  0.14878601
   0.60679188  0.05198188  0.55376561
   0.32162302  0.81968561  0.90557379
   0.52307440  0.97186034  0.63705223
   0.30778862  0.68388378  0.80239163
   0.50219084  0.99801715  0.75064944
   0.01773458  0.46480466  0.53878166
   0.10033762  0.55250651  0.64878604
   0.10657969  0.44678082  0.94664634
   0.81800493  0.68112425  0.59608380
   0.02579746  0.52278301  0.86220977
   0.79013709  0.80777222  0.69541662
   0.00001596  0.50531517  0.74889826
   0.52303310  0.03475493  0.96264544
   0.59132975  0.95530592  0.85160409
   0.10657969  0.94678085  0.44664631
   0.81800493  0.18112425  0.09608381
   0.02579746  0.02278303  0.36220977
   0.79013709  0.30777222  0.19541662
   0.00001596  0.00531520  0.24889828
   0.52303310  0.53475495  0.46264541
   0.59132975  0.45530598  0.35160412
   0.10748975  0.44251593  0.05353294
   0.81630720  0.68311409  0.40468618
   0.02264771  0.52447921  0.13680337
   0.78991605  0.80784547  0.30383709
   0.00048368  0.50795078  0.25090953
   0.52032251  0.03770796  0.03885191
   0.60091156  0.94647329  0.14929417
   0.10748975  0.94251590  0.55353298
   0.81630720  0.18311410  0.90468621
   0.02264771  0.02447918  0.63680334
   0.78991605  0.30784550  0.80383706
   0.00048368  0.00795079  0.75090953
   0.52032251  0.53770797  0.53885189
   0.60091156  0.44647329  0.64929420
   0.60652700  0.54987816  0.94673537
   0.32543467  0.32004060  0.59648434
   0.52653426  0.47647268  0.86248272
   0.27897912  0.18954209  0.69503693
   0.50310237  0.49492461  0.74832560
   0.02018228  0.96362528  0.96210860
   0.09408149  0.04515449  0.85137558
   0.60652700  0.04987812  0.44673543
   0.32543467  0.82004060  0.09648435
   0.52653426  0.97647265  0.36248269
   0.27897912  0.68954209  0.19503688
   0.50310237  0.99492461  0.24832557
   0.02018228  0.46362531  0.46210860
   0.09408149  0.54515451  0.35137564
   0.32649418  0.16690096  0.50029411
   0.32649418  0.66690102  1.00029414
   0.82550991  0.83233153  0.50030843
   0.82550991  0.33233159  0.00030843
   0.28969500  0.24617175  0.34588357
   0.28969500  0.74617175  0.84588360
   0.29090503  0.24713593  0.54965361
   0.29090503  0.74713592  0.04965360
