   0.25257707  0.24555248  0.10481906
   0.23771507  0.27471787  0.22013546
   0.25257707  0.74555248  0.60481908
   0.23771507  0.77471790  0.72013541
   0.75284792  0.75036993  0.89313164
   0.73433191  0.72465812  0.78118614
   0.75284792  0.25036993  0.39313167
   0.73433191  0.22465813  0.28118608
   0.74649182  0.75304354  0.10504329
   0.73523318  0.72774436  0.21989804
   0.74649182  0.25304357  0.60504332
   0.73523318  0.22774434  0.71989807
   0.25251775  0.24861355  0.89288588
   0.23506195  0.27743293  0.78137275
   0.25251775  0.74861358  0.39288591
   0.23506195  0.77743290  0.28137278
   0.24400394  0.24259175  0.00175447
   0.24400394  0.74259175  0.50175447
   0.74226018  0.75873764  0.99972045
   0.74226018  0.25873764  0.49972039
   0.79630775  0.74912337  0.34751355
   0.79630775  0.24912337  0.84751355
   0.79576328  0.74973933  0.65336024
   0.79576328  0.24973934  0.15336026
   0.79191327  0.75338475  0.44954556
   0.79191327  0.25338475  0.94954553
   0.29439170  0.25046737  0.65277786
   0.29439170  0.75046737  0.15277786
   0.28877256  0.24424170  0.44963870
   0.28877256  0.74424170  0.94963870
   0.79045229  0.75416891  0.54991308
   0.79045229  0.25416891  0.04991308
   0.60670281  0.55494989  0.05570254
   0.32021184  0.32113179  0.40377399
   0.52723062  0.47200644  0.13782332
   0.29406152  0.18159903  0.30253885
   0.50322506  0.49496669  0.25130555
   0.00625983  0.96223093  0.03794524
   0.10441557  0.05433264  0.15085897
   0.60670281  0.05494990  0.55570251
   0.32021184  0.82113179  0.90377399
   0.52723062  0.97200647  0.63782330
   0.29406152  0.68159900  0.80253885
   0.50322506  0.99496672  0.75130558
   0.00625983  0.46223096  0.53794523
   0.10441557  0.55433269  0.65085900
   0.10133623  0.44433430  0.94451734
   0.82064067  0.67762540  0.59739518
   0.02543941  0.52582154  0.86265130
   0.79160550  0.81356278  0.69660573
   0.00252772  0.50444073  0.74850213
   0.51140959  0.04168413  0.96156744
   0.60649439  0.94869284  0.84950276
   0.10133623  0.94433433  0.44451731
   0.82064067  0.17762540  0.09739520
   0.02543941  0.02582156  0.36265130
   0.79160550  0.31356278  0.19660573
   0.00252772  0.00444076  0.24850215
   0.51140959  0.54168415  0.46156741
   0.60649439  0.44869290  0.34950279
   0.11010198  0.43266265  0.05397012
   0.82330250  0.67931083  0.40295914
   0.02642394  0.52413749  0.13807020
   0.79443228  0.81577284  0.30299574
   0.00213329  0.50498398  0.25117542
   0.50748114  0.05022192  0.03932762
   0.60803595  0.94480056  0.15160816
   0.11010198  0.93266262  0.55397016
   0.82330250  0.17931084  0.90295916
   0.02642394  0.02413747  0.63807017
   0.79443228  0.31577287  0.80299571
   0.00213329  0.00498398  0.75117542
   0.50748114  0.55022193  0.53932759
   0.60803595  0.44480056  0.65160819
   0.61065069  0.55927602  0.94598006
   0.32919045  0.32586943  0.59875535
   0.52863052  0.47353575  0.86245748
   0.29440693  0.18570163  0.69624317
   0.50314204  0.49476091  0.74856129
   0.00356278  0.95454492  0.96042346
   0.10640574  0.05796902  0.84900815
   0.61065069  0.05927597  0.44598012
   0.32919045  0.82586943  0.09875536
   0.52863052  0.97353572  0.36245745
   0.29440693  0.68570163  0.19624313
   0.50314204  0.99476091  0.24856126
   0.00356278  0.45454495  0.46042346
   0.10640574  0.55796904  0.34900821
   0.31886022  0.15818665  0.49915234
   0.31886022  0.65818671  0.99915237
   0.81806036  0.84048851  0.49970651
   0.81806036  0.34048857 -0.00029349
   0.29449288  0.24859667  0.34628196
   0.29449288  0.74859667  0.84628199
   0.28848359  0.24721331  0.54993727
   0.28848359  0.74721330  0.04993726
