   0.25079713  0.24502578  0.10362143
   0.23562565  0.27589688  0.22001378
   0.25079713  0.74502578  0.60362145
   0.23562565  0.77589691  0.72001374
   0.74769861  0.75096984  0.89385519
   0.71967120  0.73102953  0.78148508
   0.74769861  0.25096984  0.39385522
   0.71967120  0.23102955  0.28148502
   0.74360352  0.75286925  0.10351097
   0.74588092  0.73177297  0.21997691
   0.74360352  0.25286928  0.60351099
   0.74588092  0.23177295  0.71997694
   0.25400386  0.24592956  0.89356742
   0.23492936  0.28236177  0.78118404
   0.25400386  0.74592959  0.39356745
   0.23492936  0.78236174  0.28118407
   0.25360318  0.24411983  0.00157534
   0.25360318  0.74411983  0.50157534
   0.74836147  0.75936615  1.00145281
   0.74836147  0.25936615  0.50145275
   0.79372436  0.75039075  0.34725043
   0.79372436  0.25039075  0.84725043
   0.79285195  0.75028395  0.65242394
   0.79285195  0.25028397  0.15242395
   0.79754375  0.75260122  0.45070390
   0.79754375  0.25260122  0.95070387
   0.29060329  0.24807046  0.65202618
   0.29060329  0.74807046  0.15202618
   0.29568541  0.24641869  0.45116768
   0.29568541  0.74641869  0.95116768
   0.79590285  0.75366757  0.54934645
   0.79590285  0.25366757  0.04934644
   0.60653114  0.55207238  0.05375054
   0.32143240  0.31980093  0.40550854
   0.52313030  0.47180490  0.13707319
   0.30778993  0.18385711  0.30239008
   0.50257459  0.49795063  0.25070518
   0.01735499  0.96472840  0.03876390
   0.10069139  0.05270785  0.14883375
   0.60653114  0.05207239  0.55375052
   0.32143240  0.81980093  0.90550854
   0.52313030  0.97180493  0.63707317
   0.30778993  0.68385708  0.80239008
   0.50257459  0.99795066  0.75070521
   0.01735499  0.46472843  0.53876389
   0.10069139  0.55270790  0.64883378
   0.10581872  0.44712056  0.94659723
   0.81803409  0.68112814  0.59609091
   0.02577893  0.52311846  0.86220388
   0.78988126  0.80750772  0.69545221
   0.00041031  0.50514992  0.74893605
   0.52249417  0.03480426  0.96259490
   0.59227112  0.95459866  0.85150857
   0.10581872  0.94712059  0.44659720
   0.81803409  0.18112814  0.09609092
   0.02577893  0.02311849  0.36220388
   0.78988126  0.30750772  0.19545221
   0.00041031  0.00514995  0.24893606
   0.52249417  0.53480428  0.46259487
   0.59227112  0.45459872  0.35150860
   0.10729939  0.44251907  0.05351178
   0.81607706  0.68303510  0.40462845
   0.02266465  0.52464337  0.13686397
   0.79015123  0.80781362  0.30381352
   0.00083787  0.50774384  0.25095200
   0.51990657  0.03780909  0.03883984
   0.60123782  0.94632176  0.14930479
   0.10729939  0.94251904  0.55351182
   0.81607706  0.18303511  0.90462848
   0.02266465  0.02464334  0.63686394
   0.79015123  0.30781365  0.80381349
   0.00083787  0.00774385  0.75095200
   0.51990657  0.53780910  0.53883981
   0.60123782  0.44632176  0.64930481
   0.60576979  0.54964513  0.94668887
   0.32536017  0.32012742  0.59649593
   0.52649401  0.47619335  0.86246011
   0.27968550  0.18970936  0.69506268
   0.50347789  0.49488160  0.74837182
   0.01964621  0.96364646  0.96205201
   0.09502605  0.04586878  0.85130191
   0.60576979  0.04964509  0.44668893
   0.32536017  0.82012742  0.09649594
   0.52649401  0.97619332  0.36246008
   0.27968550  0.68970936  0.19506263
   0.50347789  0.99488160  0.24837179
   0.01964621  0.46364649  0.46205201
   0.09502605  0.54586881  0.35130197
   0.32605821  0.16699087  0.50026405
   0.32605821  0.66699093  1.00026408
   0.82507508  0.83232440  0.50028498
   0.82507508  0.33232446  0.00028498
   0.28991075  0.24636978  0.34588001
   0.28991075  0.74636978  0.84588004
   0.29064159  0.24723267  0.54965273
   0.29064159  0.74723266  0.04965272
