   0.25120903  0.24516539  0.10398424
   0.23810958  0.27397707  0.22043259
   0.25120903  0.74516539  0.60398425
   0.23810958  0.77397710  0.72043254
   0.74889956  0.75002808  0.89362570
   0.72416908  0.73056150  0.78153404
   0.74889956  0.25002808  0.39362573
   0.72416908  0.23056152  0.28153398
   0.74461271  0.75216043  0.10387350
   0.74500368  0.73056510  0.22015085
   0.74461271  0.25216046  0.60387352
   0.74500368  0.23056508  0.72015088
   0.25577542  0.24837738  0.89336539
   0.23595392  0.28163128  0.78150908
   0.25577542  0.74837741  0.39336542
   0.23595392  0.78163125  0.28150911
   0.25047652  0.24507061  0.00162667
   0.25047652  0.74507061  0.50162667
   0.74501268  0.75877845  1.00116325
   0.74501268  0.25877845  0.50116319
   0.79584484  0.74974001  0.34703609
   0.79584484  0.24974001  0.84703609
   0.79459176  0.75016741  0.65292201
   0.79459176  0.25016743  0.15292202
   0.79465481  0.75226395  0.45028012
   0.79465481  0.25226395  0.95028009
   0.29290012  0.24835964  0.65251679
   0.29290012  0.74835964  0.15251679
   0.29255554  0.24712049  0.45067899
   0.29255554  0.74712049  0.95067899
   0.79396558  0.75359298  0.54948719
   0.79396558  0.25359298  0.04948719
   0.60515253  0.55257484  0.05391806
   0.31994465  0.31972678  0.40488343
   0.52472139  0.47165725  0.13739703
   0.30440272  0.18317109  0.30219254
   0.50382025  0.49719651  0.25108318
   0.01414971  0.96406957  0.03873394
   0.10372772  0.05394246  0.14948563
   0.60515253  0.05257485  0.55391804
   0.31994465  0.81972678  0.90488343
   0.52472139  0.97165728  0.63739702
   0.30440272  0.68317106  0.80219254
   0.50382025  0.99719653  0.75108321
   0.01414971  0.46406960  0.53873393
   0.10372772  0.55394252  0.64948566
   0.10225539  0.44774253  0.94619311
   0.81898131  0.68107197  0.59634904
   0.02643334  0.52478469  0.86209899
   0.78867993  0.80690101  0.69595338
   0.00153036  0.50392699  0.74897428
   0.51770486  0.03631480  0.96207631
   0.59847378  0.95109001  0.85069713
   0.10225539  0.94774256  0.44619308
   0.81898131  0.18107197  0.09634905
   0.02643334  0.02478472  0.36209899
   0.78867993  0.30690101  0.19595338
   0.00153036  0.00392702  0.24897429
   0.51770486  0.53631483  0.46207628
   0.59847378  0.45109007  0.35069716
   0.10618983  0.44208307  0.05349867
   0.81464314  0.68309718  0.40406041
   0.02395822  0.52533312  0.13748450
   0.79201361  0.80817562  0.30360024
   0.00157897  0.50607889  0.25123274
   0.51635022  0.03950805  0.03899810
   0.60429374  0.94534651  0.14974523
   0.10618983  0.94208304  0.55349871
   0.81464314  0.18309720  0.90406044
   0.02395822  0.02533309  0.63748447
   0.79201361  0.30817565  0.80360021
   0.00157897  0.00607889  0.75123274
   0.51635022  0.53950806  0.53899807
   0.60429374  0.44534651  0.64974526
   0.60268896  0.54984502  0.94638960
   0.32540511  0.32083668  0.59681879
   0.52738040  0.47505901  0.86211178
   0.28606413  0.18999029  0.69561078
   0.50452996  0.49455832  0.74852291
   0.01447572  0.96208515  0.96146982
   0.10119413  0.05083682  0.85057766
   0.60268896  0.04984497  0.44638966
   0.32540511  0.82083668  0.09681881
   0.52738040  0.97505898  0.36211175
   0.28606413  0.68999029  0.19561073
   0.50452996  0.99455832  0.24852288
   0.01447572  0.46208518  0.46146982
   0.10119413  0.55083684  0.35057772
   0.32320771  0.16734423  0.50006843
   0.32320771  0.66734429  1.00006846
   0.82186490  0.83251892  0.50013556
   0.82186490  0.33251898  0.00013556
   0.29146351  0.24769522  0.34563548
   0.29146351  0.74769522  0.84563551
   0.28898463  0.24787745  0.54981666
   0.28898463  0.74787743  0.04981665
