   0.25197039  0.24546086  0.10431044
   0.23844668  0.27347805  0.22055387
   0.25197039  0.74546086  0.60431045
   0.23844668  0.77347808  0.72055383
   0.75082817  0.74975402  0.89337065
   0.72771536  0.72949810  0.78136730
   0.75082817  0.24975402  0.39337068
   0.72771536  0.22949812  0.28136724
   0.74568184  0.75208578  0.10432670
   0.74225008  0.72949496  0.22013939
   0.74568184  0.25208581  0.60432672
   0.74225008  0.22949494  0.72013942
   0.25674585  0.24901010  0.89312473
   0.23573760  0.28131165  0.78157327
   0.25674585  0.74901013  0.39312476
   0.23573760  0.78131162  0.28157330
   0.24827182  0.24441676  0.00182298
   0.24827182  0.74441676  0.50182298
   0.74308996  0.75857137  1.00064646
   0.74308996  0.25857137  0.50064640
   0.79679005  0.74986312  0.34675257
   0.79679005  0.24986312  0.84675257
   0.79559641  0.75013604  0.65325156
   0.79559641  0.25013606  0.15325157
   0.79349676  0.75225633  0.44996895
   0.79349676  0.25225633  0.94996892
   0.29408441  0.24873312  0.65283593
   0.29408441  0.74873312  0.15283593
   0.29102381  0.24687845  0.45026438
   0.29102381  0.74687845  0.95026438
   0.79254845  0.75378014  0.54968981
   0.79254845  0.25378014  0.04968980
   0.60506217  0.55326163  0.05444796
   0.31895685  0.31928998  0.40442203
   0.52612009  0.47199348  0.13766383
   0.29997188  0.18124065  0.30223888
   0.50375989  0.49616024  0.25127561
   0.01167950  0.96302334  0.03861433
   0.10475005  0.05406666  0.15005760
   0.60506217  0.05326164  0.55444793
   0.31895685  0.81928998  0.90442203
   0.52612009  0.97199351  0.63766382
   0.29997188  0.68124062  0.80223888
   0.50375989  0.99616027  0.75127564
   0.01167950  0.46302337  0.53861432
   0.10475005  0.55406671  0.65005763
   0.10159596  0.44708836  0.94568095
   0.81963703  0.68051473  0.59660622
   0.02717407  0.52525912  0.86217090
   0.78934717  0.80915885  0.69626115
   0.00132739  0.50349400  0.74879308
   0.51445965  0.03815453  0.96164756
   0.60178391  0.94971475  0.85016273
   0.10159596  0.94708839  0.44568092
   0.81963703  0.18051473  0.09660623
   0.02717407  0.02525915  0.36217090
   0.78934717  0.30915885  0.19626115
   0.00132739  0.00349403  0.24879310
   0.51445965  0.53815455  0.46164753
   0.60178391  0.44971481  0.35016276
   0.10665826  0.44063334  0.05363293
   0.81555083  0.68268571  0.40369093
   0.02543909  0.52500307  0.13784674
   0.79292441  0.81055076  0.30354018
   0.00118461  0.50549988  0.25129858
   0.51300122  0.04204141  0.03924425
   0.60576147  0.94502972  0.15043252
   0.10665826  0.94063331  0.55363297
   0.81555083  0.18268573  0.90369095
   0.02543909  0.02500305  0.63784671
   0.79292441  0.31055078  0.80354015
   0.00118461  0.00549988  0.75129858
   0.51300122  0.54204141  0.53924423
   0.60576147  0.44502972  0.65043255
   0.60346621  0.55197356  0.94616864
   0.32580598  0.32187269  0.59716798
   0.52865634  0.47489360  0.86206604
   0.29011478  0.18858137  0.69592480
   0.50407506  0.49435353  0.74854758
   0.01055514  0.95960639  0.96098340
   0.10426820  0.05373793  0.84995496
   0.60346621  0.05197351  0.44616870
   0.32580598  0.82187269  0.09716799
   0.52865634  0.97489357  0.36206601
   0.29011478  0.68858137  0.19592475
   0.50407506  0.99435353  0.24854755
   0.01055514  0.45960642  0.46098340
   0.10426820  0.55373795  0.34995501
   0.32175130  0.16619324  0.49992429
   0.32175130  0.66619330  0.99992432
   0.82006658  0.83394003  0.50003485
   0.82006658  0.33394009  0.00003485
   0.29239305  0.24837718  0.34549865
   0.29239305  0.74837718  0.84549868
   0.28842394  0.24787723  0.55000081
   0.28842394  0.74787722  0.05000080
