   0.25095761  0.24512522  0.10384143
   0.23760996  0.27452852  0.22031228
   0.25095761  0.74512522  0.60384145
   0.23760996  0.77452855  0.72031224
   0.74822437  0.75025198  0.89373135
   0.72257047  0.73074530  0.78156670
   0.74822437  0.25025198  0.39373138
   0.72257047  0.23074532  0.28156664
   0.74417977  0.75236434  0.10371374
   0.74582191  0.73103597  0.22011643
   0.74417977  0.25236437  0.60371376
   0.74582191  0.23103596  0.72011646
   0.25496953  0.24771976  0.89346530
   0.23587552  0.28176696  0.78141502
   0.25496953  0.74771979  0.39346533
   0.23587552  0.78176693  0.28141505
   0.25150934  0.24488611  0.00156980
   0.25150934  0.74488611  0.50156980
   0.74610195  0.75904450  1.00131402
   0.74610195  0.25904450  0.50131396
   0.79511368  0.74986828  0.34712333
   0.79511368  0.24986828  0.84712333
   0.79394843  0.75019588  0.65274762
   0.79394843  0.25019589  0.15274763
   0.79546242  0.75238725  0.45043336
   0.79546242  0.25238725  0.95043333
   0.29210126  0.24825596  0.65234071
   0.29210126  0.74825596  0.15234071
   0.29351007  0.24698896  0.45086355
   0.29351007  0.74698896  0.95086355
   0.79461594  0.75361375  0.54941740
   0.79461594  0.25361375  0.04941740
   0.60547279  0.55232845  0.05379469
   0.32054200  0.31993999  0.40511793
   0.52405779  0.47163275  0.13726332
   0.30616517  0.18370974  0.30226018
   0.50367282  0.49752235  0.25096399
   0.01525705  0.96438031  0.03874634
   0.10277418  0.05364943  0.14923025
   0.60547279  0.05232846  0.55379466
   0.32054200  0.81993999  0.90511793
   0.52405779  0.97163278  0.63726330
   0.30616517  0.68370971  0.80226018
   0.50367282  0.99752238  0.75096402
   0.01525705  0.46438034  0.53874634
   0.10277418  0.55364949  0.64923028
   0.10305931  0.44784699  0.94635865
   0.81859621  0.68114239  0.59623087
   0.02606669  0.52435951  0.86212983
   0.78884056  0.80664183  0.69577507
   0.00147662  0.50430065  0.74899165
   0.51942848  0.03558760  0.96228347
   0.59652898  0.95203433  0.85097872
   0.10305931  0.94784702  0.44635862
   0.81859621  0.18114239  0.09623089
   0.02606669  0.02435953  0.36212983
   0.78884056  0.30664183  0.19577507
   0.00147662  0.00430068  0.24899167
   0.51942848  0.53558762  0.46228344
   0.59652898  0.45203439  0.35097875
   0.10635148  0.44237758  0.05347732
   0.81498057  0.68304180  0.40426536
   0.02335313  0.52521822  0.13726309
   0.79144989  0.80770574  0.30368020
   0.00165462  0.50660713  0.25115035
   0.51770040  0.03872975  0.03890548
   0.60329581  0.94560872  0.14952778
   0.10635148  0.94237755  0.55347736
   0.81498057  0.18304181  0.90426538
   0.02335313  0.02521819  0.63726306
   0.79144989  0.30770577  0.80368017
   0.00165462  0.00660714  0.75115035
   0.51770040  0.53872976  0.53890546
   0.60329581  0.44560872  0.64952781
   0.60316311  0.54937606  0.94649082
   0.32535251  0.32054791  0.59667440
   0.52688719  0.47527757  0.86223543
   0.28385337  0.19016157  0.69541466
   0.50448462  0.49464741  0.74848440
   0.01639247  0.96294546  0.96169161
   0.09921914  0.04924308  0.85085375
   0.60316311  0.04937601  0.44649088
   0.32535251  0.82054791  0.09667441
   0.52688719  0.97527754  0.36223540
   0.28385337  0.69016157  0.19541461
   0.50448462  0.99464741  0.24848437
   0.01639247  0.46294549  0.46169161
   0.09921914  0.54924310  0.35085381
   0.32406339  0.16735598  0.50013406
   0.32406339  0.66735604  1.00013409
   0.82293992  0.83233315  0.50018280
   0.82293992  0.33233321  0.00018280
   0.29091697  0.24728454  0.34572857
   0.29091697  0.74728454  0.84572860
   0.28943021  0.24768311  0.54974282
   0.28943021  0.74768309  0.04974281
