   0.25097452  0.24512729  0.10385470
   0.23768903  0.27445356  0.22033100
   0.25097452  0.74512729  0.60385471
   0.23768903  0.77445359  0.72033095
   0.74828284  0.75021501  0.89372492
   0.72277575  0.73071198  0.78156346
   0.74828284  0.25021501  0.39372495
   0.72277575  0.23071200  0.28156340
   0.74422453  0.75233625  0.10372750
   0.74573670  0.73097356  0.22012384
   0.74422453  0.25233628  0.60372752
   0.74573670  0.23097355  0.72012387
   0.25505837  0.24782015  0.89345958
   0.23588815  0.28175298  0.78142713
   0.25505837  0.74782018  0.39345961
   0.23588815  0.78175295  0.28142716
   0.25136661  0.24492892  0.00157923
   0.25136661  0.74492892  0.50157923
   0.74594569  0.75900689  1.00130341
   0.74594569  0.25900689  0.50130335
   0.79520763  0.74988077  0.34710304
   0.79520763  0.24988077  0.84710304
   0.79403047  0.75016825  0.65275044
   0.79403047  0.25016826  0.15275046
   0.79534673  0.75237253  0.45042756
   0.79534673  0.25237253  0.95042753
   0.29220559  0.24828567  0.65234698
   0.29220559  0.74828567  0.15234698
   0.29337684  0.24701241  0.45085418
   0.29337684  0.74701241  0.95085418
   0.79453876  0.75360554  0.54942431
   0.79453876  0.25360554  0.04942430
   0.60542486  0.55236678  0.05380563
   0.32046965  0.31993239  0.40508265
   0.52414438  0.47162350  0.13728103
   0.30596293  0.18366669  0.30225097
   0.50370101  0.49748315  0.25097893
   0.01510685  0.96435101  0.03874341
   0.10291641  0.05369462  0.14926187
   0.60542486  0.05236679  0.55380561
   0.32046965  0.81993239  0.90508265
   0.52414438  0.97162353  0.63728102
   0.30596293  0.68366666  0.80225097
   0.50370101  0.99748318  0.75097896
   0.01510685  0.46435104  0.53874340
   0.10291641  0.55369467  0.64926190
   0.10292011  0.44783325  0.94633862
   0.81865070  0.68113000  0.59624573
   0.02611119  0.52442493  0.86212303
   0.78878750  0.80664746  0.69581271
   0.00150528  0.50424585  0.74899171
   0.51921205  0.03567429  0.96225734
   0.59680688  0.95190509  0.85094231
   0.10292011  0.94783328  0.44633859
   0.81865070  0.18113000  0.09624574
   0.02611119  0.02442496  0.36212303
   0.78878750  0.30664746  0.19581271
   0.00150528  0.00424588  0.24899172
   0.51921205  0.53567432  0.46225731
   0.59680688  0.45190515  0.35094234
   0.10631653  0.44233454  0.05347796
   0.81491507  0.68304596  0.40423353
   0.02342774  0.52525005  0.13729375
   0.79154153  0.80773040  0.30368407
   0.00166181  0.50653104  0.25116023
   0.51753594  0.03881649  0.03891291
   0.60343918  0.94557282  0.14955074
   0.10631653  0.94233451  0.55347801
   0.81491507  0.18304597  0.90423356
   0.02342774  0.02525002  0.63729372
   0.79154153  0.30773043  0.80368404
   0.00166181  0.00653104  0.75116023
   0.51753594  0.53881650  0.53891288
   0.60343918  0.44557282  0.64955077
   0.60307415  0.54941258  0.94647699
   0.32536102  0.32058650  0.59669284
   0.52695220  0.47523049  0.86221631
   0.28415588  0.19015411  0.69545205
   0.50450878  0.49463966  0.74849074
   0.01614106  0.96286208  0.96166288
   0.09948817  0.04946028  0.85082005
   0.60307415  0.04941254  0.44647705
   0.32536102  0.82058650  0.09669285
   0.52695220  0.97523046  0.36221628
   0.28415588  0.69015411  0.19545200
   0.50450878  0.99463966  0.24849071
   0.01614106  0.46286211  0.46166288
   0.09948817  0.54946030  0.35082011
   0.32394915  0.16736500  0.50012173
   0.32394915  0.66736506  1.00012176
   0.82280207  0.83234169  0.50017244
   0.82280207  0.33234175  0.00017244
   0.29098352  0.24733187  0.34571481
   0.29098352  0.74733187  0.84571484
   0.28937787  0.24770351  0.54974871
   0.28937787  0.74770350  0.04974870
