   0.25091418  0.24497417  0.10357633
   0.23449229  0.27632598  0.21988840
   0.25091418  0.74497417  0.60357634
   0.23449229  0.77632601  0.71988835
   0.74766022  0.75139918  0.89385031
   0.71862126  0.73119138  0.78139412
   0.74766022  0.25139918  0.39385034
   0.71862126  0.23119139  0.28139406
   0.74359271  0.75300680  0.10347752
   0.74525516  0.73200403  0.21989455
   0.74359271  0.25300683  0.60347755
   0.74525516  0.23200401  0.71989458
   0.25394867  0.24520525  0.89354305
   0.23420091  0.28257926  0.78107675
   0.25394867  0.74520528  0.39354308
   0.23420091  0.78257923  0.28107678
   0.25435538  0.24384706  0.00159335
   0.25435538  0.74384706  0.50159335
   0.74918602  0.75942961  1.00148195
   0.74918602  0.25942961  0.50148189
   0.79325159  0.75067741  0.34723860
   0.79325159  0.25067741  0.84723860
   0.79262267  0.75026447  0.65233824
   0.79262267  0.25026448  0.15233826
   0.79838985  0.75269875  0.45078066
   0.79838985  0.25269875  0.95078063
   0.29024906  0.24804831  0.65194038
   0.29024906  0.74804831  0.15194038
   0.29652499  0.24614703  0.45125449
   0.29652499  0.74614703  0.95125449
   0.79639376  0.75364743  0.54935496
   0.79639376  0.25364743  0.04935496
   0.60701991  0.55190268  0.05378676
   0.32177583  0.31956742  0.40563469
   0.52304202  0.47189559  0.13703942
   0.30770348  0.18391124  0.30238085
   0.50180540  0.49807573  0.25060200
   0.01807529  0.96483673  0.03880132
   0.10010412  0.05236219  0.14875139
   0.60701991  0.05190269  0.55378674
   0.32177583  0.81956742  0.90563469
   0.52304202  0.97189562  0.63703940
   0.30770348  0.68391121  0.80238085
   0.50180540  0.99807575  0.75060203
   0.01807529  0.46483676  0.53880131
   0.10010412  0.55236225  0.64875142
   0.10730282  0.44644637  0.94668834
   0.81801133  0.68111095  0.59608314
   0.02581734  0.52250481  0.86220741
   0.79034358  0.80796870  0.69537271
  -0.00039582  0.50543981  0.74886898
   0.52346849  0.03475451  0.96268738
   0.59046015  0.95590882  0.85168384
   0.10730282  0.94644640  0.44668831
   0.81801133  0.18111095  0.09608316
   0.02581734  0.02250483  0.36220741
   0.79034358  0.30796870  0.19537271
  -0.00039582  0.00543984  0.24886900
   0.52346849  0.53475453  0.46268735
   0.59046015  0.45590888  0.35168387
   0.10767401  0.44252970  0.05355787
   0.81648209  0.68320832  0.40474061
   0.02265478  0.52436454  0.13676047
   0.78971801  0.80787299  0.30383404
   0.00010463  0.50812553  0.25087108
   0.52067606  0.03763336  0.03886743
   0.60069081  0.94656893  0.14928819
   0.10767401  0.94252967  0.55355791
   0.81648209  0.18320833  0.90474064
   0.02265478  0.02436452  0.63676044
   0.78971801  0.30787302  0.80383401
   0.00010463  0.00812554  0.75087108
   0.52067606  0.53763337  0.53886741
   0.60069081  0.44656893  0.64928822
   0.60724772  0.55013095  0.94677620
   0.32551655  0.31997853  0.59648157
   0.52654063  0.47675634  0.86249052
   0.27848401  0.18944620  0.69499357
   0.50272485  0.49497095  0.74829235
   0.02061512  0.96355852  0.96215452
   0.09327196  0.04451244  0.85143702
   0.60724772  0.05013090  0.44677626
   0.32551655  0.81997853  0.09648159
   0.52654063  0.97675631  0.36249049
   0.27848401  0.68944620  0.19499352
   0.50272485  0.99497095  0.24829232
   0.02061512  0.46355855  0.46215452
   0.09327196  0.54451247  0.35143708
   0.32686185  0.16682293  0.50031941
   0.32686185  0.66682299  1.00031944
   0.82587829  0.83233483  0.50033290
   0.82587829  0.33233489  0.00033290
   0.28947234  0.24598859  0.34587544
   0.28947234  0.74598859  0.84587547
   0.29119329  0.24706451  0.54965483
   0.29119329  0.74706449  0.04965482
