   0.25077519  0.24507499  0.10370241
   0.23666336  0.27530862  0.22014775
   0.25077519  0.74507499  0.60370242
   0.23666336  0.77530865  0.72014771
   0.74778599  0.75062456  0.89381898
   0.72085031  0.73089775  0.78154974
   0.74778599  0.25062456  0.39381901
   0.72085031  0.23089777  0.28154968
   0.74375109  0.75266766  0.10358032
   0.74617441  0.73149268  0.22004682
   0.74375109  0.25266768  0.60358034
   0.74617441  0.23149267  0.72004685
   0.25424807  0.24673265  0.89354367
   0.23550173  0.28208888  0.78128939
   0.25424807  0.74673268  0.39354370
   0.23550173  0.78208885  0.28128942
   0.25275522  0.24444007  0.00155810
   0.25275522  0.74444007  0.50155810
   0.74745230  0.75930089  1.00140777
   0.74745230  0.25930089  0.50140771
   0.79418697  0.75014926  0.34720334
   0.79418697  0.25014926  0.84720334
   0.79319015  0.75025120  0.65253318
   0.79319015  0.25025122  0.15253319
   0.79668738  0.75256138  0.45060392
   0.79668738  0.25256138  0.95060389
   0.29109687  0.24817254  0.65212513
   0.29109687  0.74817254  0.15212513
   0.29483351  0.24665787  0.45105945
   0.29483351  0.74665787  0.95105945
   0.79540123  0.75365955  0.54936379
   0.79540123  0.25365955  0.04936379
   0.60601601  0.55210407  0.05374171
   0.32109460  0.31994451  0.40535745
   0.52342902  0.47172640  0.13713364
   0.30747872  0.18386043  0.30235587
   0.50321284  0.49779362  0.25082015
   0.01650270  0.96464825  0.03874695
   0.10150213  0.05314215  0.14897829
   0.60601601  0.05210407  0.55374168
   0.32109460  0.81994451  0.90535745
   0.52342902  0.97172643  0.63713363
   0.30747872  0.68386040  0.80235587
   0.50321284  0.99779365  0.75082018
   0.01650270  0.46464828  0.53874694
   0.10150213  0.55314220  0.64897832
   0.10441911  0.44763882  0.94650485
   0.81820810  0.68115707  0.59612627
   0.02577824  0.52364965  0.86217935
   0.78935981  0.80702172  0.69558766
   0.00107938  0.50480057  0.74896944
   0.52131816  0.03498882  0.96248496
   0.59412137  0.95343104  0.85128925
   0.10441911  0.94763885  0.44650482
   0.81820810  0.18115707  0.09612628
   0.02577824  0.02364967  0.36217935
   0.78935981  0.30702172  0.19558766
   0.00107938  0.00480060  0.24896946
   0.52131816  0.53498884  0.46248493
   0.59412137  0.45343110  0.35128928
   0.10678156  0.44251661  0.05348420
   0.81559826  0.68301789  0.40449201
   0.02284297  0.52489853  0.13701165
   0.79072100  0.80768195  0.30377716
   0.00140874  0.50726378  0.25104603
   0.51904704  0.03810630  0.03884273
   0.60204326  0.94602164  0.14937110
   0.10678156  0.94251658  0.55348424
   0.81559826  0.18301791  0.90449204
   0.02284297  0.02489850  0.63701162
   0.79072100  0.30768198  0.80377713
   0.00140874  0.00726379  0.75104603
   0.51904704  0.53810631  0.53884271
   0.60204326  0.44602164  0.64937112
   0.60439129  0.54929710  0.94660503
   0.32533133  0.32029818  0.59654398
   0.52658500  0.47570653  0.86238414
   0.28137082  0.18998680  0.69519994
   0.50408407  0.49478261  0.74841964
   0.01840177  0.96356830  0.96192117
   0.09677430  0.04734931  0.85112474
   0.60439129  0.04929706  0.44660509
   0.32533133  0.82029818  0.09654399
   0.52658500  0.97570650  0.36238411
   0.28137082  0.68998680  0.19519989
   0.50408407  0.99478261  0.24841961
   0.01840177  0.46356833  0.46192117
   0.09677430  0.54734933  0.35112480
   0.32519718  0.16716534  0.50021279
   0.32519718  0.66716540  1.00021282
   0.82421320  0.83233110  0.50024078
   0.82421320  0.33233116  0.00024078
   0.29018068  0.24669464  0.34585833
   0.29018068  0.74669464  0.84585836
   0.29015324  0.24732550  0.54965489
   0.29015324  0.74732549  0.04965488
