   0.25079165  0.24507662  0.10372989
   0.23692542  0.27511714  0.22018662
   0.25079165  0.74507662  0.60372991
   0.23692542  0.77511717  0.72018657
   0.74785842  0.75053662  0.89380815
   0.72124207  0.73084080  0.78155361
   0.74785842  0.25053662  0.39380817
   0.72124207  0.23084081  0.28155355
   0.74382179  0.75260074  0.10360416
   0.74615993  0.73137510  0.22006373
   0.74382179  0.25260077  0.60360418
   0.74615993  0.23137509  0.72006376
   0.25438484  0.24697747  0.89353574
   0.23561939  0.28200900  0.78131428
   0.25438484  0.74697750  0.39353577
   0.23561939  0.78200897  0.28131431
   0.25241919  0.24456448  0.00156375
   0.25241919  0.74456448  0.50156375
   0.74707713  0.75924835  1.00139687
   0.74707713  0.25924835  0.50139681
   0.79442831  0.75006896  0.34718805
   0.79442831  0.25006896  0.84718805
   0.79338429  0.75020434  0.65255942
   0.79338429  0.25020436  0.15255943
   0.79634755  0.75250672  0.45057421
   0.79634755  0.25250672  0.95057418
   0.29134224  0.24820598  0.65216514
   0.29134224  0.74820598  0.15216514
   0.29446596  0.24676064  0.45102226
   0.29446596  0.74676064  0.95102226
   0.79517272  0.75364752  0.54937667
   0.79517272  0.25364752  0.04937667
   0.60589423  0.55212595  0.05374542
   0.32099521  0.31997791  0.40530806
   0.52355395  0.47170646  0.13716418
   0.30731055  0.18385077  0.30233192
   0.50335523  0.49773125  0.25085021
   0.01622321  0.96461243  0.03874472
   0.10177861  0.05323003  0.14903013
   0.60589423  0.05212595  0.55374540
   0.32099521  0.81997791  0.90530806
   0.52355395  0.97170649  0.63716416
   0.30731055  0.68385074  0.80233192
   0.50335523  0.99773128  0.75085024
   0.01622321  0.46461246  0.53874472
   0.10177861  0.55323008  0.64903016
   0.10407426  0.44773595  0.94647518
   0.81828041  0.68114274  0.59614288
   0.02584876  0.52381138  0.86216777
   0.78924417  0.80691859  0.69563958
   0.00120233  0.50467757  0.74897834
   0.52095278  0.03509932  0.96244231
   0.59464638  0.95312154  0.85122720
   0.10407426  0.94773598  0.44647515
   0.81828041  0.18114274  0.09614290
   0.02584876  0.02381140  0.36216777
   0.78924417  0.30691859  0.19563958
   0.00120233  0.00467760  0.24897835
   0.52095278  0.53509935  0.46244228
   0.59464638  0.45312160  0.35122723
   0.10665792  0.44248059  0.05348005
   0.81546494  0.68299610  0.40444460
   0.02295853  0.52498447  0.13706874
   0.79086370  0.80765527  0.30375488
   0.00149331  0.50713621  0.25106510
   0.51880508  0.03823932  0.03885067
   0.60229245  0.94593605  0.14940015
   0.10665792  0.94248056  0.55348009
   0.81546494  0.18299611  0.90444463
   0.02295853  0.02498444  0.63706871
   0.79086370  0.30765530  0.80375485
   0.00149331  0.00713621  0.75106510
   0.51880508  0.53823933  0.53885064
   0.60229245  0.44593605  0.64940017
   0.60406267  0.54924750  0.94657868
   0.32535003  0.32035792  0.59657256
   0.52664306  0.47560876  0.86235506
   0.28186933  0.19005955  0.69523872
   0.50421334  0.49475496  0.74843562
   0.01801623  0.96346421  0.96187150
   0.09728085  0.04774126  0.85107231
   0.60406267  0.04924746  0.44657874
   0.32535003  0.82035792  0.09657257
   0.52664306  0.97560873  0.36235503
   0.28186933  0.69005955  0.19523867
   0.50421334  0.99475496  0.24843559
   0.01801623  0.46346424  0.46187150
   0.09728085  0.54774128  0.35107237
   0.32495969  0.16722173  0.50019150
   0.32495969  0.66722179  1.00019153
   0.82395699  0.83231590  0.50022304
   0.82395699  0.33231596  0.00022304
   0.29038994  0.24688745  0.34582507
   0.29038994  0.74688745  0.84582510
   0.28992065  0.24743023  0.54968120
   0.28992065  0.74743021  0.04968119
