   0.25085355  0.24498153  0.10359287
   0.23491310  0.27617373  0.21993785
   0.25085355  0.74498153  0.60359288
   0.23491310  0.77617376  0.71993781
   0.74767671  0.75122278  0.89385241
   0.71899466  0.73111850  0.78142456
   0.74767671  0.25122278  0.39385243
   0.71899466  0.23111852  0.28142450
   0.74356575  0.75296803  0.10349008
   0.74552345  0.73192697  0.21992956
   0.74356575  0.25296806  0.60349011
   0.74552345  0.23192695  0.71992959
   0.25396135  0.24547687  0.89355251
   0.23448818  0.28251770  0.78111101
   0.25396135  0.74547690  0.39355254
   0.23448818  0.78251767  0.28111104
   0.25406761  0.24395236  0.00158754
   0.25406761  0.74395236  0.50158754
   0.74887331  0.75940189  1.00147266
   0.74887331  0.25940189  0.50147260
   0.79342757  0.75058485  0.34723313
   0.79342757  0.25058485  0.84723313
   0.79269848  0.75026375  0.65236431
   0.79269848  0.25026376  0.15236433
   0.79805525  0.75267870  0.45075715
   0.79805525  0.25267870  0.95075712
   0.29036292  0.24806474  0.65196373
   0.29036292  0.74806474  0.15196373
   0.29619295  0.24623354  0.45122660
   0.29619295  0.74623354  0.95122660
   0.79619971  0.75366868  0.54935065
   0.79619971  0.25366868  0.04935065
   0.60686715  0.55193397  0.05376976
   0.32166672  0.31965872  0.40559118
   0.52307040  0.47186815  0.13704864
   0.30778194  0.18388543  0.30239241
   0.50210282  0.49803021  0.25063746
   0.01780449  0.96483703  0.03878638
   0.10027966  0.05246192  0.14877523
   0.60686715  0.05193398  0.55376974
   0.32166672  0.81965872  0.90559118
   0.52307040  0.97186818  0.63704862
   0.30778194  0.68388540  0.80239241
   0.50210282  0.99803024  0.75063749
   0.01780449  0.46483706  0.53878637
   0.10027966  0.55246197  0.64877526
   0.10673815  0.44671176  0.94665715
   0.81800574  0.68112232  0.59607749
   0.02579855  0.52270238  0.86221094
   0.79019150  0.80782094  0.69540315
  -0.00007682  0.50534466  0.74889222
   0.52314223  0.03474732  0.96265491
   0.59114159  0.95545766  0.85162538
   0.10673815  0.94671179  0.44665712
   0.81800574  0.18112232  0.09607751
   0.02579855  0.02270240  0.36221094
   0.79019150  0.30782094  0.19540315
  -0.00007682  0.00534469  0.24889224
   0.52314223  0.53474734  0.46265488
   0.59114159  0.45545772  0.35162541
   0.10751056  0.44250219  0.05353815
   0.81635638  0.68313421  0.40470196
   0.02265484  0.52445168  0.13679202
   0.78987267  0.80785327  0.30384001
   0.00039832  0.50799415  0.25089940
   0.52043646  0.03770668  0.03885575
   0.60085545  0.94650521  0.14929084
   0.10751056  0.94250216  0.55353820
   0.81635638  0.18313422  0.90470199
   0.02265484  0.02445165  0.63679199
   0.78987267  0.30785330  0.80383998
   0.00039832  0.00799416  0.75089940
   0.52043646  0.53770669  0.53885572
   0.60085545  0.44650521  0.64929087
   0.60668627  0.54992808  0.94674567
   0.32546139  0.32002623  0.59648177
   0.52655352  0.47653117  0.86248683
   0.27885286  0.18951577  0.69502311
   0.50301555  0.49493560  0.74831910
   0.02028975  0.96361714  0.96211897
   0.09388267  0.04501408  0.85139225
   0.60668627  0.04992804  0.44674573
   0.32546139  0.82002623  0.09648179
   0.52655352  0.97653114  0.36248680
   0.27885286  0.68951577  0.19502307
   0.50301555  0.99493560  0.24831907
   0.02028975  0.46361717  0.46211897
   0.09388267  0.54501410  0.35139231
   0.32659035  0.16688272  0.50029711
   0.32659035  0.66688278  1.00029714
   0.82560349  0.83232745  0.50031411
   0.82560349  0.33232751  0.00031411
   0.28965644  0.24613695  0.34588105
   0.28965644  0.74613695  0.84588108
   0.29095410  0.24712016  0.54965291
   0.29095410  0.74712014  0.04965290
