   0.25160996  0.24527993  0.10415487
   0.23840150  0.27357863  0.22051240
   0.25160996  0.74527993  0.60415489
   0.23840150  0.77357866  0.72051236
   0.74995964  0.74987111  0.89348541
   0.72610644  0.73016651  0.78145734
   0.74995964  0.24987111  0.39348544
   0.72610644  0.23016653  0.28145728
   0.74519877  0.75206521  0.10409964
   0.74362780  0.72997834  0.22014481
   0.74519877  0.25206524  0.60409966
   0.74362780  0.22997833  0.72014484
   0.25650975  0.24883140  0.89323381
   0.23591581  0.28150423  0.78157832
   0.25650975  0.74883143  0.39323384
   0.23591581  0.78150420  0.28157835
   0.24930346  0.24488230  0.00173000
   0.24930346  0.74488230  0.50173000
   0.74388620  0.75857000  1.00089907
   0.74388620  0.25857000  0.50089901
   0.79653290  0.74963890  0.34698792
   0.79653290  0.24963890  0.84698792
   0.79523346  0.75017292  0.65312147
   0.79523346  0.25017294  0.15312149
   0.79397028  0.75219020  0.45007627
   0.79397028  0.25219020  0.95007624
   0.29366200  0.24852061  0.65270258
   0.29366200  0.74852061  0.15270258
   0.29164328  0.24706894  0.45043385
   0.29164328  0.74706894  0.95043385
   0.79317448  0.75364616  0.54958946
   0.79317448  0.25364616  0.04958946
   0.60499490  0.55293940  0.05417981
   0.31928254  0.31941850  0.40461735
   0.52555601  0.47182088  0.13756031
   0.30193585  0.18206262  0.30215428
   0.50381960  0.49666523  0.25120530
   0.01277953  0.96356581  0.03868946
   0.10445617  0.05404387  0.14980879
   0.60499490  0.05293940  0.55417979
   0.31928254  0.81941850  0.90461735
   0.52555601  0.97182091  0.63756029
   0.30193585  0.68206259  0.80215428
   0.50381960  0.99666526  0.75120533
   0.01277953  0.46356584  0.53868945
   0.10445617  0.55404392  0.64980882
   0.10174424  0.44742789  0.94593566
   0.81937897  0.68083798  0.59650579
   0.02693415  0.52511683  0.86210330
   0.78892545  0.80795611  0.69613435
   0.00138343  0.50360852  0.74889555
   0.51577034  0.03730414  0.96182664
   0.60042179  0.95024314  0.85037687
   0.10174424  0.94742792  0.44593563
   0.81937897  0.18083798  0.09650580
   0.02693415  0.02511685  0.36210330
   0.78892545  0.30795611  0.19613435
   0.00138343  0.00360855  0.24889556
   0.51577034  0.53730417  0.46182661
   0.60042179  0.45024320  0.35037690
   0.10631385  0.44141306  0.05356550
   0.81483337  0.68300416  0.40385220
   0.02480807  0.52521949  0.13771422
   0.79252461  0.80945693  0.30345291
   0.00131751  0.50565020  0.25129231
   0.51453888  0.04077436  0.03914096
   0.60521430  0.94516877  0.15010460
   0.10631385  0.94141303  0.55356554
   0.81483337  0.18300417  0.90385223
   0.02480807  0.02521946  0.63771419
   0.79252461  0.30945696  0.80345288
   0.00131751  0.00565020  0.75129231
   0.51453888  0.54077437  0.53914094
   0.60521430  0.44516877  0.65010463
   0.60283401  0.55087229  0.94626883
   0.32554186  0.32133529  0.59701869
   0.52809401  0.47497720  0.86203428
   0.28846269  0.18930776  0.69581690
   0.50432118  0.49442470  0.74854518
   0.01222655  0.96077565  0.96119928
   0.10313516  0.05249724  0.85022358
   0.60283401  0.05087225  0.44626889
   0.32554186  0.82133529  0.09701870
   0.52809401  0.97497717  0.36203425
   0.28846269  0.68930776  0.19581685
   0.50432118  0.99442470  0.24854515
   0.01222655  0.46077568  0.46119928
   0.10313516  0.55249726  0.35022364
   0.32234858  0.16694054  0.49999770
   0.32234858  0.66694060  0.99999773
   0.82073954  0.83310894  0.50008806
   0.82073954  0.33310900  0.00008806
   0.29201860  0.24812299  0.34557157
   0.29201860  0.74812299  0.84557160
   0.28860824  0.24797394  0.54991248
   0.28860824  0.74797392  0.04991247
