   0.25088342  0.24498682  0.10359173
   0.23491993  0.27617117  0.21993105
   0.25088342  0.74498682  0.60359174
   0.23491993  0.77617120  0.71993100
   0.74769495  0.75122936  0.89385695
   0.71900972  0.73113700  0.78143427
   0.74769495  0.25122936  0.39385698
   0.71900972  0.23113702  0.28143421
   0.74360198  0.75296231  0.10348879
   0.74551462  0.73192959  0.21992225
   0.74360198  0.25296234  0.60348881
   0.74551462  0.23192957  0.71992228
   0.25396987  0.24547474  0.89355716
   0.23449445  0.28249466  0.78112143
   0.25396987  0.74547477  0.39355719
   0.23449445  0.78249463  0.28112146
   0.25410158  0.24394790  0.00158529
   0.25410158  0.74394790  0.50158529
   0.74889262  0.75940023  1.00147156
   0.74889262  0.25940023  0.50147150
   0.79340033  0.75059227  0.34723622
   0.79340033  0.25059227  0.84723622
   0.79267307  0.75026680  0.65235951
   0.79267307  0.25026681  0.15235952
   0.79812096  0.75266907  0.45075302
   0.79812096  0.25266907  0.95075299
   0.29034149  0.24805732  0.65195893
   0.29034149  0.74805732  0.15195893
   0.29626783  0.24622028  0.45122602
   0.29626783  0.74622028  0.95122602
   0.79622582  0.75366662  0.54935269
   0.79622582  0.25366662  0.04935269
   0.60684642  0.55194774  0.05376878
   0.32163933  0.31965275  0.40558735
   0.52304214  0.47187833  0.13704821
   0.30776423  0.18389138  0.30238849
   0.50212656  0.49802693  0.25064239
   0.01777682  0.96481924  0.03878639
   0.10029846  0.05248151  0.14877897
   0.60684642  0.05194775  0.55376875
   0.32163933  0.81965275  0.90558735
   0.52304214  0.97187836  0.63704820
   0.30776423  0.68389135  0.80238849
   0.50212656  0.99802696  0.75064242
   0.01777682  0.46481927  0.53878638
   0.10029846  0.55248157  0.64877900
   0.10671693  0.44673788  0.94665434
   0.81799517  0.68113482  0.59608319
   0.02580287  0.52276184  0.86221123
   0.79016860  0.80780292  0.69540720
  -0.00005513  0.50533708  0.74889425
   0.52310539  0.03475615  0.96265407
   0.59117254  0.95537573  0.85161824
   0.10671693  0.94673791  0.44665431
   0.81799517  0.18113482  0.09608320
   0.02580287  0.02276187  0.36221123
   0.79016860  0.30780292  0.19540720
  -0.00005513  0.00533711  0.24889426
   0.52310539  0.53475618  0.46265404
   0.59117254  0.45537579  0.35161827
   0.10750494  0.44250776  0.05353747
   0.81633117  0.68313483  0.40470001
   0.02264027  0.52446546  0.13679387
   0.78987249  0.80786711  0.30382295
   0.00041590  0.50797703  0.25090452
   0.52039259  0.03770822  0.03885593
   0.60085166  0.94646682  0.14929223
   0.10750494  0.94250773  0.55353751
   0.81633117  0.18313485  0.90470004
   0.02264027  0.02446543  0.63679384
   0.78987249  0.30786714  0.80382292
   0.00041590  0.00797704  0.75090452
   0.52039259  0.53770823  0.53885590
   0.60085166  0.44646682  0.64929226
   0.60665066  0.54991690  0.94674328
   0.32542858  0.32002412  0.59648779
   0.52649901  0.47653368  0.86248618
   0.27887385  0.18954155  0.69502318
   0.50304130  0.49493526  0.74832049
   0.02026809  0.96360235  0.96211816
   0.09396884  0.04504276  0.85138671
   0.60665066  0.04991685  0.44674334
   0.32542858  0.82002412  0.09648780
   0.52649901  0.97653365  0.36248615
   0.27887385  0.68954155  0.19502313
   0.50304130  0.99493526  0.24832046
   0.02026809  0.46360238  0.46211816
   0.09396884  0.54504278  0.35138677
   0.32654525  0.16688781  0.50030037
   0.32654525  0.66688787  1.00030040
   0.82556029  0.83232784  0.50031834
   0.82556029  0.33232790  0.00031834
   0.28965263  0.24612889  0.34588365
   0.28965263  0.74612889  0.84588368
   0.29098919  0.24712100  0.54965487
   0.29098919  0.74712098  0.04965485
