   0.25095449  0.24512307  0.10384614
   0.23762599  0.27449357  0.22032242
   0.25095449  0.74512307  0.60384616
   0.23762599  0.77449360  0.72032238
   0.74823464  0.75022088  0.89372218
   0.72258439  0.73073874  0.78156549
   0.74823464  0.25022088  0.39372221
   0.72258439  0.23073876  0.28156543
   0.74417003  0.75236170  0.10371821
   0.74583041  0.73107650  0.22012538
   0.74417003  0.25236173  0.60371823
   0.74583041  0.23107649  0.72012541
   0.25497851  0.24774875  0.89345612
   0.23587082  0.28177290  0.78141568
   0.25497851  0.74774878  0.39345615
   0.23587082  0.78177287  0.28141571
   0.25151972  0.24489585  0.00156732
   0.25151972  0.74489585  0.50156732
   0.74610493  0.75903813  1.00131250
   0.74610493  0.25903813  0.50131244
   0.79509419  0.74988758  0.34710350
   0.79509419  0.24988758  0.84710350
   0.79392914  0.75017205  0.65273769
   0.79392914  0.25017207  0.15273771
   0.79547870  0.75240098  0.45042057
   0.79547870  0.25240098  0.95042054
   0.29209180  0.24827288  0.65233541
   0.29209180  0.74827288  0.15233541
   0.29352696  0.24698362  0.45085345
   0.29352696  0.74698362  0.95085345
   0.79461199  0.75362016  0.54942291
   0.79461199  0.25362016  0.04942290
   0.60545533  0.55232750  0.05380023
   0.32052969  0.31994682  0.40511036
   0.52409498  0.47163353  0.13726966
   0.30610493  0.18369922  0.30226371
   0.50368107  0.49750344  0.25096664
   0.01521123  0.96437435  0.03874746
   0.10279756  0.05364987  0.14923995
   0.60545533  0.05232751  0.55380021
   0.32052969  0.81994682  0.90511036
   0.52409498  0.97163356  0.63726965
   0.30610493  0.68369919  0.80226371
   0.50368107  0.99750347  0.75096667
   0.01521123  0.46437438  0.53874745
   0.10279756  0.55364992  0.64923998
   0.10301449  0.44782969  0.94635159
   0.81860217  0.68114754  0.59623071
   0.02611750  0.52442407  0.86213376
   0.78884671  0.80669642  0.69579089
   0.00148362  0.50429694  0.74898764
   0.51939592  0.03562567  0.96227402
   0.59655164  0.95195969  0.85097464
   0.10301449  0.94782972  0.44635156
   0.81860217  0.18114754  0.09623072
   0.02611750  0.02442409  0.36213376
   0.78884671  0.30669642  0.19579089
   0.00148362  0.00429697  0.24898765
   0.51939592  0.53562569  0.46227399
   0.59655164  0.45195975  0.35097467
   0.10634302  0.44237584  0.05347797
   0.81497183  0.68303162  0.40426309
   0.02337442  0.52522030  0.13727286
   0.79145944  0.80767391  0.30369154
   0.00166142  0.50656772  0.25115149
   0.51764878  0.03876460  0.03891134
   0.60332659  0.94561062  0.14953551
   0.10634302  0.94237581  0.55347802
   0.81497183  0.18303164  0.90426312
   0.02337442  0.02522027  0.63727283
   0.79145944  0.30767394  0.80369151
   0.00166142  0.00656772  0.75115149
   0.51764878  0.53876461  0.53891131
   0.60332659  0.44561062  0.64953554
   0.60316967  0.54935751  0.94648592
   0.32535458  0.32055883  0.59667804
   0.52686519  0.47529994  0.86223611
   0.28392002  0.19012982  0.69542522
   0.50449157  0.49464038  0.74848227
   0.01632340  0.96293385  0.96168235
   0.09934055  0.04923786  0.85084959
   0.60316967  0.04935747  0.44648598
   0.32535458  0.82055883  0.09667805
   0.52686519  0.97529991  0.36223608
   0.28392002  0.69012982  0.19542518
   0.50449157  0.99464038  0.24848224
   0.01632340  0.46293388  0.46168235
   0.09934055  0.54923788  0.35084965
   0.32403016  0.16735685  0.50013316
   0.32403016  0.66735691  1.00013319
   0.82289622  0.83234031  0.50018072
   0.82289622  0.33234037  0.00018072
   0.29090355  0.24727386  0.34572403
   0.29090355  0.74727386  0.84572406
   0.28942578  0.24770387  0.54975247
   0.28942578  0.74770385  0.04975246
