   0.25079480  0.24501708  0.10363819
   0.23576903  0.27583898  0.22003276
   0.25079480  0.74501708  0.60363820
   0.23576903  0.77583901  0.72003271
   0.74771217  0.75091512  0.89384854
   0.71980791  0.73098516  0.78150728
   0.74771217  0.25091512  0.39384857
   0.71980791  0.23098517  0.28150722
   0.74360427  0.75285959  0.10352658
   0.74594976  0.73172621  0.21998771
   0.74360427  0.25285962  0.60352660
   0.74594976  0.23172619  0.71998774
   0.25403454  0.24603213  0.89356290
   0.23500691  0.28235829  0.78120935
   0.25403454  0.74603215  0.39356293
   0.23500691  0.78235826  0.28120938
   0.25348277  0.24417059  0.00157124
   0.25348277  0.74417059  0.50157124
   0.74823209  0.75935217  1.00144552
   0.74823209  0.25935217  0.50144546
   0.79377336  0.75036553  0.34723295
   0.79377336  0.25036553  0.84723295
   0.79288586  0.75024570  0.65242088
   0.79288586  0.25024572  0.15242090
   0.79744425  0.75259398  0.45068864
   0.79744425  0.25259398  0.95068861
   0.29066139  0.24812363  0.65201588
   0.29066139  0.74812363  0.15201588
   0.29559205  0.24645386  0.45114996
   0.29559205  0.74645386  0.95114996
   0.79585236  0.75365943  0.54935275
   0.79585236  0.25365943  0.04935275
   0.60646999  0.55203096  0.05374650
   0.32136472  0.31981400  0.40548717
   0.52318189  0.47180077  0.13708375
   0.30776723  0.18385836  0.30239637
   0.50270451  0.49794360  0.25072149
   0.01722606  0.96473965  0.03875957
   0.10078359  0.05278288  0.14885652
   0.60646999  0.05203097  0.55374648
   0.32136472  0.81981400  0.90548717
   0.52318189  0.97180080  0.63708374
   0.30776723  0.68385833  0.80239637
   0.50270451  0.99794363  0.75072152
   0.01722606  0.46473968  0.53875956
   0.10078359  0.55278293  0.64885655
   0.10556994  0.44723569  0.94658189
   0.81805693  0.68114819  0.59608881
   0.02575218  0.52316432  0.86220161
   0.78979316  0.80741866  0.69546587
   0.00055293  0.50509355  0.74894108
   0.52233516  0.03482556  0.96257717
   0.59256946  0.95441985  0.85147473
   0.10556994  0.94723572  0.44658186
   0.81805693  0.18114819  0.09608882
   0.02575218  0.02316434  0.36220161
   0.78979316  0.30741866  0.19546587
   0.00055293  0.00509358  0.24894110
   0.52233516  0.53482559  0.46257714
   0.59256946  0.45441991  0.35147476
   0.10718016  0.44251117  0.05350580
   0.81599433  0.68303058  0.40460816
   0.02268192  0.52465956  0.13688679
   0.79022781  0.80773028  0.30384305
   0.00096305  0.50766495  0.25096556
   0.51981006  0.03786827  0.03883772
   0.60134201  0.94629179  0.14931621
   0.10718016  0.94251114  0.55350584
   0.81599433  0.18303059  0.90460819
   0.02268192  0.02465953  0.63688676
   0.79022781  0.30773031  0.80384302
   0.00096305  0.00766495  0.75096556
   0.51981006  0.53786828  0.53883769
   0.60134201  0.44629179  0.64931624
   0.60553521  0.54955108  0.94667436
   0.32536088  0.32015726  0.59649870
   0.52652584  0.47610940  0.86245114
   0.27992091  0.18974993  0.69508863
   0.50361071  0.49487226  0.74837863
   0.01947957  0.96365819  0.96203197
   0.09526525  0.04613121  0.85127553
   0.60553521  0.04955104  0.44667442
   0.32536088  0.82015726  0.09649872
   0.52652584  0.97610937  0.36245111
   0.27992091  0.68974993  0.19508859
   0.50361071  0.99487226  0.24837860
   0.01947957  0.46365822  0.46203197
   0.09526525  0.54613123  0.35127559
   0.32591430  0.16702380  0.50025168
   0.32591430  0.66702386  1.00025171
   0.82493326  0.83232445  0.50027755
   0.82493326  0.33232451  0.00027755
   0.28996763  0.24643361  0.34587589
   0.28996763  0.74643361  0.84587591
   0.29055554  0.24725854  0.54965889
   0.29055554  0.74725853  0.04965888
