   0.25169641  0.24531926  0.10420394
   0.23842627  0.27353213  0.22053373
   0.25169641  0.74531926  0.60420395
   0.23842627  0.77353216  0.72053369
   0.75020192  0.74981770  0.89345154
   0.72659530  0.72996888  0.78143148
   0.75020192  0.24981770  0.39345157
   0.72659530  0.22996889  0.28143142
   0.74532867  0.75207170  0.10416810
   0.74323421  0.72983639  0.22015122
   0.74532867  0.25207173  0.60416813
   0.74323421  0.22983637  0.72015125
   0.25663486  0.24891008  0.89320241
   0.23584207  0.28147132  0.78158079
   0.25663486  0.74891011  0.39320244
   0.23584207  0.78147129  0.28158082
   0.24899877  0.24477186  0.00176366
   0.24899877  0.74477186  0.50176366
   0.74362821  0.75855281  1.00083087
   0.74362821  0.25855281  0.50083081
   0.79662404  0.74976697  0.34686634
   0.79662404  0.24976697  0.84686634
   0.79536563  0.75014549  0.65315045
   0.79536563  0.25014550  0.15315046
   0.79381727  0.75220052  0.45005781
   0.79381727  0.25220052  0.95005778
   0.29381022  0.24858656  0.65274142
   0.29381022  0.74858656  0.15274142
   0.29144563  0.24703442  0.45039270
   0.29144563  0.74703442  0.95039270
   0.79299240  0.75368068  0.54962367
   0.79299240  0.25368068  0.04962366
   0.60499617  0.55302063  0.05424581
   0.31917365  0.31938459  0.40455463
   0.52572081  0.47186759  0.13759170
   0.30138267  0.18184166  0.30218447
   0.50379829  0.49653592  0.25122093
   0.01248121  0.96342834  0.03867100
   0.10456058  0.05405324  0.14987575
   0.60499617  0.05302064  0.55424579
   0.31917365  0.81938459  0.90455463
   0.52572081  0.97186762  0.63759169
   0.30138267  0.68184163  0.80218447
   0.50379829  0.99653595  0.75122096
   0.01248121  0.46342837  0.53867099
   0.10456058  0.55405330  0.64987578
   0.10168074  0.44734091  0.94586710
   0.81945577  0.68076242  0.59652926
   0.02701391  0.52515029  0.86212051
   0.78902193  0.80828046  0.69618390
   0.00136659  0.50358120  0.74886697
   0.51540672  0.03753776  0.96177096
   0.60082605  0.95009904  0.85031941
   0.10168074  0.94734094  0.44586707
   0.81945577  0.18076242  0.09652927
   0.02701391  0.02515031  0.36212051
   0.78902193  0.30828046  0.19618390
   0.00136659  0.00358123  0.24886699
   0.51540672  0.53753778  0.46177093
   0.60082605  0.45009910  0.35031944
   0.10638445  0.44123257  0.05358126
   0.81497388  0.68292949  0.40379277
   0.02498625  0.52516915  0.13775552
   0.79264865  0.80967455  0.30352645
   0.00127883  0.50558208  0.25129252
   0.51412381  0.04109168  0.03916837
   0.60537666  0.94513555  0.15018869
   0.10638445  0.94123254  0.55358131
   0.81497388  0.18292951  0.90379280
   0.02498625  0.02516912  0.63775549
   0.79264865  0.30967458  0.80352642
   0.00127883  0.00558208  0.75129252
   0.51412381  0.54109169  0.53916835
   0.60537666  0.44513555  0.65018872
   0.60296405  0.55113520  0.94623736
   0.32559836  0.32147148  0.59705589
   0.52826739  0.47495147  0.86203889
   0.28893280  0.18911157  0.69585469
   0.50426011  0.49440851  0.74854335
   0.01177033  0.96046867  0.96113655
   0.10347372  0.05285436  0.85015264
   0.60296405  0.05113516  0.44623742
   0.32559836  0.82147148  0.09705591
   0.52826739  0.97495144  0.36203886
   0.28893280  0.68911157  0.19585464
   0.50426011  0.99440851  0.24854332
   0.01177033  0.46046870  0.46113655
   0.10347372  0.55285438  0.35015270
   0.32218988  0.16677950  0.49997487
   0.32218988  0.66677956  0.99997490
   0.82054344  0.83330178  0.50006958
   0.82054344  0.33330184  0.00006958
   0.29215947  0.24819266  0.34553342
   0.29215947  0.74819266  0.84553345
   0.28854063  0.24795875  0.54994451
   0.28854063  0.74795873  0.04994450
