   0.25077174  0.24503855  0.10367128
   0.23632403  0.27552910  0.22010475
   0.25077174  0.74503855  0.60367129
   0.23632403  0.77552913  0.72010471
   0.74772269  0.75072890  0.89383458
   0.72041883  0.73093524  0.78153518
   0.74772269  0.25072890  0.39383461
   0.72041883  0.23093525  0.28153512
   0.74367980  0.75274484  0.10355375
   0.74611813  0.73158964  0.22002885
   0.74367980  0.25274487  0.60355377
   0.74611813  0.23158962  0.72002888
   0.25413787  0.24645098  0.89355702
   0.23530719  0.28221143  0.78125712
   0.25413787  0.74645101  0.39355705
   0.23530719  0.78221140  0.28125715
   0.25308438  0.24430495  0.00156399
   0.25308438  0.74430495  0.50156399
   0.74784481  0.75933666  1.00142391
   0.74784481  0.25933666  0.50142385
   0.79400566  0.75019500  0.34721404
   0.79400566  0.25019500  0.84721404
   0.79305618  0.75026529  0.65249704
   0.79305618  0.25026530  0.15249706
   0.79695601  0.75258035  0.45064018
   0.79695601  0.25258035  0.95064015
   0.29091643  0.24815412  0.65209044
   0.29091643  0.74815412  0.15209044
   0.29510097  0.24657540  0.45109557
   0.29510097  0.74657540  0.95109557
   0.79557007  0.75366853  0.54935459
   0.79557007  0.25366853  0.04935459
   0.60623416  0.55205738  0.05373865
   0.32121628  0.31990424  0.40540463
   0.52328742  0.47177377  0.13710562
   0.30762410  0.18383197  0.30238094
   0.50299880  0.49786915  0.25078161
   0.01684155  0.96468679  0.03874499
   0.10116760  0.05298925  0.14892411
   0.60623416  0.05205739  0.55373863
   0.32121628  0.81990424  0.90540463
   0.52328742  0.97177380  0.63710561
   0.30762410  0.68383194  0.80238094
   0.50299880  0.99786918  0.75078164
   0.01684155  0.46468682  0.53874498
   0.10116760  0.55298931  0.64892414
   0.10490213  0.44751006  0.94653537
   0.81813269  0.68114436  0.59611126
   0.02570438  0.52342571  0.86219721
   0.78952899  0.80722213  0.69553968
   0.00086803  0.50495014  0.74895845
   0.52180947  0.03490531  0.96252286
   0.59343973  0.95382217  0.85136720
   0.10490213  0.94751009  0.44653534
   0.81813269  0.18114436  0.09611127
   0.02570438  0.02342573  0.36219721
   0.78952899  0.30722213  0.19553968
   0.00086803  0.00495017  0.24895846
   0.52180947  0.53490533  0.46252283
   0.59343973  0.45382223  0.35136723
   0.10696490  0.44250509  0.05348942
   0.81578106  0.68299403  0.40453683
   0.02274473  0.52481470  0.13695458
   0.79051237  0.80773079  0.30380234
   0.00122387  0.50745233  0.25101447
   0.51943352  0.03800506  0.03883304
   0.60170391  0.94615519  0.14934323
   0.10696490  0.94250506  0.55348946
   0.81578106  0.18299404  0.90453686
   0.02274473  0.02481467  0.63695455
   0.79051237  0.30773082  0.80380231
   0.00122387  0.00745234  0.75101447
   0.51943352  0.53800507  0.53883301
   0.60170391  0.44615519  0.64934326
   0.60486480  0.54938348  0.94663139
   0.32533990  0.32024706  0.59651863
   0.52651315  0.47584429  0.86242082
   0.28073017  0.18986494  0.69515540
   0.50388124  0.49483718  0.74840433
   0.01893204  0.96362154  0.96196896
   0.09610769  0.04682983  0.85118829
   0.60486480  0.04938343  0.44663145
   0.32533990  0.82024706  0.09651864
   0.52651315  0.97584426  0.36242079
   0.28073017  0.68986494  0.19515535
   0.50388124  0.99483718  0.24840430
   0.01893204  0.46362157  0.46196896
   0.09610769  0.54682985  0.35118835
   0.32553857  0.16709723  0.50022488
   0.32553857  0.66709729  1.00022491
   0.82454947  0.83233049  0.50025100
   0.82454947  0.33233055  0.00025100
   0.29007093  0.24659548  0.34587153
   0.29007093  0.74659548  0.84587156
   0.29033722  0.24728973  0.54965591
   0.29033722  0.74728971  0.04965590
