   0.25078470  0.24508027  0.10371201
   0.23674265  0.27525256  0.22016081
   0.25078470  0.74508027  0.60371203
   0.23674265  0.77525259  0.72016076
   0.74780956  0.75059272  0.89381283
   0.72097579  0.73087508  0.78154951
   0.74780956  0.25059272  0.39381286
   0.72097579  0.23087509  0.28154945
   0.74378051  0.75264211  0.10358902
   0.74616658  0.73144951  0.22005304
   0.74378051  0.25264214  0.60358904
   0.74616658  0.23144949  0.72005307
   0.25429519  0.24681251  0.89353850
   0.23554010  0.28206179  0.78129564
   0.25429519  0.74681254  0.39353853
   0.23554010  0.78206176  0.28129567
   0.25263256  0.24448329  0.00155893
   0.25263256  0.74448329  0.50155893
   0.74732714  0.75927806  1.00140251
   0.74732714  0.25927806  0.50140245
   0.79427146  0.75012816  0.34719437
   0.79427146  0.25012816  0.84719437
   0.79326183  0.75025084  0.65255565
   0.79326183  0.25025086  0.15255566
   0.79655998  0.75254351  0.45059112
   0.79655998  0.25254351  0.95059109
   0.29118394  0.24816215  0.65215263
   0.29118394  0.74816215  0.15215263
   0.29469416  0.24669305  0.45104357
   0.29469416  0.74669305  0.95104357
   0.79532493  0.75365386  0.54936548
   0.79532493  0.25365386  0.04936548
   0.60597492  0.55211718  0.05374293
   0.32107013  0.31995581  0.40534581
   0.52346341  0.47171751  0.13714027
   0.30743416  0.18385911  0.30234929
   0.50325132  0.49777637  0.25082651
   0.01643336  0.96463502  0.03874741
   0.10158274  0.05316254  0.14899093
   0.60597492  0.05211718  0.55374290
   0.32107013  0.81995581  0.90534581
   0.52346341  0.97171754  0.63714025
   0.30743416  0.68385908  0.80234929
   0.50325132  0.99777639  0.75082654
   0.01643336  0.46463505  0.53874740
   0.10158274  0.55316259  0.64899096
   0.10432237  0.44766343  0.94649749
   0.81822563  0.68114894  0.59613238
   0.02579465  0.52368910  0.86217744
   0.78933618  0.80698632  0.69559463
   0.00111332  0.50476834  0.74897055
   0.52121607  0.03501638  0.96247400
   0.59426848  0.95335530  0.85127399
   0.10432237  0.94766346  0.44649746
   0.81822563  0.18114894  0.09613240
   0.02579465  0.02368912  0.36217744
   0.78933618  0.30698632  0.19559463
   0.00111332  0.00476837  0.24897057
   0.52121607  0.53501641  0.46247397
   0.59426848  0.45335536  0.35127402
   0.10675027  0.44251169  0.05348346
   0.81556544  0.68301013  0.40447984
   0.02287714  0.52492527  0.13702530
   0.79075757  0.80766852  0.30377428
   0.00143386  0.50722652  0.25104890
   0.51897877  0.03813435  0.03884574
   0.60211275  0.94599582  0.14937776
   0.10675027  0.94251166  0.55348350
   0.81556544  0.18301014  0.90447987
   0.02287714  0.02492524  0.63702527
   0.79075757  0.30766855  0.80377425
   0.00143386  0.00722652  0.75104890
   0.51897877  0.53813436  0.53884572
   0.60211275  0.44599582  0.64937779
   0.60429948  0.54928341  0.94659863
   0.32533718  0.32031143  0.59655160
   0.52660859  0.47567506  0.86237767
   0.28149591  0.19001076  0.69520214
   0.50412081  0.49477023  0.74842309
   0.01829407  0.96354039  0.96190821
   0.09690914  0.04745684  0.85111189
   0.60429948  0.04928336  0.44659869
   0.32533718  0.82031143  0.09655161
   0.52660859  0.97567503  0.36237764
   0.28149591  0.69001076  0.19520209
   0.50412081  0.99477023  0.24842306
   0.01829407  0.46354042  0.46190821
   0.09690914  0.54745686  0.35111195
   0.32513197  0.16718214  0.50020863
   0.32513197  0.66718220  1.00020866
   0.82414226  0.83232468  0.50023745
   0.82414226  0.33232474  0.00023745
   0.29030099  0.24677507  0.34583599
   0.29030099  0.74677507  0.84583602
   0.29004566  0.24738672  0.54967012
   0.29004566  0.74738671  0.04967011
