   0.25253636  0.24575634  0.10443593
   0.23836635  0.27363263  0.22050635
   0.25253636  0.74575634  0.60443595
   0.23836635  0.77363266  0.72050631
   0.75174482  0.74985950  0.89325257
   0.72925616  0.72867850  0.78127452
   0.75174482  0.24985950  0.39325259
   0.72925616  0.22867852  0.28127446
   0.74627432  0.75212173  0.10453778
   0.74058331  0.72891607  0.22005934
   0.74627432  0.25212176  0.60453780
   0.74058331  0.22891606  0.72005937
   0.25633611  0.24895336  0.89300370
   0.23571513  0.28088127  0.78153306
   0.25633611  0.74895339  0.39300373
   0.23571513  0.78088124  0.28153309
   0.24708347  0.24373555  0.00182531
   0.24708347  0.74373555  0.50182531
   0.74243497  0.75871519  1.00030710
   0.74243497  0.25871519  0.50030704
   0.79687966  0.74938007  0.34707479
   0.79687966  0.24938007  0.84707479
   0.79568509  0.75032274  0.65352915
   0.79568509  0.25032275  0.15352916
   0.79302616  0.75238752  0.44974225
   0.79302616  0.25238752  0.94974222
   0.29426475  0.24888206  0.65303052
   0.29426475  0.74888206  0.15303052
   0.29045937  0.24645268  0.45001649
   0.29045937  0.74645268  0.95001649
   0.79179003  0.75397081  0.54968808
   0.79179003  0.25397081  0.04968808
   0.60523727  0.55372269  0.05480740
   0.31890727  0.31928969  0.40426138
   0.52662721  0.47214292  0.13774827
   0.29801368  0.18040199  0.30225067
   0.50378106  0.49554542  0.25137615
   0.01053375  0.96232961  0.03851574
   0.10478000  0.05405304  0.15034211
   0.60523727  0.05372269  0.55480738
   0.31890727  0.81928969  0.90426138
   0.52662721  0.97214295  0.63774826
   0.29801368  0.68040196  0.80225067
   0.50378106  0.99554545  0.75137618
   0.01053375  0.46232964  0.53851574
   0.10478000  0.55405309  0.65034214
   0.10163373  0.44668809  0.94537945
   0.81988006  0.67996945  0.59679534
   0.02721448  0.52545351  0.86225993
   0.78997662  0.81038150  0.69623562
   0.00137724  0.50332252  0.74869586
   0.51314693  0.03905260  0.96152949
   0.60308190  0.94918748  0.84990798
   0.10163373  0.94668812  0.44537942
   0.81988006  0.17996945  0.09679535
   0.02721448  0.02545354  0.36225993
   0.78997662  0.31038150  0.19623562
   0.00137724  0.00332255  0.24869587
   0.51314693  0.53905262  0.46152946
   0.60308190  0.44918754  0.34990801
   0.10735201  0.43947013  0.05373556
   0.81700837  0.68211139  0.40361492
   0.02602580  0.52471931  0.13794794
   0.79331169  0.81245490  0.30319543
   0.00111651  0.50556649  0.25131203
   0.51130394  0.04373076  0.03936399
   0.60623318  0.94491650  0.15083269
   0.10735201  0.93947010  0.55373560
   0.81700837  0.18211141  0.90361495
   0.02602580  0.02471929  0.63794791
   0.79331169  0.31245492  0.80319540
   0.00111651  0.00556650  0.75131203
   0.51130394  0.54373076  0.53936396
   0.60623318  0.44491650  0.65083271
   0.60462084  0.55361882  0.94608726
   0.32635513  0.32260172  0.59739703
   0.52909464  0.47474770  0.86213881
   0.29171235  0.18786334  0.69592545
   0.50381420  0.49428769  0.74857248
   0.00876126  0.95815303  0.96078439
   0.10520861  0.05495771  0.84962499
   0.60462084  0.05361878  0.44608732
   0.32635513  0.82260172  0.09739705
   0.52909464  0.97474767  0.36213878
   0.29171235  0.68786334  0.19592541
   0.50381420  0.99428769  0.24857245
   0.00876126  0.45815306  0.46078439
   0.10520861  0.55495773  0.34962504
   0.32102669  0.16480965  0.49986237
   0.32102669  0.66480971  0.99986240
   0.81950146  0.83527340  0.50001657
   0.81950146  0.33527346  0.00001657
   0.29268089  0.24888750  0.34563860
   0.29268089  0.74888750  0.84563862
   0.28824485  0.24764326  0.55002708
   0.28824485  0.74764325  0.05002707
