   0.25090947  0.24510665  0.10379556
   0.23738352  0.27473423  0.22026277
   0.25090947  0.74510665  0.60379558
   0.23738352  0.77473426  0.72026272
   0.74807040  0.75035240  0.89376470
   0.72206636  0.73078225  0.78156982
   0.74807040  0.25035240  0.39376473
   0.72206636  0.23078226  0.28156976
   0.74406255  0.75245377  0.10366758
   0.74600401  0.73118141  0.22009524
   0.74406255  0.25245380  0.60366761
   0.74600401  0.23118139  0.72009527
   0.25474062  0.24744658  0.89349713
   0.23579684  0.28183104  0.78138092
   0.25474062  0.74744661  0.39349716
   0.23579684  0.78183101  0.28138095
   0.25184852  0.24477530  0.00156474
   0.25184852  0.74477530  0.50156474
   0.74646816  0.75912275  1.00135079
   0.74646816  0.25912275  0.50135073
   0.79485094  0.74994353  0.34714289
   0.79485094  0.24994353  0.84714289
   0.79373430  0.75020285  0.65267694
   0.79373430  0.25020286  0.15267696
   0.79577008  0.75242582  0.45049024
   0.79577008  0.25242582  0.95049021
   0.29181489  0.24822771  0.65227734
   0.29181489  0.74822771  0.15227734
   0.29385917  0.24692325  0.45092982
   0.29385917  0.74692325  0.95092982
   0.79482432  0.75362528  0.54940122
   0.79482432  0.25362528  0.04940122
   0.60562105  0.55227969  0.05376831
   0.32073033  0.31997920  0.40518532
   0.52384048  0.47164279  0.13722471
   0.30667764  0.18380825  0.30228504
   0.50355806  0.49761738  0.25091800
   0.01565315  0.96446463  0.03874586
   0.10239483  0.05350193  0.14915265
   0.60562105  0.05227970  0.55376828
   0.32073033  0.81997920  0.90518532
   0.52384048  0.97164282  0.63722469
   0.30667764  0.68380822  0.80228504
   0.50355806  0.99761741  0.75091803
   0.01565315  0.46446466  0.53874585
   0.10239483  0.55350198  0.64915268
   0.10342881  0.44780551  0.94640438
   0.81845752  0.68114582  0.59620158
   0.02596910  0.52415667  0.86214203
   0.78897965  0.80671533  0.69572890
   0.00139031  0.50445515  0.74898774
   0.52002785  0.03536734  0.96234928
   0.59578016  0.95243202  0.85107383
   0.10342881  0.94780554  0.44640435
   0.81845752  0.18114582  0.09620160
   0.02596910  0.02415669  0.36214203
   0.78897965  0.30671533  0.19572890
   0.00139031  0.00445518  0.24898775
   0.52002785  0.53536736  0.46234925
   0.59578016  0.45243208  0.35107386
   0.10647380  0.44243736  0.05347645
   0.81515833  0.68302076  0.40432600
   0.02317556  0.52513963  0.13718683
   0.79121672  0.80764686  0.30371151
   0.00161948  0.50682566  0.25111676
   0.51813115  0.03849160  0.03887803
   0.60290945  0.94571930  0.14947708
   0.10647380  0.94243733  0.55347649
   0.81515833  0.18302078  0.90432603
   0.02317556  0.02513960  0.63718680
   0.79121672  0.30764689  0.80371148
   0.00161948  0.00682566  0.75111676
   0.51813115  0.53849161  0.53887801
   0.60290945  0.44571930  0.64947711
   0.60347428  0.54931292  0.94652237
   0.32533790  0.32046434  0.59663141
   0.52676836  0.47540032  0.86228117
   0.28301043  0.19012073  0.69535586
   0.50439504  0.49469172  0.74846502
   0.01703444  0.96319278  0.96176521
   0.09847413  0.04864056  0.85093966
   0.60347428  0.04931288  0.44652243
   0.32533790  0.82046434  0.09663143
   0.52676836  0.97540029  0.36228114
   0.28301043  0.69012073  0.19535582
   0.50439504  0.99469172  0.24846499
   0.01703444  0.46319281  0.46176521
   0.09847413  0.54864059  0.35093972
   0.32440186  0.16731272  0.50015644
   0.32440186  0.66731278  1.00015647
   0.82333514  0.83231418  0.50019697
   0.82333514  0.33231424  0.00019697
   0.29076435  0.24713966  0.34575465
   0.29076435  0.74713966  0.84575468
   0.28960615  0.24762220  0.54972318
   0.28960615  0.74762219  0.04972317
