   0.25089625  0.24498040  0.10358461
   0.23466636  0.27626127  0.21990632
   0.25089625  0.74498040  0.60358463
   0.23466636  0.77626130  0.71990627
   0.74767913  0.75131835  0.89385073
   0.71877761  0.73116158  0.78140677
   0.74767913  0.25131835  0.39385076
   0.71877761  0.23116159  0.28140671
   0.74358085  0.75298588  0.10348354
   0.74536919  0.73197584  0.21990637
   0.74358085  0.25298591  0.60348356
   0.74536919  0.23197583  0.71990640
   0.25395821  0.24532081  0.89354596
   0.23432293  0.28255036  0.78109076
   0.25395821  0.74532084  0.39354599
   0.23432293  0.78255033  0.28109079
   0.25424790  0.24389112  0.00159137
   0.25424790  0.74389112  0.50159137
   0.74904624  0.75941508  1.00147944
   0.74904624  0.25941508  0.50147938
   0.79332133  0.75064622  0.34722743
   0.79332133  0.25064622  0.84722743
   0.79264918  0.75026730  0.65235217
   0.79264918  0.25026731  0.15235219
   0.79825566  0.75268474  0.45076730
   0.79825566  0.25268474  0.95076727
   0.29028977  0.24804646  0.65195420
   0.29028977  0.74804646  0.15195420
   0.29639573  0.24618414  0.45123985
   0.29639573  0.74618414  0.95123985
   0.79630181  0.75367165  0.54935807
   0.79630181  0.25367165  0.04935806
   0.60697884  0.55188817  0.05377818
   0.32172954  0.31959549  0.40562011
   0.52304816  0.47188841  0.13704119
   0.30773941  0.18390106  0.30238714
   0.50192786  0.49805440  0.25061701
   0.01794192  0.96486373  0.03879449
   0.10017258  0.05239762  0.14875948
   0.60697884  0.05188818  0.55377816
   0.32172954  0.81959549  0.90562011
   0.52304816  0.97188844  0.63704118
   0.30773941  0.68390103  0.80238714
   0.50192786  0.99805443  0.75061704
   0.01794192  0.46486376  0.53879449
   0.10017258  0.55239767  0.64875951
   0.10707725  0.44654779  0.94667615
   0.81800878  0.68112422  0.59607558
   0.02580729  0.52257605  0.86220978
   0.79028633  0.80791553  0.69538669
  -0.00026382  0.50540190  0.74887843
   0.52333554  0.03474428  0.96267530
   0.59075143  0.95574817  0.85166095
   0.10707725  0.94654782  0.44667612
   0.81800878  0.18112422  0.09607560
   0.02580729  0.02257607  0.36220978
   0.79028633  0.30791553  0.19538669
  -0.00026382  0.00540193  0.24887844
   0.52333554  0.53474430  0.46267527
   0.59075143  0.45574823  0.35166098
   0.10757934  0.44249066  0.05354898
   0.81643058  0.68318203  0.40472450
   0.02265623  0.52439541  0.13677075
   0.78978106  0.80786069  0.30384282
   0.00022959  0.50807012  0.25088358
   0.52060122  0.03767342  0.03886205
   0.60074666  0.94653798  0.14928823
   0.10757934  0.94249063  0.55354902
   0.81643058  0.18318205  0.90472452
   0.02265623  0.02439538  0.63677072
   0.78978106  0.30786072  0.80384279
   0.00022959  0.00807012  0.75088358
   0.52060122  0.53767343  0.53886202
   0.60074666  0.44653798  0.64928826
   0.60701589  0.55005678  0.94676425
   0.32549138  0.31999727  0.59648072
   0.52655662  0.47665324  0.86249048
   0.27862243  0.18946875  0.69500642
   0.50284338  0.49495831  0.74830275
   0.02048610  0.96358445  0.96214120
   0.09349670  0.04472505  0.85142011
   0.60701589  0.05005673  0.44676431
   0.32549138  0.81999727  0.09648074
   0.52655662  0.97665321  0.36249045
   0.27862243  0.68946875  0.19500637
   0.50284338  0.99495831  0.24830272
   0.02048610  0.46358448  0.46214120
   0.09349670  0.54472507  0.35142017
   0.32675441  0.16684387  0.50030900
   0.32675441  0.66684393  1.00030903
   0.82576734  0.83232781  0.50032676
   0.82576734  0.33232787  0.00032676
   0.28958091  0.24606490  0.34587613
   0.28958091  0.74606490  0.84587616
   0.29106063  0.24710107  0.54965581
   0.29106063  0.74710105  0.04965580
