   0.25085241  0.24497754  0.10359378
   0.23494262  0.27615288  0.21994003
   0.25085241  0.74497754  0.60359380
   0.23494262  0.77615291  0.71993999
   0.74768458  0.75120885  0.89385488
   0.71902590  0.73111444  0.78142783
   0.74768458  0.25120885  0.39385491
   0.71902590  0.23111446  0.28142777
   0.74356403  0.75296982  0.10349081
   0.74554258  0.73193223  0.21993069
   0.74356403  0.25296985  0.60349083
   0.74554258  0.23193221  0.71993072
   0.25397180  0.24549565  0.89355548
   0.23450416  0.28250755  0.78111451
   0.25397180  0.74549568  0.39355551
   0.23450416  0.78250752  0.28111454
   0.25405121  0.24395843  0.00158923
   0.25405121  0.74395843  0.50158923
   0.74885666  0.75940025  1.00147420
   0.74885666  0.25940025  0.50147414
   0.79343850  0.75058777  0.34722628
   0.79343850  0.25058777  0.84722628
   0.79270809  0.75023689  0.65234645
   0.79270809  0.25023690  0.15234646
   0.79802726  0.75267544  0.45076169
   0.79802726  0.25267544  0.95076166
   0.29038332  0.24809555  0.65194361
   0.29038332  0.74809555  0.15194361
   0.29616439  0.24624337  0.45123025
   0.29616439  0.74624337  0.95123025
   0.79618556  0.75366922  0.54935258
   0.79618556  0.25366922  0.04935257
   0.60686046  0.55193496  0.05376818
   0.32166177  0.31966857  0.40558418
   0.52307367  0.47186544  0.13705106
   0.30778175  0.18388932  0.30239399
   0.50211225  0.49802949  0.25063771
   0.01778432  0.96484177  0.03878478
   0.10028772  0.05246909  0.14877838
   0.60686046  0.05193497  0.55376816
   0.32166177  0.81966857  0.90558418
   0.52307367  0.97186547  0.63705105
   0.30778175  0.68388929  0.80239399
   0.50211225  0.99802952  0.75063774
   0.01778432  0.46484180  0.53878477
   0.10028772  0.55246915  0.64877841
   0.10670679  0.44671913  0.94665399
   0.81800577  0.68112455  0.59607577
   0.02579829  0.52271104  0.86221045
   0.79018198  0.80784203  0.69542535
  -0.00006132  0.50534278  0.74889161
   0.52312672  0.03474778  0.96265134
   0.59117328  0.95543923  0.85162174
   0.10670679  0.94671916  0.44665396
   0.81800577  0.18112455  0.09607578
   0.02579829  0.02271106  0.36221045
   0.79018198  0.30784203  0.19542535
  -0.00006132  0.00534281  0.24889163
   0.52312672  0.53474780  0.46265131
   0.59117328  0.45543929  0.35162177
   0.10749683  0.44249482  0.05353642
   0.81634890  0.68312789  0.40469464
   0.02265413  0.52445530  0.13679556
   0.78988102  0.80784099  0.30384803
   0.00041277  0.50798758  0.25089955
   0.52042378  0.03771173  0.03885434
   0.60086655  0.94650379  0.14929285
   0.10749683  0.94249479  0.55353646
   0.81634890  0.18312791  0.90469467
   0.02265413  0.02445527  0.63679553
   0.78988102  0.30784102  0.80384800
   0.00041277  0.00798759  0.75089955
   0.52042378  0.53771174  0.53885431
   0.60086655  0.44650379  0.64929287
   0.60665920  0.54992062  0.94674256
   0.32545965  0.32002921  0.59648075
   0.52655633  0.47652002  0.86248588
   0.27886556  0.18948592  0.69504817
   0.50302688  0.49493452  0.74831869
   0.02027041  0.96362357  0.96211526
   0.09390990  0.04503615  0.85138924
   0.60665920  0.04992058  0.44674262
   0.32545965  0.82002921  0.09648077
   0.52655633  0.97651999  0.36248585
   0.27886556  0.68948592  0.19504812
   0.50302688  0.99493452  0.24831866
   0.02027041  0.46362360  0.46211526
   0.09390990  0.54503617  0.35138930
   0.32657466  0.16688772  0.50029264
   0.32657466  0.66688778  1.00029267
   0.82558778  0.83232487  0.50030985
   0.82558778  0.33232493  0.00030985
   0.28966265  0.24614048  0.34588002
   0.28966265  0.74614048  0.84588005
   0.29094618  0.24712359  0.54965464
   0.29094618  0.74712357  0.04965463
