   0.25131332  0.24518509  0.10403992
   0.23823609  0.27381928  0.22046332
   0.25131332  0.74518509  0.60403994
   0.23823609  0.77381931  0.72046327
   0.74920572  0.74995910  0.89358477
   0.72477129  0.73046574  0.78151658
   0.74920572  0.24995910  0.39358480
   0.72477129  0.23046575  0.28151652
   0.74477804  0.75211665  0.10394168
   0.74462404  0.73038918  0.22015272
   0.74477804  0.25211668  0.60394171
   0.74462404  0.23038916  0.72015275
   0.25605058  0.24856428  0.89332673
   0.23594910  0.28159569  0.78153967
   0.25605058  0.74856431  0.39332676
   0.23594910  0.78159566  0.28153970
   0.25012182  0.24506616  0.00165806
   0.25012182  0.74506616  0.50165806
   0.74464670  0.75869440  1.00109422
   0.74464670  0.25869440  0.50109416
   0.79608057  0.74972730  0.34699902
   0.79608057  0.24972730  0.84699902
   0.79480832  0.75013336  0.65295707
   0.79480832  0.25013338  0.15295709
   0.79442135  0.75221936  0.45022818
   0.79442135  0.25221936  0.95022815
   0.29316039  0.24842765  0.65255510
   0.29316039  0.74842765  0.15255510
   0.29225744  0.24714105  0.45061511
   0.29225744  0.74714105  0.95061511
   0.79374059  0.75359622  0.54952334
   0.79374059  0.25359622  0.04952333
   0.60506565  0.55267953  0.05398277
   0.31972505  0.31963205  0.40479569
   0.52498010  0.47169749  0.13744963
   0.30367011  0.18288405  0.30217710
   0.50383314  0.49705789  0.25112122
   0.01373833  0.96392996  0.03872337
   0.10400634  0.05399909  0.14958666
   0.60506565  0.05267954  0.55398274
   0.31972505  0.81963205  0.90479569
   0.52498010  0.97169752  0.63744962
   0.30367011  0.68288402  0.80217710
   0.50383314  0.99705792  0.75112125
   0.01373833  0.46392999  0.53872337
   0.10400634  0.55399914  0.64958669
   0.10204789  0.44766657  0.94612114
   0.81911837  0.68102338  0.59639121
   0.02658699  0.52490651  0.86209455
   0.78869793  0.80716882  0.69603463
   0.00149851  0.50382206  0.74895512
   0.51709446  0.03660807  0.96199766
   0.59910859  0.95080433  0.85059580
   0.10204789  0.94766660  0.44612111
   0.81911837  0.18102338  0.09639123
   0.02658699  0.02490653  0.36209455
   0.78869793  0.30716882  0.19603463
   0.00149851  0.00382209  0.24895513
   0.51709446  0.53660809  0.46199763
   0.59910859  0.45080439  0.35059583
   0.10618927  0.44193047  0.05351216
   0.81461227  0.68309562  0.40398682
   0.02421248  0.52532649  0.13756281
   0.79218684  0.80846220  0.30357547
   0.00150793  0.50590997  0.25125579
   0.51580253  0.03984708  0.03903735
   0.60460990  0.94527439  0.14984688
   0.10618927  0.94193044  0.55351220
   0.81461227  0.18309564  0.90398685
   0.02421248  0.02532646  0.63756278
   0.79218684  0.30846223  0.80357544
   0.00150793  0.00590997  0.75125579
   0.51580253  0.53984709  0.53903732
   0.60460990  0.44527439  0.64984691
   0.60264698  0.55009992  0.94635125
   0.32543413  0.32096653  0.59687448
   0.52758836  0.47501903  0.86207704
   0.28683313  0.18981243  0.69569591
   0.50449216  0.49452186  0.74852901
   0.01377785  0.96171163  0.96138658
   0.10184371  0.05136800  0.85047146
   0.60264698  0.05009988  0.44635131
   0.32543413  0.82096653  0.09687450
   0.52758836  0.97501900  0.36207701
   0.28683313  0.68981243  0.19569587
   0.50449216  0.99452186  0.24852898
   0.01377785  0.46171166  0.46138658
   0.10184371  0.55136802  0.35047152
   0.32293093  0.16727818  0.50004488
   0.32293093  0.66727824  1.00004491
   0.82149717  0.83265029  0.50011727
   0.82149717  0.33265035  0.00011727
   0.29164432  0.24781808  0.34560388
   0.29164432  0.74781808  0.84560391
   0.28885297  0.24792736  0.54984885
   0.28885297  0.74792735  0.04984883
