   0.25086202  0.24498823  0.10359525
   0.23499472  0.27614590  0.21994047
   0.25086202  0.74498823  0.60359526
   0.23499472  0.77614593  0.71994043
   0.74769130  0.75120483  0.89385316
   0.71907071  0.73111743  0.78143481
   0.74769130  0.25120483  0.39385319
   0.71907071  0.23111745  0.28143475
   0.74358423  0.75295664  0.10349127
   0.74556795  0.73191097  0.21992911
   0.74358423  0.25295667  0.60349129
   0.74556795  0.23191096  0.71992914
   0.25396565  0.24551769  0.89355447
   0.23454545  0.28249246  0.78112250
   0.25396565  0.74551772  0.39355450
   0.23454545  0.78249243  0.28112253
   0.25403427  0.24396307  0.00158455
   0.25403427  0.74396307  0.50158455
   0.74882310  0.75940238  1.00146964
   0.74882310  0.25940238  0.50146958
   0.79345622  0.75055257  0.34724362
   0.79345622  0.25055257  0.84724362
   0.79270396  0.75027907  0.65238020
   0.79270396  0.25027908  0.15238022
   0.79801854  0.75266059  0.45074231
   0.79801854  0.25266059  0.95074228
   0.29037622  0.24804843  0.65198242
   0.29037622  0.74804843  0.15198242
   0.29616028  0.24625396  0.45121380
   0.29616028  0.74625396  0.95121380
   0.79616128  0.75366880  0.54935204
   0.79616128  0.25366880  0.04935204
   0.60683415  0.55194416  0.05376676
   0.32163351  0.31966382  0.40558590
   0.52306592  0.47186519  0.13704968
   0.30778592  0.18388450  0.30239042
   0.50215979  0.49802141  0.25064582
   0.01774747  0.96483048  0.03878425
   0.10032360  0.05248854  0.14878120
   0.60683415  0.05194417  0.55376674
   0.32163351  0.81966382  0.90558590
   0.52306592  0.97186522  0.63704966
   0.30778592  0.68388447  0.80239042
   0.50215979  0.99802144  0.75064585
   0.01774747  0.46483051  0.53878424
   0.10032360  0.55248860  0.64878123
   0.10663830  0.44675997  0.94665203
   0.81800235  0.68113083  0.59607927
   0.02579856  0.52275364  0.86220975
   0.79015593  0.80777443  0.69540242
  -0.00002270  0.50532274  0.74889690
   0.52306309  0.03474740  0.96265035
   0.59126549  0.95535876  0.85161120
   0.10663830  0.94676000  0.44665200
   0.81800235  0.18113083  0.09607929
   0.02579856  0.02275366  0.36220975
   0.79015593  0.30777443  0.19540242
  -0.00002270  0.00532277  0.24889691
   0.52306309  0.53474742  0.46265032
   0.59126549  0.45535882  0.35161123
   0.10747840  0.44249624  0.05353486
   0.81632288  0.68313188  0.40469835
   0.02265089  0.52447296  0.13679781
   0.78989667  0.80785857  0.30382786
   0.00044865  0.50796869  0.25090662
   0.52038004  0.03771969  0.03885418
   0.60088697  0.94647720  0.14929219
   0.10747840  0.94249621  0.55353490
   0.81632288  0.18313189  0.90469838
   0.02265089  0.02447293  0.63679778
   0.78989667  0.30785859  0.80382783
   0.00044865  0.00796870  0.75090662
   0.52038004  0.53771970  0.53885416
   0.60088697  0.44647720  0.64929222
   0.60657678  0.54990093  0.94674101
   0.32543954  0.32003359  0.59648446
   0.52654272  0.47649428  0.86248369
   0.27893601  0.18955287  0.69501875
   0.50307095  0.49492823  0.74832406
   0.02021688  0.96362213  0.96211377
   0.09401071  0.04510890  0.85138114
   0.60657678  0.04990089  0.44674107
   0.32543954  0.82003359  0.09648447
   0.52654272  0.97649425  0.36248366
   0.27893601  0.68955287  0.19501871
   0.50307095  0.99492823  0.24832403
   0.02021688  0.46362216  0.46211377
   0.09401071  0.54510892  0.35138120
   0.32652518  0.16689413  0.50029551
   0.32652518  0.66689419  1.00029554
   0.82553994  0.83232701  0.50031372
   0.82553994  0.33232707  0.00031372
   0.28968513  0.24616648  0.34588328
   0.28968513  0.74616648  0.84588331
   0.29092407  0.24713714  0.54965311
   0.29092407  0.74713712  0.04965310
