   0.25079241  0.24502173  0.10365999
   0.23623897  0.27555854  0.22008304
   0.25079241  0.74502173  0.60366001
   0.23623897  0.77555857  0.72008299
   0.74777375  0.75076284  0.89384479
   0.72033073  0.73094213  0.78152913
   0.74777375  0.25076284  0.39384482
   0.72033073  0.23094215  0.28152907
   0.74369232  0.75278045  0.10354232
   0.74611374  0.73163158  0.22001321
   0.74369232  0.25278048  0.60354234
   0.74611374  0.23163157  0.72001324
   0.25414613  0.24637909  0.89356600
   0.23530615  0.28222610  0.78124563
   0.25414613  0.74637912  0.39356603
   0.23530615  0.78222607  0.28124566
   0.25311150  0.24429900  0.00156599
   0.25311150  0.74429900  0.50156599
   0.74785957  0.75932443  1.00142989
   0.74785957  0.25932443  0.50142983
   0.79401486  0.75019355  0.34724788
   0.79401486  0.25019355  0.84724788
   0.79308863  0.75022924  0.65246116
   0.79308863  0.25022925  0.15246117
   0.79694216  0.75257072  0.45064644
   0.79694216  0.25257072  0.95064641
   0.29093783  0.24815776  0.65207160
   0.29093783  0.74815776  0.15207160
   0.29508202  0.24657496  0.45110446
   0.29508202  0.74657496  0.95110446
   0.79555556  0.75366548  0.54935387
   0.79555556  0.25366548  0.04935387
   0.60627691  0.55206624  0.05374024
   0.32125795  0.31988672  0.40540917
   0.52330657  0.47175724  0.13710482
   0.30769527  0.18383645  0.30236999
   0.50292624  0.49787987  0.25076357
   0.01692452  0.96475841  0.03875270
   0.10108095  0.05290683  0.14891036
   0.60627691  0.05206624  0.55374022
   0.32125795  0.81988672  0.90540917
   0.52330657  0.97175727  0.63710480
   0.30769527  0.68383642  0.80236999
   0.50292624  0.99787990  0.75076360
   0.01692452  0.46475844  0.53875269
   0.10108095  0.55290688  0.64891039
   0.10503069  0.44739980  0.94654422
   0.81809671  0.68114273  0.59611226
   0.02574416  0.52334924  0.86219581
   0.78961708  0.80731893  0.69555641
   0.00077512  0.50499507  0.74895029
   0.52191358  0.03483720  0.96253383
   0.59323833  0.95401283  0.85139011
   0.10503069  0.94739983  0.44654419
   0.81809671  0.18114273  0.09611227
   0.02574416  0.02334926  0.36219581
   0.78961708  0.30731893  0.19555641
   0.00077512  0.00499510  0.24895031
   0.52191358  0.53483722  0.46253380
   0.59323833  0.45401289  0.35139014
   0.10700563  0.44248490  0.05349532
   0.81584245  0.68299114  0.40454005
   0.02275917  0.52477257  0.13693887
   0.79041454  0.80776633  0.30378082
   0.00115846  0.50751846  0.25099927
   0.51954749  0.03792463  0.03883670
   0.60164651  0.94623016  0.14934186
   0.10700563  0.94248487  0.55349536
   0.81584245  0.18299115  0.90454007
   0.02275917  0.02477255  0.63693884
   0.79041454  0.30776636  0.80378079
   0.00115846  0.00751847  0.75099927
   0.51954749  0.53792463  0.53883667
   0.60164651  0.44623016  0.64934189
   0.60498934  0.54946511  0.94663846
   0.32534419  0.32021122  0.59652024
   0.52655491  0.47588886  0.86242794
   0.28048098  0.18977544  0.69517442
   0.50380432  0.49483417  0.74839220
   0.01903343  0.96368081  0.96198204
   0.09586383  0.04662989  0.85120574
   0.60498934  0.04946507  0.44663852
   0.32534419  0.82021122  0.09652025
   0.52655491  0.97588883  0.36242791
   0.28048098  0.68977544  0.19517437
   0.50380432  0.99483417  0.24839217
   0.01903343  0.46368084  0.46198204
   0.09586383  0.54662991  0.35120580
   0.32564287  0.16708971  0.50023040
   0.32564287  0.66708977  1.00023043
   0.82465076  0.83230416  0.50025459
   0.82465076  0.33230422  0.00025459
   0.29015190  0.24662114  0.34587571
   0.29015190  0.74662114  0.84587574
   0.29023853  0.24734593  0.54966609
   0.29023853  0.74734592  0.04966608
