   0.25077334  0.24504638  0.10368239
   0.23645097  0.27545611  0.22012347
   0.25077334  0.74504638  0.60368240
   0.23645097  0.77545614  0.72012342
   0.74772777  0.75069086  0.89382751
   0.72055726  0.73092502  0.78154263
   0.74772777  0.25069086  0.39382754
   0.72055726  0.23092504  0.28154257
   0.74369202  0.75271683  0.10356345
   0.74615204  0.73155774  0.22003940
   0.74369202  0.25271686  0.60356347
   0.74615204  0.23155773  0.72003943
   0.25417344  0.24654734  0.89355197
   0.23537195  0.28217601  0.78126977
   0.25417344  0.74654737  0.39355200
   0.23537195  0.78217598  0.28126980
   0.25298492  0.24433309  0.00156223
   0.25298492  0.74433309  0.50156223
   0.74774857  0.75933778  1.00141923
   0.74774857  0.25933778  0.50141917
   0.79406693  0.75015934  0.34720667
   0.79406693  0.25015934  0.84720667
   0.79309998  0.75025163  0.65250814
   0.79309998  0.25025164  0.15250816
   0.79685196  0.75258410  0.45062969
   0.79685196  0.25258410  0.95062966
   0.29098252  0.24818065  0.65209648
   0.29098252  0.74818065  0.15209648
   0.29499598  0.24660249  0.45108233
   0.29499598  0.74660249  0.95108233
   0.79550613  0.75366964  0.54935822
   0.79550613  0.25366964  0.04935822
   0.60618247  0.55204575  0.05373805
   0.32116980  0.31992344  0.40538572
   0.52332839  0.47175582  0.13711420
   0.30756095  0.18384438  0.30238251
   0.50307827  0.49784636  0.25079551
   0.01670845  0.96466600  0.03874259
   0.10127614  0.05307588  0.14894342
   0.60618247  0.05204575  0.55373803
   0.32116980  0.81992344  0.90538572
   0.52332839  0.97175585  0.63711419
   0.30756095  0.68384435  0.80238251
   0.50307827  0.99784639  0.75079554
   0.01670845  0.46466603  0.53874259
   0.10127614  0.55307593  0.64894345
   0.10473818  0.44758755  0.94652358
   0.81816046  0.68115623  0.59611498
   0.02567368  0.52347128  0.86219314
   0.78945603  0.80714937  0.69555828
   0.00095685  0.50489688  0.74896284
   0.52164738  0.03495664  0.96250790
   0.59370785  0.95367236  0.85133851
   0.10473818  0.94758758  0.44652355
   0.81816046  0.18115623  0.09611500
   0.02567368  0.02347130  0.36219314
   0.78945603  0.30714937  0.19555828
   0.00095685  0.00489691  0.24896286
   0.52164738  0.53495666  0.46250787
   0.59370785  0.45367242  0.35133854
   0.10687953  0.44249475  0.05348551
   0.81571065  0.68300333  0.40451843
   0.02275903  0.52483946  0.13697532
   0.79059705  0.80770371  0.30380093
   0.00129414  0.50738493  0.25102596
   0.51931934  0.03807804  0.03883407
   0.60182937  0.94609573  0.14935190
   0.10687953  0.94249472  0.55348555
   0.81571065  0.18300334  0.90451846
   0.02275903  0.02483944  0.63697529
   0.79059705  0.30770374  0.80380090
   0.00129414  0.00738494  0.75102596
   0.51931934  0.53807805  0.53883405
   0.60182937  0.44609573  0.64935193
   0.60470042  0.54933130  0.94662154
   0.32533906  0.32026897  0.59652316
   0.52654466  0.47577542  0.86240870
   0.28098077  0.18990139  0.69517717
   0.50395905  0.49482477  0.74841124
   0.01876219  0.96357822  0.96195069
   0.09633896  0.04706346  0.85116501
   0.60470042  0.04933126  0.44662160
   0.32533906  0.82026897  0.09652317
   0.52654466  0.97577539  0.36240867
   0.28098077  0.68990139  0.19517713
   0.50395905  0.99482477  0.24841121
   0.01876219  0.46357825  0.46195069
   0.09633896  0.54706348  0.35116507
   0.32540706  0.16711786  0.50021586
   0.32540706  0.66711792  1.00021589
   0.82441801  0.83233327  0.50024625
   0.82441801  0.33233333  0.00024625
   0.29010066  0.24662781  0.34586787
   0.29010066  0.74662781  0.84586790
   0.29027902  0.24729444  0.54965544
   0.29027902  0.74729443  0.04965543
