   0.25078878  0.24503702  0.10367038
   0.23630829  0.27552880  0.22009919
   0.25078878  0.74503702  0.60367039
   0.23630829  0.77552883  0.72009915
   0.74774579  0.75072763  0.89383534
   0.72041676  0.73092938  0.78153528
   0.74774579  0.25072763  0.39383537
   0.72041676  0.23092940  0.28153522
   0.74369614  0.75274838  0.10355267
   0.74612609  0.73159327  0.22002503
   0.74369614  0.25274841  0.60355269
   0.74612609  0.23159325  0.72002506
   0.25415952  0.24644539  0.89355797
   0.23531792  0.28220347  0.78125562
   0.25415952  0.74644542  0.39355800
   0.23531792  0.78220344  0.28125565
   0.25306999  0.24431342  0.00156454
   0.25306999  0.74431342  0.50156454
   0.74783106  0.75932369  1.00142521
   0.74783106  0.25932369  0.50142515
   0.79402464  0.75020510  0.34720819
   0.79402464  0.25020510  0.84720819
   0.79309134  0.75026905  0.65250212
   0.79309134  0.25026907  0.15250213
   0.79690501  0.75258441  0.45063762
   0.79690501  0.25258441  0.95063759
   0.29095412  0.24814715  0.65209344
   0.29095412  0.74814715  0.15209344
   0.29504854  0.24658071  0.45109261
   0.29504854  0.74658071  0.95109261
   0.79554021  0.75367416  0.54935653
   0.79554021  0.25367416  0.04935652
   0.60623699  0.55206030  0.05373825
   0.32122601  0.31990230  0.40540219
   0.52329766  0.47176476  0.13710694
   0.30764095  0.18384279  0.30238078
   0.50298751  0.49787575  0.25077667
   0.01685346  0.96471188  0.03874760
   0.10116470  0.05296895  0.14892264
   0.60623699  0.05206031  0.55373823
   0.32122601  0.81990230  0.90540219
   0.52329766  0.97176479  0.63710693
   0.30764095  0.68384276  0.80238078
   0.50298751  0.99787578  0.75077670
   0.01685346  0.46471191  0.53874759
   0.10116470  0.55296900  0.64892267
   0.10491285  0.44747941  0.94653647
   0.81812231  0.68114612  0.59611230
   0.02572727  0.52341919  0.86219640
   0.78954604  0.80723158  0.69554229
   0.00085357  0.50496462  0.74895621
   0.52181376  0.03488001  0.96252381
   0.59340415  0.95385437  0.85137048
   0.10491285  0.94747944  0.44653644
   0.81812231  0.18114612  0.09611231
   0.02572727  0.02341921  0.36219640
   0.78954604  0.30723158  0.19554229
   0.00085357  0.00496465  0.24895623
   0.52181376  0.53488003  0.46252378
   0.59340415  0.45385443  0.35137051
   0.10696176  0.44249529  0.05349014
   0.81579357  0.68299341  0.40453367
   0.02275704  0.52481358  0.13695221
   0.79049237  0.80772060  0.30380483
   0.00121846  0.50746046  0.25100948
   0.51945060  0.03797790  0.03883457
   0.60170094  0.94616568  0.14934471
   0.10696176  0.94249526  0.55349018
   0.81579357  0.18299342  0.90453370
   0.02275704  0.02481355  0.63695218
   0.79049237  0.30772063  0.80380480
   0.00121846  0.00746047  0.75100948
   0.51945060  0.53797791  0.53883454
   0.60170094  0.44616568  0.64934474
   0.60487553  0.54940704  0.94663209
   0.32533978  0.32023462  0.59651937
   0.52652597  0.47585274  0.86242192
   0.28068188  0.18983951  0.69516550
   0.50386891  0.49482688  0.74840138
   0.01893205  0.96364661  0.96197006
   0.09607427  0.04678359  0.85119029
   0.60487553  0.04940699  0.44663215
   0.32533978  0.82023462  0.09651938
   0.52652597  0.97585271  0.36242189
   0.28068188  0.68983951  0.19516545
   0.50386891  0.99482688  0.24840135
   0.01893205  0.46364664  0.46197006
   0.09607427  0.54678362  0.35119035
   0.32555303  0.16710131  0.50022434
   0.32555303  0.66710137  1.00022437
   0.82456371  0.83231981  0.50025076
   0.82456371  0.33231987  0.00025076
   0.29012700  0.24662302  0.34586659
   0.29012700  0.74662302  0.84586662
   0.29027136  0.24732468  0.54966323
   0.29027136  0.74732466  0.04966321
