   0.25100798  0.24514864  0.10387574
   0.23778371  0.27436543  0.22034897
   0.25100798  0.74514864  0.60387576
   0.23778371  0.77436546  0.72034893
   0.74836566  0.75016754  0.89371541
   0.72303647  0.73069828  0.78156492
   0.74836566  0.25016754  0.39371544
   0.72303647  0.23069830  0.28156486
   0.74429364  0.75227936  0.10374899
   0.74563430  0.73088917  0.22012746
   0.74429364  0.25227939  0.60374901
   0.74563430  0.23088916  0.72012749
   0.25517334  0.24794356  0.89345063
   0.23590866  0.28172284  0.78144910
   0.25517334  0.74794358  0.39345066
   0.23590866  0.78172281  0.28144913
   0.25121504  0.24497999  0.00158533
   0.25121504  0.74497999  0.50158533
   0.74577515  0.75896136  1.00128531
   0.74577515  0.25896136  0.50128525
   0.79530660  0.74986650  0.34709465
   0.79530660  0.24986650  0.84709465
   0.79410802  0.75017352  0.65277021
   0.79410802  0.25017353  0.15277023
   0.79524095  0.75235648  0.45041390
   0.79524095  0.25235648  0.95041387
   0.29230388  0.24829116  0.65236630
   0.29230388  0.74829116  0.15236630
   0.29325603  0.24703981  0.45083604
   0.29325603  0.74703981  0.95083604
   0.79446768  0.75358852  0.54942678
   0.79446768  0.25358852  0.04942678
   0.60534597  0.55241907  0.05381397
   0.32038303  0.31990527  0.40506002
   0.52421217  0.47163506  0.13729419
   0.30575721  0.18361104  0.30223566
   0.50373803  0.49745338  0.25099884
   0.01500043  0.96428352  0.03874256
   0.10304222  0.05374863  0.14929125
   0.60534597  0.05241908  0.55381394
   0.32038303  0.81990527  0.90506002
   0.52421217  0.97163509  0.63729417
   0.30575721  0.68361101  0.80223566
   0.50373803  0.99745341  0.75099887
   0.01500043  0.46428355  0.53874255
   0.10304222  0.55374868  0.64929128
   0.10279223  0.44785232  0.94632265
   0.81870324  0.68111172  0.59626146
   0.02615777  0.52451358  0.86212030
   0.78873432  0.80657961  0.69581036
   0.00152506  0.50419653  0.74899314
   0.51900187  0.03576995  0.96223657
   0.59705038  0.95172848  0.85090606
   0.10279223  0.94785235  0.44632262
   0.81870324  0.18111172  0.09626148
   0.02615777  0.02451360  0.36212030
   0.78873432  0.30657961  0.19581036
   0.00152506  0.00419656  0.24899316
   0.51900187  0.53576997  0.46223654
   0.59705038  0.45172854  0.35090609
   0.10631006  0.44235381  0.05347746
   0.81483104  0.68306169  0.40421390
   0.02348650  0.52526400  0.13732135
   0.79162726  0.80776318  0.30367035
   0.00166433  0.50643934  0.25117688
   0.51735456  0.03887212  0.03891931
   0.60355978  0.94552845  0.14956993
   0.10631006  0.94235378  0.55347750
   0.81483104  0.18306171  0.90421393
   0.02348650  0.02526397  0.63732132
   0.79162726  0.30776321  0.80367032
   0.00166433  0.00643934  0.75117688
   0.51735456  0.53887212  0.53891929
   0.60355978  0.44552845  0.64956996
   0.60297559  0.54941926  0.94646499
   0.32536141  0.32062234  0.59670922
   0.52697097  0.47520509  0.86220028
   0.28445612  0.19021649  0.69545400
   0.50452914  0.49463254  0.74849776
   0.01590651  0.96276612  0.96164044
   0.09978462  0.04965835  0.85078775
   0.60297559  0.04941922  0.44646505
   0.32536141  0.82062234  0.09670924
   0.52697097  0.97520506  0.36220025
   0.28445612  0.69021649  0.19545396
   0.50452914  0.99463254  0.24849773
   0.01590651  0.46276615  0.46164044
   0.09978462  0.54965837  0.35078781
   0.32383489  0.16737467  0.50012012
   0.32383489  0.66737473  1.00012014
   0.82267167  0.83235888  0.50016919
   0.82267167  0.33235894  0.00016919
   0.29110186  0.24742956  0.34569377
   0.29110186  0.74742956  0.84569380
   0.28925234  0.24775361  0.54976645
   0.28925234  0.74775360  0.04976644
