   0.25076945  0.24504190  0.10367387
   0.23637328  0.27550239  0.22010987
   0.25076945  0.74504190  0.60367389
   0.23637328  0.77550242  0.72010983
   0.74772743  0.75071651  0.89383319
   0.72046943  0.73093232  0.78153664
   0.74772743  0.25071651  0.39383322
   0.72046943  0.23093233  0.28153658
   0.74368614  0.75273556  0.10355582
   0.74613133  0.73157588  0.22003104
   0.74368614  0.25273559  0.60355584
   0.74613133  0.23157587  0.72003107
   0.25414561  0.24648708  0.89355617
   0.23533510  0.28219871  0.78126056
   0.25414561  0.74648711  0.39355620
   0.23533510  0.78219868  0.28126059
   0.25304297  0.24431649  0.00156385
   0.25304297  0.74431649  0.50156385
   0.74780446  0.75933661  1.00142254
   0.74780446  0.25933661  0.50142248
   0.79403563  0.75017022  0.34722418
   0.79403563  0.25017022  0.84722418
   0.79307389  0.75025723  0.65249746
   0.79307389  0.25025724  0.15249747
   0.79691337  0.75257544  0.45063666
   0.79691337  0.25257544  0.95063663
   0.29094180  0.24816423  0.65209312
   0.29094180  0.74816423  0.15209312
   0.29505686  0.24658908  0.45109286
   0.29505686  0.74658908  0.95109286
   0.79554521  0.75366585  0.54935482
   0.79554521  0.25366585  0.04935482
   0.60620231  0.55206868  0.05373900
   0.32120166  0.31991539  0.40539479
   0.52329500  0.47177565  0.13710961
   0.30760493  0.18383072  0.30237846
   0.50303308  0.49785893  0.25078837
   0.01680083  0.96467153  0.03874422
   0.10121974  0.05300347  0.14893192
   0.60620231  0.05206869  0.55373898
   0.32120166  0.81991539  0.90539479
   0.52329500  0.97177568  0.63710960
   0.30760493  0.68383069  0.80237846
   0.50303308  0.99785896  0.75078840
   0.01680083  0.46467156  0.53874421
   0.10121974  0.55300352  0.64893195
   0.10483648  0.44753297  0.94653069
   0.81814349  0.68114235  0.59611485
   0.02571137  0.52345951  0.86219519
   0.78950186  0.80720075  0.69555126
   0.00089720  0.50492655  0.74896174
   0.52175124  0.03492299  0.96251712
   0.59351939  0.95374684  0.85135585
   0.10483648  0.94753300  0.44653066
   0.81814349  0.18114235  0.09611487
   0.02571137  0.02345953  0.36219519
   0.78950186  0.30720075  0.19555126
   0.00089720  0.00492658  0.24896176
   0.52175124  0.53492302  0.46251709
   0.59351939  0.45374690  0.35135588
   0.10694589  0.44250980  0.05348851
   0.81575724  0.68299374  0.40453063
   0.02276250  0.52483583  0.13696308
   0.79054215  0.80774109  0.30378723
   0.00124700  0.50742891  0.25102007
   0.51938099  0.03802102  0.03883341
   0.60173835  0.94612697  0.14934709
   0.10694589  0.94250977  0.55348855
   0.81575724  0.18299375  0.90453066
   0.02276250  0.02483581  0.63696305
   0.79054215  0.30774112  0.80378720
   0.00124700  0.00742891  0.75102007
   0.51938099  0.53802103  0.53883338
   0.60173835  0.44612697  0.64934712
   0.60480156  0.54936726  0.94662739
   0.32534006  0.32025450  0.59652195
   0.52650983  0.47583287  0.86241608
   0.28082259  0.18988125  0.69516146
   0.50391256  0.49483152  0.74840847
   0.01886724  0.96361006  0.96196200
   0.09621370  0.04689514  0.85117877
   0.60480156  0.04936721  0.44662745
   0.32534006  0.82025450  0.09652196
   0.52650983  0.97583284  0.36241605
   0.28082259  0.68988125  0.19516142
   0.50391256  0.99483152  0.24840844
   0.01886724  0.46361009  0.46196200
   0.09621370  0.54689516  0.35117883
   0.32549200  0.16710586  0.50022185
   0.32549200  0.66710592  1.00022188
   0.82450352  0.83233209  0.50024767
   0.82450352  0.33233215  0.00024767
   0.29008137  0.24661853  0.34587343
   0.29008137  0.74661853  0.84587346
   0.29031060  0.24729158  0.54965510
   0.29031060  0.74729156  0.04965509
