   0.25082847  0.24499046  0.10360409
   0.23520949  0.27605722  0.21996742
   0.25082847  0.74499046  0.60360410
   0.23520949  0.77605725  0.71996738
   0.74769052  0.75111134  0.89385557
   0.71927462  0.73107195  0.78145097
   0.74769052  0.25111134  0.39385560
   0.71927462  0.23107196  0.28145091
   0.74357085  0.75293828  0.10349815
   0.74568884  0.73187060  0.21994728
   0.74357085  0.25293831  0.60349818
   0.74568884  0.23187058  0.71994731
   0.25398437  0.24566469  0.89356093
   0.23467790  0.28245762  0.78114191
   0.25398437  0.74566472  0.39356096
   0.23467790  0.78245759  0.28114194
   0.25387335  0.24402257  0.00158395
   0.25387335  0.74402257  0.50158395
   0.74865899  0.75938608  1.00146631
   0.74865899  0.25938608  0.50146625
   0.79354777  0.75050687  0.34723502
   0.79354777  0.25050687  0.84723502
   0.79276012  0.75025474  0.65237513
   0.79276012  0.25025475  0.15237515
   0.79783301  0.75265646  0.45073648
   0.79783301  0.25265646  0.95073645
   0.29046179  0.24808765  0.65197226
   0.29046179  0.74808765  0.15197226
   0.29597263  0.24630082  0.45120397
   0.29597263  0.74630082  0.95120397
   0.79606866  0.75367533  0.54935180
   0.79606866  0.25367533  0.04935180
   0.60673485  0.55199083  0.05375957
   0.32158023  0.31972465  0.40555425
   0.52309337  0.47184614  0.13705785
   0.30780337  0.18387071  0.30239069
   0.50229958  0.49799973  0.25066362
   0.01762754  0.96479918  0.03877562
   0.10042712  0.05255144  0.14879852
   0.60673485  0.05199084  0.55375955
   0.32158023  0.81972465  0.90555425
   0.52309337  0.97184617  0.63705783
   0.30780337  0.68387068  0.80239069
   0.50229958  0.99799975  0.75066365
   0.01762754  0.46479921  0.53877561
   0.10042712  0.55255150  0.64879855
   0.10636291  0.44687464  0.94663358
   0.81801174  0.68112392  0.59608245
   0.02579525  0.52286535  0.86220934
   0.79006997  0.80772484  0.69544064
   0.00012785  0.50527494  0.74890752
   0.52288953  0.03475705  0.96263198
   0.59158659  0.95511949  0.85157814
   0.10636291  0.94687467  0.44663355
   0.81801174  0.18112392  0.09608247
   0.02579525  0.02286537  0.36220934
   0.79006997  0.30772484  0.19544064
   0.00012785  0.00527497  0.24890753
   0.52288953  0.53475707  0.46263195
   0.59158659  0.45511955  0.35157817
   0.10742502  0.44250689  0.05352541
   0.81625327  0.68308607  0.40466885
   0.02265587  0.52452204  0.13681924
   0.78998021  0.80783960  0.30383240
   0.00058648  0.50789823  0.25092047
   0.52022367  0.03774080  0.03884723
   0.60099529  0.94644328  0.14929704
   0.10742502  0.94250686  0.55352545
   0.81625327  0.18308609  0.90466888
   0.02265587  0.02452201  0.63681921
   0.78998021  0.30783963  0.80383237
   0.00058648  0.00789823  0.75092047
   0.52022367  0.53774080  0.53884721
   0.60099529  0.44644328  0.64929707
   0.60631049  0.54981301  0.94672315
   0.32542184  0.32006605  0.59648522
   0.52653364  0.47639501  0.86247852
   0.27915481  0.18955702  0.69505981
   0.50320897  0.49490903  0.74833679
   0.02003691  0.96364390  0.96209356
   0.09433271  0.04534333  0.85135558
   0.60631049  0.04981297  0.44672321
   0.32542184  0.82006605  0.09648523
   0.52653364  0.97639498  0.36247849
   0.27915481  0.68955702  0.19505977
   0.50320897  0.99490903  0.24833676
   0.02003691  0.46364393  0.46209356
   0.09433271  0.54534335  0.35135564
   0.32638829  0.16692169  0.50028430
   0.32638829  0.66692175  1.00028433
   0.82540119  0.83233247  0.50029968
   0.82540119  0.33233253  0.00029968
   0.28977191  0.24624484  0.34588410
   0.28977191  0.74624484  0.84588413
   0.29080784  0.24716100  0.54965352
   0.29080784  0.74716099  0.04965351
