   0.25087008  0.24497742  0.10358534
   0.23477475  0.27622801  0.21992030
   0.25087008  0.74497742  0.60358536
   0.23477475  0.77622804  0.71992025
   0.74767437  0.75127286  0.89385230
   0.71887546  0.73113985  0.78141505
   0.74767437  0.25127286  0.39385233
   0.71887546  0.23113986  0.28141499
   0.74356685  0.75298315  0.10348362
   0.74544100  0.73194903  0.21991675
   0.74356685  0.25298318  0.60348364
   0.74544100  0.23194902  0.71991678
   0.25395610  0.24539331  0.89354971
   0.23439652  0.28253692  0.78109991
   0.25395610  0.74539333  0.39354974
   0.23439652  0.78253689  0.28109994
   0.25416011  0.24391695  0.00158965
   0.25416011  0.74391695  0.50158965
   0.74896470  0.75941201  1.00147611
   0.74896470  0.25941201  0.50147605
   0.79336864  0.75061348  0.34723698
   0.79336864  0.25061348  0.84723698
   0.79266875  0.75026893  0.65235468
   0.79266875  0.25026895  0.15235469
   0.79816848  0.75268085  0.45076480
   0.79816848  0.25268085  0.95076477
   0.29031937  0.24805190  0.65195622
   0.29031937  0.74805190  0.15195622
   0.29630750  0.24620537  0.45123642
   0.29630750  0.74620537  0.95123642
   0.79626126  0.75366617  0.54935268
   0.79626126  0.25366617  0.04935268
   0.60692693  0.55191135  0.05377464
   0.32170454  0.31962804  0.40560688
   0.52306149  0.47188159  0.13704555
   0.30776663  0.18388626  0.30238811
   0.50200751  0.49804408  0.25062629
   0.01788766  0.96484767  0.03879044
   0.10021787  0.05242139  0.14876750
   0.60692693  0.05191135  0.55377462
   0.32170454  0.81962804  0.90560688
   0.52306149  0.97188162  0.63704554
   0.30776663  0.68388623  0.80238811
   0.50200751  0.99804411  0.75062632
   0.01788766  0.46484770  0.53879043
   0.10021787  0.55242144  0.64876753
   0.10691867  0.44662671  0.94666739
   0.81801037  0.68111747  0.59607756
   0.02580024  0.52262449  0.86221025
   0.79024631  0.80787752  0.69539496
  -0.00018203  0.50537671  0.74888465
   0.52325192  0.03474681  0.96266568
   0.59092254  0.95561605  0.85164413
   0.10691867  0.94662674  0.44666736
   0.81801037  0.18111747  0.09607757
   0.02580024  0.02262451  0.36221025
   0.79024631  0.30787752  0.19539496
  -0.00018203  0.00537674  0.24888467
   0.52325192  0.53474683  0.46266565
   0.59092254  0.45561611  0.35164416
   0.10755213  0.44250366  0.05354416
   0.81640032  0.68315834  0.40471391
   0.02265855  0.52441913  0.13678140
   0.78982817  0.80786498  0.30384107
   0.00030717  0.50803763  0.25089105
   0.52052403  0.03768632  0.03885861
   0.60079054  0.94652902  0.14929017
   0.10755213  0.94250363  0.55354420
   0.81640032  0.18315835  0.90471394
   0.02265855  0.02441910  0.63678137
   0.78982817  0.30786501  0.80384104
   0.00030717  0.00803763  0.75089105
   0.52052403  0.53768633  0.53885858
   0.60079054  0.44652902  0.64929020
   0.60686363  0.54999250  0.94675548
   0.32548366  0.32001391  0.59648125
   0.52655725  0.47660076  0.86248908
   0.27873052  0.18948318  0.69501583
   0.50292275  0.49494763  0.74831003
   0.02040024  0.96360004  0.96213068
   0.09366589  0.04485478  0.85140687
   0.60686363  0.04999245  0.44675554
   0.32548366  0.82001391  0.09648127
   0.52655725  0.97660073  0.36248905
   0.27873052  0.68948318  0.19501579
   0.50292275  0.99494763  0.24831000
   0.02040024  0.46360007  0.46213068
   0.09366589  0.54485480  0.35140693
   0.32668229  0.16686190  0.50030286
   0.32668229  0.66686196  1.00030289
   0.82569553  0.83232821  0.50031947
   0.82569553  0.33232827  0.00031947
   0.28962244  0.24610546  0.34588020
   0.28962244  0.74610546  0.84588023
   0.29099997  0.24711005  0.54965323
   0.29099997  0.74711003  0.04965322
