   0.25162152  0.24529380  0.10416661
   0.23840150  0.27357877  0.22051972
   0.25162152  0.74529380  0.60416663
   0.23840150  0.77357880  0.72051968
   0.74998750  0.74985446  0.89347338
   0.72618876  0.73012541  0.78144730
   0.74998750  0.24985446  0.39347341
   0.72618876  0.23012542  0.28144724
   0.74522379  0.75205857  0.10411412
   0.74356644  0.72994710  0.22015052
   0.74522379  0.25205860  0.60411414
   0.74356644  0.22994708  0.72015055
   0.25653637  0.24884870  0.89322228
   0.23589044  0.28149674  0.78157252
   0.25653637  0.74884873  0.39322231
   0.23589044  0.78149671  0.28157255
   0.24925538  0.24486797  0.00173649
   0.24925538  0.74486797  0.50173649
   0.74384415  0.75856521  1.00088959
   0.74384415  0.25856521  0.50088953
   0.79654342  0.74971264  0.34692249
   0.79654342  0.24971264  0.84692249
   0.79524636  0.75022396  0.65317254
   0.79524636  0.25022397  0.15317255
   0.79394613  0.75219452  0.45007251
   0.79394613  0.25219452  0.95007248
   0.29367755  0.24847423  0.65275509
   0.29367755  0.74847423  0.15275509
   0.29162025  0.24706859  0.45042341
   0.29162025  0.74706859  0.95042341
   0.79315312  0.75365817  0.54959815
   0.79315312  0.25365817  0.04959815
   0.60499446  0.55295138  0.05418945
   0.31926218  0.31940610  0.40461331
   0.52557993  0.47182799  0.13756043
   0.30183768  0.18206345  0.30217966
   0.50381488  0.49663969  0.25120845
   0.01272924  0.96354435  0.03868575
   0.10448312  0.05405199  0.14981416
   0.60499446  0.05295139  0.55418943
   0.31926218  0.81940610  0.90461331
   0.52557993  0.97182802  0.63756041
   0.30183768  0.68206342  0.80217966
   0.50381488  0.99663971  0.75120848
   0.01272924  0.46354438  0.53868575
   0.10448312  0.55405204  0.64981419
   0.10172557  0.44740988  0.94592558
   0.81938963  0.68083035  0.59650651
   0.02694839  0.52512703  0.86211123
   0.78894857  0.80795185  0.69610003
   0.00138772  0.50360544  0.74889246
   0.51571024  0.03734374  0.96181764
   0.60049347  0.95020116  0.85037443
   0.10172557  0.94740991  0.44592555
   0.81938963  0.18083035  0.09650652
   0.02694839  0.02512706  0.36211123
   0.78894857  0.30795185  0.19610003
   0.00138772  0.00360547  0.24889247
   0.51571024  0.53734376  0.46181761
   0.60049347  0.45020122  0.35037446
   0.10632211  0.44138122  0.05356691
   0.81485399  0.68299888  0.40384653
   0.02483756  0.52521463  0.13771609
   0.79255046  0.80944397  0.30350074
   0.00131710  0.50563846  0.25129274
   0.51446599  0.04082405  0.03914470
   0.60524744  0.94515483  0.15011295
   0.10632211  0.94138119  0.55356695
   0.81485399  0.18299889  0.90384656
   0.02483756  0.02521460  0.63771606
   0.79255046  0.30944400  0.80350071
   0.00131710  0.00563846  0.75129274
   0.51446599  0.54082406  0.53914467
   0.60524744  0.44515483  0.65011298
   0.60285596  0.55091097  0.94626487
   0.32554719  0.32135382  0.59702330
   0.52811270  0.47497760  0.86204025
   0.28854990  0.18933388  0.69578192
   0.50430939  0.49442713  0.74854678
   0.01214584  0.96072878  0.96118908
   0.10320284  0.05256544  0.85021890
   0.60285596  0.05091092  0.44626493
   0.32554719  0.82135382  0.09702331
   0.52811270  0.97497757  0.36204022
   0.28854990  0.68933388  0.19578187
   0.50430939  0.99442713  0.24854675
   0.01214584  0.46072881  0.46118908
   0.10320284  0.55256546  0.35021896
   0.32232187  0.16691496  0.49999299
   0.32232187  0.66691502  0.99999302
   0.82070533  0.83313937  0.50008410
   0.82070533  0.33313943  0.00008410
   0.29204639  0.24810025  0.34554242
   0.29204639  0.74810025  0.84554245
   0.28859990  0.24796833  0.54991883
   0.28859990  0.74796831  0.04991882
