   0.25466159  0.24328922  0.10725726
   0.23709166  0.28652074  0.21958561
   0.25466159  0.74328922  0.60725728
   0.23709166  0.78652077  0.71958557
   0.74888052  0.75305879  0.89294425
   0.73401903  0.73568429  0.78029782
   0.74888052  0.25305879  0.39294428
   0.73401903  0.23568430  0.28029776
   0.74902070  0.75254412  0.10704898
   0.73368805  0.73575698  0.21967412
   0.74902070  0.25254415  0.60704901
   0.73368805  0.23575697  0.71967415
   0.25468624  0.24380297  0.89273954
   0.23692418  0.28648638  0.78041721
   0.25468624  0.74380300  0.39273957
   0.23692418  0.78648635  0.28041724
   0.25427860  0.24499607  0.00000815
   0.25427860  0.74499607  0.50000815
   0.75438526  0.75545951  1.00000027
   0.75438526  0.25545951  0.50000021
   0.79060800  0.75190199  0.34663195
   0.79060800  0.25190199  0.84663195
   0.79060976  0.75134671  0.65337880
   0.79060976  0.25134672  0.15337881
   0.79948912  0.75270377  0.45047912
   0.79948912  0.25270377  0.95047909
   0.29902770  0.24654360  0.54937659
   0.29902770  0.74654359  0.04937658
   0.29904114  0.24677533  0.45063711
   0.29904114  0.74677533  0.95063711
   0.79948495  0.75246670  0.54952605
   0.79948495  0.25246670  0.04952605
   0.61300500  0.55512307  0.05253920
   0.31873837  0.31656893  0.40603464
   0.52427162  0.47787479  0.13788927
   0.29717631  0.18541134  0.30219596
   0.50521683  0.49707812  0.25116833
   0.02102419  0.96192399  0.03803909
   0.08555075  0.03842324  0.14754825
   0.61300500  0.05512307  0.55253918
   0.31873837  0.81656893  0.90603464
   0.52427162  0.97787482  0.63788925
   0.29717631  0.68541131  0.80219596
   0.50521683  0.99707815  0.75116836
   0.02102419  0.46192402  0.53803909
   0.08555075  0.53842329  0.64754828
   0.11317457  0.44231817  0.94736040
   0.81451400  0.68562416  0.59475216
   0.02398577  0.52117491  0.86202878
   0.78758909  0.80066202  0.69603061
  -0.00177986  0.50715606  0.74913072
   0.52235590  0.03691102  0.96226420
   0.58195268  0.96054224  0.85269333
   0.11317457  0.94231820  0.44736037
   0.81451400  0.18562416  0.09475218
   0.02398577  0.02117493  0.36202878
   0.78758909  0.30066202  0.19603061
  -0.00177986  0.00715609  0.24913074
   0.52235590  0.53691104  0.46226417
   0.58195268  0.46054230  0.35269336
   0.11315125  0.44208118  0.05264078
   0.81426622  0.68607352  0.40525174
   0.02403514  0.52064486  0.13797869
   0.78795357  0.80104581  0.30396996
  -0.00175511  0.50716099  0.25084842
   0.52233338  0.03673397  0.03776195
   0.58209132  0.95992217  0.14728617
   0.11315125  0.94208115  0.55264082
   0.81426622  0.18607354  0.90525177
   0.02403514  0.02064483  0.63797866
   0.78795357  0.30104584  0.80396993
  -0.00175511  0.00716099  0.75084842
   0.52233338  0.53673398  0.53776192
   0.58209132  0.45992217  0.64728620
   0.61306225  0.55542845  0.94748336
   0.31854902  0.31609361  0.59398217
   0.52422619  0.47846108  0.86209119
   0.29773107  0.18529549  0.69778445
   0.50523191  0.49708517  0.74883120
   0.02100989  0.96208811  0.96196308
   0.08547704  0.03892936  0.85247561
   0.61306225  0.05542840  0.44748342
   0.31854902  0.81609361  0.09398218
   0.52422619  0.97846105  0.36209116
   0.29773107  0.68529549  0.19778441
   0.50523191  0.99708517  0.24883117
   0.02100989  0.46208814  0.46196308
   0.08547704  0.53892938  0.35247567
   0.32715322  0.16892193  0.50000685
   0.32715322  0.66892199  1.00000688
   0.82828133  0.83004464  0.50000407
   0.82828133  0.33004470  0.00000407
   0.28720689  0.24418891  0.34482783
   0.28720689  0.74418891  0.84482786
   0.28732338  0.24367138  0.65513462
   0.28732338  0.74367138  0.15513462
