   0.25607891  0.23553198  0.10785594
   0.23228349  0.28893015  0.21961923
   0.25607891  0.73553198  0.60785595
   0.23228349  0.78893018  0.71961918
   0.74999643  0.75910300  0.89251281
   0.72897265  0.73783990  0.78028263
   0.74999643  0.25910300  0.39251284
   0.72897265  0.23783992  0.28028257
   0.75000358  0.75898459  0.10748373
   0.72895993  0.73799353  0.21972408
   0.75000358  0.25898462  0.60748375
   0.72895993  0.23799351  0.71972411
   0.25603751  0.23567165  0.89214701
   0.23225934  0.28880247  0.78038663
   0.25603751  0.73567168  0.39214704
   0.23225934  0.78880244  0.28038666
   0.26310263  0.24161257 -0.00000207
   0.26310263  0.74161257  0.49999793
   0.76337399  0.75703720  1.00000144
   0.76337399  0.25703720  0.50000138
   0.78453774  0.75467000  0.34660301
   0.78453774  0.25467000  0.84660301
   0.78456597  0.75441200  0.65340743
   0.78456597  0.25441202  0.15340744
   0.80730988  0.75375583  0.45066339
   0.80730988  0.25375583  0.95066336
   0.30689123  0.24379768  0.54913310
   0.30689123  0.74379766  0.04913309
   0.30688302  0.24392788  0.45086939
   0.30688302  0.74392788  0.95086939
   0.80732174  0.75362857  0.54933187
   0.80732174  0.25362857  0.04933186
   0.62519155  0.55901145  0.05268519
   0.32057794  0.31443193  0.40645883
   0.52452176  0.48595146  0.13829398
   0.29552264  0.18822501  0.30205991
   0.50123228  0.49885341  0.25116831
   0.02908128  0.96056369  0.03790965
   0.06328794  0.02183168  0.14623212
   0.62519155  0.05901145  0.55268517
   0.32057794  0.81443193  0.90645883
   0.52452176  0.98595149  0.63829396
   0.29552264  0.68822498  0.80205991
   0.50123228  0.99885344  0.75116834
   0.02908128  0.46056372  0.53790964
   0.06328794  0.52183173  0.64623215
   0.12518118  0.43703784  0.94719429
   0.81490059  0.68702967  0.59437513
   0.02496353  0.51310757  0.86153864
   0.78494539  0.79911508  0.69613926
  -0.00584436  0.50947584  0.74918557
   0.53049394  0.03653412  0.96241652
   0.55954936  0.97606130  0.85409154
   0.12518118  0.93703787  0.44719426
   0.81490059  0.18702967  0.09437515
   0.02496353  0.01310759  0.36153864
   0.78494539  0.29911508  0.19613926
  -0.00584436  0.00947587  0.24918559
   0.53049394  0.53653414  0.46241649
   0.55954936  0.47606136  0.35409157
   0.12519908  0.43687135  0.05280241
   0.81486907  0.68722832  0.40562171
   0.02500909  0.51283718  0.13845615
   0.78494264  0.79930443  0.30386432
  -0.00582106  0.50949126  0.25081701
   0.53051482  0.03641732  0.03758137
   0.55961504  0.97577433  0.14590271
   0.12519908  0.93687132  0.55280245
   0.81486907  0.18722834  0.90562174
   0.02500909  0.01283715  0.63845612
   0.78494264  0.29930446  0.80386429
  -0.00582106  0.00949127  0.75081701
   0.53051482  0.53641733  0.53758134
   0.55961504  0.47577433  0.64590274
   0.62518404  0.55916749  0.94731252
   0.32057938  0.31422575  0.59354074
   0.52452653  0.48623378  0.86170988
   0.29553071  0.18824748  0.69793849
   0.50124641  0.49883803  0.74883830
   0.02908727  0.96068267  0.96208819
   0.06327674  0.02209511  0.85377176
   0.62518404  0.05916745  0.44731258
   0.32057938  0.81422575  0.09354076
   0.52452653  0.98623375  0.36170985
   0.29553071  0.68824748  0.19793845
   0.50124641  0.99883803  0.24883827
   0.02908727  0.46068270  0.46208819
   0.06327674  0.52209513  0.35377182
   0.33485596  0.16638875  0.50000035
   0.33485596  0.66638881  1.00000038
   0.83597827  0.83078389  0.49999774
   0.83597827  0.33078395 -0.00000226
   0.28159705  0.24136708  0.34479491
   0.28159705  0.74136708  0.84479494
   0.28162558  0.24111655  0.65519281
   0.28162558  0.74111655  0.15519281
