   0.25506407  0.23906983  0.10756506
   0.23443226  0.28812579  0.21959963
   0.25506407  0.73906983  0.60756508
   0.23443226  0.78812582  0.71959958
   0.74913533  0.75617911  0.89272910
   0.73121307  0.73700967  0.78028685
   0.74913533  0.25617911  0.39272913
   0.73121307  0.23700968  0.28028679
   0.74915991  0.75597389  0.10726361
   0.73114008  0.73714422  0.21971159
   0.74915991  0.25597392  0.60726363
   0.73114008  0.23714420  0.71971162
   0.25502616  0.23925995  0.89243511
   0.23438353  0.28802511  0.78040482
   0.25502616  0.73925998  0.39243514
   0.23438353  0.78802508  0.28040485
   0.25936908  0.24302996 -0.00000237
   0.25936908  0.74302996  0.49999763
   0.75955927  0.75625689  0.99999983
   0.75955927  0.25625689  0.49999977
   0.78704499  0.75339819  0.34663073
   0.78704499  0.25339819  0.84663073
   0.78708893  0.75307719  0.65338093
   0.78708893  0.25307720  0.15338095
   0.80395696  0.75320157  0.45059961
   0.80395696  0.25320157  0.95059958
   0.30349251  0.24495550  0.54921612
   0.30349251  0.74495549  0.04921611
   0.30349505  0.24510612  0.45078539
   0.30349505  0.74510612  0.95078539
   0.80395919  0.75304343  0.54939442
   0.80395919  0.25304343  0.04939441
   0.61998654  0.55725787  0.05260120
   0.31979667  0.31525030  0.40628644
   0.52388618  0.48201002  0.13807468
   0.29625917  0.18684708  0.30213803
   0.50301007  0.49818704  0.25116028
   0.02567354  0.96109003  0.03795612
   0.07356297  0.02966832  0.14683760
   0.61998654  0.05725788  0.55260118
   0.31979667  0.81525030  0.90628644
   0.52388618  0.98201005  0.63807466
   0.29625917  0.68684705  0.80213803
   0.50301007  0.99818707  0.75116031
   0.02567354  0.46109006  0.53795611
   0.07356297  0.52966837  0.64683763
   0.12009130  0.43923110  0.94728842
   0.81500015  0.68641542  0.59452666
   0.02399478  0.51708103  0.86178963
   0.78599380  0.80015526  0.69608200
  -0.00407010  0.50861294  0.74917232
   0.52705573  0.03661514  0.96235154
   0.56968215  0.96877995  0.85348594
   0.12009130  0.93923113  0.44728839
   0.81500015  0.18641542  0.09452668
   0.02399478  0.01708106  0.36178963
   0.78599380  0.30015526  0.19608200
  -0.00407010  0.00861297  0.24917234
   0.52705573  0.53661517  0.46235151
   0.56968215  0.46878001  0.35348597
   0.12008740  0.43905792  0.05271273
   0.81493601  0.68667161  0.40547513
   0.02406343  0.51679008  0.13820253
   0.78604268  0.80034441  0.30392296
  -0.00404603  0.50862508  0.25082325
   0.52707069  0.03647789  0.03765396
   0.56980741  0.96836456  0.14650735
   0.12008740  0.93905789  0.55271277
   0.81493601  0.18667163  0.90547516
   0.02406343  0.01679005  0.63820250
   0.78604268  0.30034444  0.80392293
  -0.00404603  0.00862509  0.75082325
   0.52707069  0.53647790  0.53765393
   0.56980741  0.46836456  0.64650738
   0.62000449  0.55746053  0.94740407
   0.31978035  0.31498909  0.59371847
   0.52389164  0.48235518  0.86192129
   0.29637654  0.18684300  0.69785359
   0.50302593  0.49817699  0.74884204
   0.02567922  0.96122672  0.96204770
   0.07345954  0.02995800  0.85317134
   0.62000449  0.05746049  0.44740413
   0.31978035  0.81498909  0.09371849
   0.52389164  0.98235515  0.36192126
   0.29637654  0.68684300  0.19785354
   0.50302593  0.99817699  0.24884201
   0.02567922  0.46122675  0.46204770
   0.07345954  0.52995802  0.35317140
   0.33166529  0.16743906  0.50000371
   0.33166529  0.66743912  1.00000374
   0.83281341  0.83038226  0.50000125
   0.83281341  0.33038232  0.00000125
   0.28391845  0.24254108  0.34483284
   0.28391845  0.74254108  0.84483287
   0.28397987  0.24223841  0.65515443
   0.28397987  0.74223841  0.15515443
