   0.25672838  0.24905557  0.10721387
   0.23807283  0.28271508  0.21969230
   0.25672838  0.74905557  0.60721389
   0.23807283  0.78271511  0.71969225
   0.75197057  0.74987959  0.89282839
   0.73496657  0.73152973  0.78032593
   0.75197057  0.24987959  0.39282842
   0.73496657  0.23152974  0.28032587
   0.75231130  0.74909231  0.10731117
   0.73355655  0.73174872  0.21954950
   0.75231130  0.24909234  0.60731119
   0.73355655  0.23174870  0.71954953
   0.25720372  0.24966182  0.89264913
   0.23709586  0.28254876  0.78035125
   0.25720372  0.74966185  0.39264916
   0.23709586  0.78254873  0.28035128
   0.24638112  0.24637627  0.00051174
   0.24638112  0.74637627  0.50051174
   0.74606891  0.75440820  0.99948116
   0.74606891  0.25440820  0.49948110
   0.79688745  0.75037108  0.34656085
   0.79688745  0.25037108  0.84656085
   0.79673769  0.74937215  0.65362723
   0.79673769  0.24937217  0.15362725
   0.79369388  0.75175465  0.44984253
   0.79369388  0.25175465  0.94984250
   0.29321815  0.24856729  0.55010024
   0.29321815  0.74856728  0.05010023
   0.29239271  0.24810528  0.44989851
   0.29239271  0.74810528  0.94989851
   0.79284104  0.75219170  0.55011605
   0.79284104  0.25219170  0.05011605
   0.60400544  0.55317905  0.05337732
   0.31689109  0.31804745  0.40509970
   0.52796416  0.47345130  0.13780204
   0.29637846  0.18166795  0.30223678
   0.50522419  0.49489596  0.25132385
   0.01323328  0.96190554  0.03831489
   0.10274627  0.05091319  0.14909110
   0.60400544  0.05317906  0.55337730
   0.31689109  0.81804745  0.90509970
   0.52796416  0.97345133  0.63780203
   0.29637846  0.68166792  0.80223678
   0.50522419  0.99489598  0.75132388
   0.01323328  0.46190557  0.53831488
   0.10274627  0.55091325  0.64909113
   0.10371664  0.44585769  0.94664238
   0.81508250  0.68360883  0.59549955
   0.02688850  0.52569767  0.86226354
   0.78964772  0.80645050  0.69628880
  -0.00105641  0.50454009  0.74886797
   0.51405609  0.03820246  0.96183507
   0.60021638  0.95061922  0.85098727
   0.10371664  0.94585772  0.44664235
   0.81508250  0.18360883  0.09549957
   0.02688850  0.02569769  0.36226354
   0.78964772  0.30645050  0.19628880
  -0.00105641  0.00454012  0.24886798
   0.51405609  0.53820248  0.46183504
   0.60021638  0.45061928  0.35098730
   0.10493430  0.44475842  0.05292357
   0.81420137  0.68427670  0.40445977
   0.02684476  0.52429555  0.13778178
   0.79076333  0.80733350  0.30367189
  -0.00104678  0.50462614  0.25105565
   0.51261545  0.04001100  0.03858416
   0.60106089  0.94871019  0.14923171
   0.10493430  0.94475839  0.55292361
   0.81420137  0.18427672  0.90445980
   0.02684476  0.02429553  0.63778175
   0.79076333  0.30733352  0.80367186
  -0.00104678  0.00462615  0.75105565
   0.51261545  0.54001101  0.53858413
   0.60106089  0.44871019  0.64923174
   0.60487222  0.55402835  0.94708661
   0.31592218  0.31731260  0.59504258
   0.52804589  0.47517007  0.86214641
   0.29823819  0.18128483  0.69763560
   0.50510505  0.49483685  0.74870080
   0.01184183  0.96027967  0.96132425
   0.10312711  0.05235973  0.85072945
   0.60487222  0.05402830  0.44708667
   0.31592218  0.81731260  0.09504259
   0.52804589  0.97517004  0.36214638
   0.29823819  0.68128483  0.19763555
   0.50510505  0.99483685  0.24870077
   0.01184183  0.46027970  0.46132425
   0.10312711  0.55235975  0.35072951
   0.32141756  0.16864960  0.50006165
   0.32141756  0.66864966  1.00006168
   0.82129089  0.83126100  0.49997550
   0.82129089  0.33126106 -0.00002450
   0.29280873  0.24767967  0.34480622
   0.29280873  0.74767967  0.84480625
   0.29283568  0.24671083  0.65509222
   0.29283568  0.74671083  0.15509222
