   0.25465330  0.24281112  0.10728695
   0.23684588  0.28675647  0.21958465
   0.25465330  0.74281112  0.60728697
   0.23684588  0.78675650  0.71958461
   0.74886661  0.75339970  0.89292347
   0.73375946  0.73586314  0.78029525
   0.74886661  0.25339970  0.39292350
   0.73375946  0.23586315  0.28029519
   0.74898466  0.75293890  0.10706930
   0.73346688  0.73594403  0.21967974
   0.74898466  0.25293893  0.60706932
   0.73346688  0.23594401  0.71967977
   0.25466198  0.24326719  0.89271139
   0.23669561  0.28671135  0.78041753
   0.25466198  0.74326722  0.39271142
   0.23669561  0.78671132  0.28041756
   0.25488489  0.24475694  0.00000686
   0.25488489  0.74475694  0.50000686
   0.75500178  0.75555410  1.00000077
   0.75500178  0.25555410  0.50000071
   0.79016407  0.75206482  0.34663231
   0.79016407  0.25206482  0.84663231
   0.79017294  0.75154708  0.65337735
   0.79017294  0.25154709  0.15337736
   0.79999986  0.75276402  0.45049751
   0.79999986  0.25276402  0.95049748
   0.29953975  0.24635591  0.54935413
   0.29953975  0.74635589  0.04935412
   0.29955219  0.24657881  0.45065835
   0.29955219  0.74657881  0.95065835
   0.79999573  0.75253615  0.54950720
   0.79999573  0.25253615  0.04950720
   0.61384245  0.55538737  0.05254122
   0.31885619  0.31639318  0.40606904
   0.52415203  0.47833717  0.13790338
   0.29708106  0.18555840  0.30219651
   0.50501103  0.49722268  0.25116563
   0.02158640  0.96183046  0.03802717
   0.08415272  0.03739382  0.14745894
   0.61384245  0.05538738  0.55254120
   0.31885619  0.81639318  0.90606904
   0.52415203  0.97833720  0.63790336
   0.29708106  0.68555837  0.80219651
   0.50501103  0.99722271  0.75116566
   0.02158640  0.46183049  0.53802717
   0.08415272  0.53739387  0.64745897
   0.11400909  0.44194889  0.94735490
   0.81456183  0.68572802  0.59472097
   0.02394810  0.52073002  0.86200788
   0.78739839  0.80063335  0.69603185
  -0.00201040  0.50734745  0.74913857
   0.52291940  0.03686559  0.96227600
   0.58048003  0.96144078  0.85279186
   0.11400909  0.94194892  0.44735487
   0.81456183  0.18572802  0.09472098
   0.02394810  0.02073004  0.36200788
   0.78739839  0.30063335  0.19603185
  -0.00201040  0.00734748  0.24913858
   0.52291940  0.53686561  0.46227597
   0.58048003  0.46144084  0.35279189
   0.11398902  0.44171495  0.05264642
   0.81435971  0.68614721  0.40528291
   0.02399617  0.52023265  0.13799750
   0.78771674  0.80098522  0.30396773
  -0.00198620  0.50735384  0.25084353
   0.52290273  0.03668942  0.03774538
   0.58062469  0.96086041  0.14719091
   0.11398902  0.94171492  0.55264646
   0.81435971  0.18614723  0.90528294
   0.02399617  0.02023262  0.63799747
   0.78771674  0.30098524  0.80396770
  -0.00198620  0.00735385  0.75084353
   0.52290273  0.53668943  0.53774535
   0.58062469  0.46086041  0.64719094
   0.61389402  0.55567989  0.94747750
   0.31870694  0.31595024  0.59394560
   0.52411004  0.47889039  0.86208070
   0.29756720  0.18546510  0.69778629
   0.50502575  0.49722720  0.74883486
   0.02158147  0.96199752  0.96197596
   0.08408068  0.03785961  0.85256308
   0.61389402  0.05567984  0.44747756
   0.31870694  0.81595024  0.09394562
   0.52411004  0.97889036  0.36208067
   0.29756720  0.68546510  0.19778624
   0.50502575  0.99722720  0.24883483
   0.02158147  0.46199755  0.46197596
   0.08408068  0.53785963  0.35256314
   0.32769758  0.16874677  0.50000586
   0.32769758  0.66874683  1.00000589
   0.82883746  0.83008342  0.50000336
   0.82883746  0.33008348  0.00000336
   0.28677848  0.24396437  0.34483233
   0.28677848  0.74396437  0.84483236
   0.28688328  0.24348473  0.65513334
   0.28688328  0.74348473  0.15513334
