   0.25471529  0.24388273  0.10722454
   0.23736818  0.28620616  0.21958946
   0.25471529  0.74388273  0.60722455
   0.23736818  0.78620619  0.71958942
   0.74892698  0.75264599  0.89296726
   0.73431391  0.73545073  0.78029914
   0.74892698  0.25264599  0.39296728
   0.73431391  0.23545075  0.28029908
   0.74910297  0.75205471  0.10702780
   0.73393363  0.73551518  0.21966848
   0.74910297  0.25205474  0.60702782
   0.73393363  0.23551516  0.71966851
   0.25476695  0.24447486  0.89277018
   0.23718097  0.28618062  0.78041336
   0.25476695  0.74447489  0.39277021
   0.23718097  0.78618059  0.28041339
   0.25350245  0.24529656  0.00000995
   0.25350245  0.74529656  0.50000995
   0.75359700  0.75534251  1.00000061
   0.75359700  0.25534251  0.50000055
   0.79121986  0.75170294  0.34661970
   0.79121986  0.25170294  0.84661970
   0.79121073  0.75108907  0.65338967
   0.79121073  0.25108909  0.15338969
   0.79881113  0.75262318  0.45045322
   0.79881113  0.25262318  0.95045319
   0.29835068  0.24679191  0.54940780
   0.29835068  0.74679190  0.04940779
   0.29836288  0.24703323  0.45060883
   0.29836288  0.74703323  0.95060883
   0.79881032  0.75237491  0.54955345
   0.79881032  0.25237491  0.04955344
   0.61196112  0.55482104  0.05254058
   0.31860328  0.31678056  0.40598765
   0.52444324  0.47736509  0.13787235
   0.29728518  0.18525051  0.30219628
   0.50544196  0.49689615  0.25117314
   0.02031466  0.96204597  0.03805594
   0.08733761  0.03963903  0.14766108
   0.61196112  0.05482104  0.55254056
   0.31860328  0.81678056  0.90598765
   0.52444324  0.97736512  0.63787233
   0.29728518  0.68525048  0.80219628
   0.50544196  0.99689618  0.75117317
   0.02031466  0.46204600  0.53805593
   0.08733761  0.53963908  0.64766111
   0.11214888  0.44275994  0.94736436
   0.81447192  0.68550352  0.59479600
   0.02413462  0.52175272  0.86205467
   0.78783088  0.80069722  0.69603557
  -0.00153821  0.50691708  0.74912156
   0.52164076  0.03694980  0.96224749
   0.58372945  0.95940291  0.85257096
   0.11214888  0.94275997  0.44736433
   0.81447192  0.18550352  0.09479602
   0.02413462  0.02175274  0.36205467
   0.78783088  0.30069722  0.19603557
  -0.00153821  0.00691711  0.24912157
   0.52164076  0.53694983  0.46224746
   0.58372945  0.45940297  0.35257099
   0.11211810  0.44252456  0.05263618
   0.81415000  0.68599057  0.40520770
   0.02417778  0.52117261  0.13795612
   0.78825490  0.80113155  0.30396529
  -0.00151285  0.50692319  0.25085536
   0.52160923  0.03677750  0.03778540
   0.58386222  0.95873948  0.14740416
   0.11211810  0.94252453  0.55263622
   0.81415000  0.18599058  0.90520773
   0.02417778  0.02117258  0.63795609
   0.78825490  0.30113158  0.80396526
  -0.00151285  0.00692320  0.75085536
   0.52160923  0.53677750  0.53778538
   0.58386222  0.45873948  0.64740419
   0.61202248  0.55513896  0.94748740
   0.31834884  0.31626468  0.59403240
   0.52438519  0.47800438  0.86210320
   0.29792826  0.18510190  0.69778019
   0.50545728  0.49690423  0.74882655
   0.02028586  0.96219953  0.96194400
   0.08727179  0.04019731  0.85236537
   0.61202248  0.05513892  0.44748746
   0.31834884  0.81626468  0.09403241
   0.52438519  0.97800435  0.36210317
   0.29792826  0.68510190  0.19778015
   0.50545728  0.99690423  0.24882652
   0.02028586  0.46219956  0.46194400
   0.08727179  0.54019733  0.35236543
   0.32648454  0.16913903  0.50000793
   0.32648454  0.66913909  1.00000796
   0.82759855  0.82999373  0.50000474
   0.82759855  0.32999379  0.00000474
   0.28772625  0.24445950  0.34481683
   0.28772625  0.74445950  0.84481686
   0.28785197  0.24389026  0.65514002
   0.28785197  0.74389026  0.15514002
