   0.25593868  0.23597979  0.10782140
   0.23252991  0.28883446  0.21961849
   0.25593868  0.73597979  0.60782142
   0.23252991  0.78883449  0.71961844
   0.74986768  0.75872101  0.89254038
   0.72922235  0.73772979  0.78028139
   0.74986768  0.25872101  0.39254041
   0.72922235  0.23772980  0.28028133
   0.74987777  0.75859328  0.10745616
   0.72920496  0.73788117  0.21972362
   0.74987777  0.25859331  0.60745618
   0.72920496  0.23788116  0.71972365
   0.25589351  0.23611765  0.89218169
   0.23250360  0.28871195  0.78038564
   0.25589351  0.73611768  0.39218172
   0.23250360  0.78871192  0.28038567
   0.26264035  0.24178604 -0.00000186
   0.26264035  0.74178604  0.49999814
   0.76289862  0.75692939  1.00000167
   0.76289862  0.25692939  0.50000161
   0.78484781  0.75450833  0.34661141
   0.78484781  0.25450833  0.84661141
   0.78488244  0.75424397  0.65339742
   0.78488244  0.25424398  0.15339743
   0.80689351  0.75367611  0.45065605
   0.80689351  0.25367611  0.95065602
   0.30646366  0.24393412  0.54914250
   0.30646366  0.74393410  0.04914248
   0.30645780  0.24406491  0.45086073
   0.30645780  0.74406491  0.95086073
   0.80690635  0.75354819  0.54933944
   0.80690635  0.25354819  0.04933944
   0.62456370  0.55878167  0.05267512
   0.32048458  0.31452096  0.40644156
   0.52442851  0.48544004  0.13826292
   0.29562834  0.18804937  0.30207115
   0.50143416  0.49877092  0.25116695
   0.02867687  0.96062074  0.03791459
   0.06458238  0.02284865  0.14630937
   0.62456370  0.05878168  0.55267510
   0.32048458  0.81452096  0.90644156
   0.52442851  0.98544007  0.63826291
   0.29562834  0.68804934  0.80207115
   0.50143416  0.99877094  0.75116698
   0.02867687  0.46062077  0.53791458
   0.06458238  0.52284870  0.64630940
   0.12456937  0.43729578  0.94720708
   0.81495866  0.68696079  0.59439128
   0.02479957  0.51362864  0.86157341
   0.78506316  0.79926726  0.69612650
  -0.00564225  0.50937936  0.74918472
   0.53009115  0.03653273  0.96240760
   0.56081323  0.97516598  0.85402263
   0.12456937  0.93729581  0.44720705
   0.81495866  0.18696079  0.09439129
   0.02479957  0.01362866  0.36157341
   0.78506316  0.29926726  0.19612650
  -0.00564225  0.00937939  0.24918473
   0.53009115  0.53653275  0.46240757
   0.56081323  0.47516604  0.35402266
   0.12458424  0.43713114  0.05279005
   0.81492007  0.68716527  0.40560677
   0.02484862  0.51336109  0.13842148
   0.78506353  0.79946447  0.30387358
  -0.00561945  0.50939300  0.25081669
   0.53011158  0.03641550  0.03759106
   0.56089467  0.97486675  0.14597266
   0.12458424  0.93713111  0.55279009
   0.81492007  0.18716529  0.90560680
   0.02484862  0.01336106  0.63842145
   0.78506353  0.29946450  0.80387355
  -0.00561945  0.00939300  0.75081669
   0.53011158  0.53641550  0.53759104
   0.56089467  0.47486675  0.64597269
   0.62455873  0.55894241  0.94732334
   0.32048656  0.31431356  0.59355845
   0.52442941  0.48572774  0.86174084
   0.29564440  0.18806863  0.69792817
   0.50144685  0.49875865  0.74883875
   0.02868311  0.96073981  0.96208383
   0.06455394  0.02310478  0.85369606
   0.62455873  0.05894237  0.44732340
   0.32048656  0.81431356  0.09355846
   0.52442941  0.98572771  0.36174081
   0.29564440  0.68806863  0.19792812
   0.50144685  0.99875865  0.24883872
   0.02868311  0.46073984  0.46208383
   0.06455394  0.52310480  0.35369611
   0.33448502  0.16650756  0.50000066
   0.33448502  0.66650762  1.00000069
   0.83560578  0.83072617  0.49999820
   0.83560578  0.33072623 -0.00000180
   0.28189414  0.24152042  0.34480116
   0.28189414  0.74152042  0.84480118
   0.28192805  0.24126981  0.65518719
   0.28192805  0.74126981  0.15518719
