   0.25508092  0.23900959  0.10756787
   0.23439479  0.28812398  0.21959233
   0.25508092  0.73900959  0.60756789
   0.23439479  0.78812401  0.71959229
   0.74914906  0.75622663  0.89272714
   0.73118291  0.73702935  0.78029035
   0.74914906  0.25622663  0.39272717
   0.73118291  0.23702937  0.28029029
   0.74917017  0.75602378  0.10726500
   0.73111670  0.73715622  0.21970411
   0.74917017  0.25602381  0.60726503
   0.73111670  0.23715621  0.71970414
   0.25504541  0.23920200  0.89243183
   0.23434982  0.28802446  0.78040794
   0.25504541  0.73920203  0.39243186
   0.23434982  0.78802443  0.28040797
   0.25944008  0.24299583 -0.00000014
   0.25944008  0.74299583  0.49999986
   0.75962954  0.75627829  1.00000206
   0.75962954  0.25627829  0.50000200
   0.78699952  0.75342746  0.34661956
   0.78699952  0.25342746  0.84661956
   0.78704337  0.75310945  0.65339083
   0.78704337  0.25310947  0.15339084
   0.80401937  0.75319466  0.45059485
   0.80401937  0.25319466  0.95059482
   0.30356161  0.24494589  0.54923010
   0.30356161  0.74494587  0.04923009
   0.30356186  0.24509962  0.45077952
   0.30356186  0.74509962  0.95077952
   0.80402523  0.75304571  0.54940598
   0.80402523  0.25304571  0.04940598
   0.62008535  0.55728853  0.05260265
   0.31980354  0.31522526  0.40628741
   0.52389011  0.48207090  0.13807910
   0.29624352  0.18688244  0.30213882
   0.50297341  0.49820442  0.25116327
   0.02572309  0.96107519  0.03795340
   0.07338151  0.02954142  0.14682857
   0.62008535  0.05728854  0.55260263
   0.31980354  0.81522526  0.90628741
   0.52389011  0.98207093  0.63807909
   0.29624352  0.68688241  0.80213882
   0.50297341  0.99820445  0.75116330
   0.02572309  0.46107522  0.53795339
   0.07338151  0.52954147  0.64682860
   0.12018994  0.43917773  0.94728624
   0.81500042  0.68643715  0.59452150
   0.02402804  0.51704861  0.86178579
   0.78596693  0.80012792  0.69607927
  -0.00410672  0.50862656  0.74917301
   0.52710886  0.03661531  0.96235379
   0.56947340  0.96887225  0.85349663
   0.12018994  0.93917776  0.44728621
   0.81500042  0.18643715  0.09452151
   0.02402804  0.01704863  0.36178579
   0.78596693  0.30012792  0.19607927
  -0.00410672  0.00862659  0.24917303
   0.52710886  0.53661533  0.46235376
   0.56947340  0.46887231  0.35349666
   0.12018193  0.43901225  0.05271419
   0.81493673  0.68668496  0.40547610
   0.02406833  0.51673010  0.13820743
   0.78601270  0.80032076  0.30392445
  -0.00408490  0.50865178  0.25082658
   0.52712278  0.03648035  0.03765079
   0.56963353  0.96849644  0.14649798
   0.12018193  0.93901222  0.55271423
   0.81493673  0.18668497  0.90547613
   0.02406833  0.01673007  0.63820740
   0.78601270  0.30032079  0.80392442
  -0.00408490  0.00865179  0.75082658
   0.52712278  0.53648036  0.53765077
   0.56963353  0.46849644  0.64649801
   0.62010523  0.55749917  0.94740180
   0.31978759  0.31495999  0.59371021
   0.52386433  0.48244478  0.86191834
   0.29636018  0.18686738  0.69786036
   0.50298409  0.49818963  0.74884288
   0.02573202  0.96121068  0.96204966
   0.07331219  0.02979718  0.85318102
   0.62010523  0.05749913  0.44740186
   0.31978759  0.81495999  0.09371023
   0.52386433  0.98244475  0.36191831
   0.29636018  0.68686738  0.19786031
   0.50298409  0.99818963  0.24884285
   0.02573202  0.46121071  0.46204966
   0.07331219  0.52979720  0.35318108
   0.33171447  0.16741581  0.50000155
   0.33171447  0.66741587  1.00000158
   0.83286165  0.83039044  0.49999942
   0.83286165  0.33039050 -0.00000058
   0.28390535  0.24252604  0.34482715
   0.28390535  0.74252604  0.84482718
   0.28396973  0.24223546  0.65515123
   0.28396973  0.74223546  0.15515123
