   0.25548209  0.23740528  0.10770605
   0.23336355  0.28853946  0.21960811
   0.25548209  0.73740528  0.60770607
   0.23336355  0.78853949  0.71960807
   0.74947917  0.75754144  0.89262750
   0.73009379  0.73739502  0.78028398
   0.74947917  0.25754144  0.39262752
   0.73009379  0.23739503  0.28028392
   0.74949841  0.75738585  0.10736688
   0.73005245  0.73754181  0.21971762
   0.74949841  0.25738588  0.60736690
   0.73005245  0.23754180  0.71971765
   0.25543772  0.23755262  0.89229549
   0.23332795  0.28841761  0.78039413
   0.25543772  0.73755265  0.39229552
   0.23332795  0.78841758  0.28039416
   0.26116246  0.24233095 -0.00000069
   0.26116246  0.74233095  0.49999931
   0.76138559  0.75661466  1.00000237
   0.76138559  0.25661466  0.50000231
   0.78582779  0.75402626  0.34661371
   0.78582779  0.25402626  0.84661371
   0.78587161  0.75373803  0.65339233
   0.78587161  0.25373804  0.15339234
   0.80558697  0.75343947  0.45063059
   0.80558697  0.25343947  0.95063056
   0.30513648  0.24438821  0.54917884
   0.30513648  0.74438819  0.04917883
   0.30513345  0.24452395  0.45082577
   0.30513345  0.74452395  0.95082577
   0.80559639  0.75330133  0.54936723
   0.80559639  0.25330133  0.04936722
   0.62250717  0.55807425  0.05264125
   0.32019056  0.31484113  0.40637347
   0.52411515  0.48383423  0.13817538
   0.29594167  0.18748234  0.30210540
   0.50212545  0.49850498  0.25116334
   0.02732808  0.96080369  0.03793016
   0.06872751  0.02604865  0.14655740
   0.62250717  0.05807426  0.55264122
   0.32019056  0.81484113  0.90637347
   0.52411515  0.98383426  0.63817537
   0.29594167  0.68748232  0.80210540
   0.50212545  0.99850501  0.75116337
   0.02732808  0.46080372  0.53793015
   0.06872751  0.52604870  0.64655743
   0.12257096  0.43814631  0.94724534
   0.81506479  0.68671272  0.59444896
   0.02436586  0.51529900  0.86167303
   0.78545360  0.79970824  0.69610956
  -0.00495573  0.50904286  0.74918042
   0.52873617  0.03655760  0.96238242
   0.56487001  0.97220904  0.85378392
   0.12257096  0.93814634  0.44724531
   0.81506479  0.18671272  0.09444898
   0.02436586  0.01529902  0.36167303
   0.78545360  0.29970824  0.19610956
  -0.00495573  0.00904289  0.24918043
   0.52873617  0.53655762  0.46238239
   0.56487001  0.47220910  0.35378395
   0.12257672  0.43798183  0.05275266
   0.81501630  0.68693354  0.40554924
   0.02440698  0.51501782  0.13832077
   0.78546386  0.79989203  0.30389788
  -0.00493197  0.50905694  0.25081891
   0.52875142  0.03643248  0.03761800
   0.56499581  0.97188331  0.14621317
   0.12257672  0.93798180  0.55275270
   0.81501630  0.18693356  0.90554927
   0.02440698  0.01501779  0.63832074
   0.78546386  0.29989206  0.80389785
  -0.00493197  0.00905695  0.75081891
   0.52875142  0.53643249  0.53761798
   0.56499581  0.47188331  0.64621320
   0.62251473  0.55824804  0.94735916
   0.32018470  0.31461351  0.59362842
   0.52410259  0.48415836  0.86182644
   0.29599131  0.18748697  0.69789079
   0.50213902  0.49849434  0.74884087
   0.02733704  0.96092678  0.96206963
   0.06867564  0.02628703  0.85345147
   0.62251473  0.05824800  0.44735922
   0.32018470  0.81461351  0.09362844
   0.52410259  0.98415833  0.36182641
   0.29599131  0.68748697  0.19789075
   0.50213902  0.99849434  0.24884084
   0.02733704  0.46092681  0.46206963
   0.06867564  0.52628705  0.35345152
   0.33324400  0.16690102  0.50000074
   0.33324400  0.66690108  1.00000077
   0.83437523  0.83056389  0.49999826
   0.83437523  0.33056395 -0.00000174
   0.28281826  0.24198964  0.34481293
   0.28281826  0.74198964  0.84481296
   0.28286094  0.24172532  0.65517061
   0.28286094  0.74172532  0.15517061
