   0.25695396  0.24960218  0.10723069
   0.23796223  0.28186302  0.21968682
   0.25695396  0.74960218  0.60723070
   0.23796223  0.78186305  0.71968678
   0.75262470  0.74954659  0.89276190
   0.73514129  0.73031761  0.78037369
   0.75262470  0.24954659  0.39276192
   0.73514129  0.23031762  0.28037363
   0.75276236  0.74909006  0.10740392
   0.73343354  0.73084813  0.21947445
   0.75276236  0.24909009  0.60740394
   0.73343354  0.23084811  0.71947448
   0.25727695  0.24995166  0.89257511
   0.23657483  0.28139672  0.78037505
   0.25727695  0.74995169  0.39257514
   0.23657483  0.78139669  0.28037508
   0.24560367  0.24576434  0.00073398
   0.24560367  0.74576434  0.50073398
   0.74499594  0.75493087  0.99933543
   0.74499594  0.25493087  0.49933537
   0.79689938  0.75077600  0.34609123
   0.79689938  0.25077600  0.84609123
   0.79684491  0.74972921  0.65389959
   0.79684491  0.24972922  0.15389961
   0.79304040  0.75194349  0.44983568
   0.79304040  0.25194349  0.94983565
   0.29309356  0.24819663  0.55034565
   0.29309356  0.74819661  0.05034564
   0.29186519  0.24794493  0.44980540
   0.29186519  0.74794493  0.94980540
   0.79201458  0.75282218  0.55029355
   0.79201458  0.25282218  0.05029355
   0.60368351  0.55314876  0.05374714
   0.31698746  0.31830810  0.40481862
   0.52847860  0.47290066  0.13769616
   0.29576295  0.18153561  0.30242523
   0.50480344  0.49471953  0.25133914
   0.01194199  0.96146647  0.03833538
   0.10399852  0.05237213  0.14935345
   0.60368351  0.05314877  0.55374712
   0.31698746  0.81830810  0.90481862
   0.52847860  0.97290069  0.63769615
   0.29576295  0.68153558  0.80242523
   0.50480344  0.99471956  0.75133917
   0.01194199  0.46146650  0.53833538
   0.10399852  0.55237218  0.64935348
   0.10284476  0.44574176  0.94624410
   0.81568415  0.68297033  0.59559617
   0.02703749  0.52587607  0.86241982
   0.79001149  0.80815288  0.69619707
  -0.00050170  0.50434552  0.74879631
   0.51300072  0.03895216  0.96172800
   0.60208430  0.94953600  0.85072340
   0.10284476  0.94574179  0.44624407
   0.81568415  0.18297033  0.09559619
   0.02703749  0.02587609  0.36241982
   0.79001149  0.30815288  0.19619707
  -0.00050170  0.00434555  0.24879633
   0.51300072  0.53895218  0.46172797
   0.60208430  0.44953606  0.35072343
   0.10484805  0.44398336  0.05307225
   0.81553801  0.68346277  0.40420408
   0.02698705  0.52425621  0.13766421
   0.79143749  0.80885306  0.30399837
  -0.00053644  0.50444389  0.25111083
   0.51077643  0.04141011  0.03879292
   0.60317319  0.94750892  0.14965257
   0.10484805  0.94398333  0.55307229
   0.81553801  0.18346279  0.90420411
   0.02698705  0.02425618  0.63766418
   0.79143749  0.30885309  0.80399834
  -0.00053644  0.00444390  0.75111083
   0.51077643  0.54141011  0.53879290
   0.60317319  0.44750892  0.64965260
   0.60517116  0.55459028  0.94688407
   0.31674360  0.31754945  0.59532349
   0.52853962  0.47493040  0.86229773
   0.29786182  0.18093336  0.69746802
   0.50467053  0.49461045  0.74868409
   0.01004304  0.95923258  0.96110244
   0.10456197  0.05405782  0.85039931
   0.60517116  0.05459024  0.44688413
   0.31674360  0.81754945  0.09532350
   0.52853962  0.97493037  0.36229770
   0.29786182  0.68093336  0.19746797
   0.50467053  0.99461045  0.24868406
   0.01004304  0.45923261  0.46110244
   0.10456197  0.55405784  0.35039937
   0.32081641  0.16740315  0.50004653
   0.32081641  0.66740321  1.00004656
   0.82053984  0.83246892  0.49990922
   0.82053984  0.33246898 -0.00009078
   0.29306633  0.24815977  0.34486110
   0.29306633  0.74815977  0.84486113
   0.29285643  0.24739572  0.65488654
   0.29285643  0.74739572  0.15488654
