   0.25482626  0.24464407  0.10718050
   0.23766297  0.28577273  0.21959123
   0.25482626  0.74464407  0.60718052
   0.23766297  0.78577276  0.71959118
   0.74901356  0.75212735  0.89299863
   0.73463278  0.73513236  0.78030715
   0.74901356  0.25212735  0.39299866
   0.73463278  0.23513237  0.28030709
   0.74924646  0.75141608  0.10699981
   0.73418788  0.73518994  0.21965578
   0.74924646  0.25141611  0.60699983
   0.73418788  0.23518992  0.71965581
   0.25494039  0.24534520  0.89280886
   0.23745204  0.28575537  0.78041365
   0.25494039  0.74534522  0.39280889
   0.23745204  0.78575534  0.28041368
   0.25253223  0.24568616  0.00001018
   0.25253223  0.74568616  0.50001018
   0.75261592  0.75518379  1.00000331
   0.75261592  0.25518379  0.50000325
   0.79203691  0.75144457  0.34662311
   0.79203691  0.25144457  0.84662311
   0.79200251  0.75075029  0.65338899
   0.79200251  0.25075030  0.15338901
   0.79795367  0.75251864  0.45041958
   0.79795367  0.25251864  0.95041955
   0.29748854  0.24710688  0.54944731
   0.29748854  0.74710687  0.04944730
   0.29750469  0.24735041  0.45057434
   0.29750469  0.74735041  0.95057434
   0.79795872  0.75226492  0.54958779
   0.79795872  0.25226492  0.04958778
   0.61056833  0.55440838  0.05254681
   0.31843921  0.31707716  0.40591830
   0.52468961  0.47667060  0.13785973
   0.29740998  0.18503662  0.30218223
   0.50568633  0.49663845  0.25118212
   0.01934863  0.96218419  0.03807896
   0.08975186  0.04132303  0.14782425
   0.61056833  0.05440839  0.55254679
   0.31843921  0.81707716  0.90591830
   0.52468961  0.97667063  0.63785971
   0.29740998  0.68503659  0.80218223
   0.50568633  0.99663848  0.75118215
   0.01934863  0.46218422  0.53807895
   0.08975186  0.54132308  0.64782428
   0.11078288  0.44334607  0.94736950
   0.81445689  0.68534435  0.59486460
   0.02432032  0.52252788  0.86207918
   0.78814442  0.80075132  0.69604747
  -0.00127091  0.50656790  0.74910659
   0.52066518  0.03702241  0.96222494
   0.58616826  0.95789266  0.85239472
   0.11078288  0.94334610  0.44736947
   0.81445689  0.18534435  0.09486462
   0.02432032  0.02252790  0.36207918
   0.78814442  0.30075132  0.19604747
  -0.00127091  0.00656793  0.24910661
   0.52066518  0.53702243  0.46222491
   0.58616826  0.45789272  0.35239475
   0.11073369  0.44313426  0.05263031
   0.81397791  0.68588841  0.40513912
   0.02434696  0.52187988  0.13793561
   0.78865217  0.80126290  0.30395070
  -0.00124433  0.50657843  0.25086953
   0.52061963  0.03687169  0.03782049
   0.58628140  0.95716525  0.14757161
   0.11073369  0.94313423  0.55263035
   0.81397791  0.18588842  0.90513915
   0.02434696  0.02187985  0.63793558
   0.78865217  0.30126293  0.80395067
  -0.00124433  0.00657843  0.75086953
   0.52061963  0.53687170  0.53782047
   0.58628140  0.45716525  0.64757164
   0.61063171  0.55473060  0.94749191
   0.31806217  0.31651512  0.59410749
   0.52462086  0.47738454  0.86210566
   0.29818112  0.18483978  0.69778516
   0.50570479  0.49664319  0.74881848
   0.01929197  0.96230439  0.96191635
   0.08970940  0.04195905  0.85220414
   0.61063171  0.05473055  0.44749197
   0.31806217  0.81651512  0.09410750
   0.52462086  0.97738451  0.36210563
   0.29818112  0.68483978  0.19778512
   0.50570479  0.99664319  0.24881845
   0.01929197  0.46230442  0.46191635
   0.08970940  0.54195907  0.35220420
   0.32555612  0.16943180  0.50001083
   0.32555612  0.66943186  1.00001086
   0.82663538  0.82991857  0.50000642
   0.82663538  0.32991863  0.00000642
   0.28844025  0.24482398  0.34479845
   0.28844025  0.74482398  0.84479848
   0.28858200  0.24418822  0.65514805
   0.28858200  0.74418822  0.15514805
