   0.25540577  0.23772099  0.10767949
   0.23356135  0.28845476  0.21960531
   0.25540577  0.73772099  0.60767950
   0.23356135  0.78845479  0.71960526
   0.74941750  0.75728433  0.89264659
   0.73030160  0.73733346  0.78028560
   0.74941750  0.25728433  0.39264662
   0.73030160  0.23733348  0.28028554
   0.74944281  0.75712099  0.10734682
   0.73025815  0.73747209  0.21971481
   0.74944281  0.25712101  0.60734684
   0.73025815  0.23747208  0.71971484
   0.25535634  0.23786993  0.89232090
   0.23353226  0.28833344  0.78039682
   0.25535634  0.73786996  0.39232093
   0.23353226  0.78833341  0.28039685
   0.26083714  0.24245758 -0.00000094
   0.26083714  0.74245758  0.49999906
   0.76105514  0.75654619  1.00000207
   0.76105514  0.25654619  0.50000201
   0.78604391  0.75390052  0.34662365
   0.78604391  0.25390052  0.84662365
   0.78609090  0.75362317  0.65339427
   0.78609090  0.25362318  0.15339429
   0.80529703  0.75338886  0.45062351
   0.80529703  0.25338886  0.95062348
   0.30484403  0.24449126  0.54918642
   0.30484403  0.74449125  0.04918641
   0.30484056  0.24462867  0.45081743
   0.30484056  0.74462867  0.95081743
   0.80530485  0.75324966  0.54937259
   0.80530485  0.25324966  0.04937258
   0.62204718  0.55792493  0.05263329
   0.32011142  0.31490511  0.40636049
   0.52406327  0.48349025  0.13815607
   0.29599866  0.18737109  0.30210904
   0.50228631  0.49845147  0.25116347
   0.02701580  0.96085303  0.03793517
   0.06962921  0.02672852  0.14660959
   0.62204718  0.05792493  0.55263327
   0.32011142  0.81490511  0.90636049
   0.52406327  0.98349028  0.63815606
   0.29599866  0.68737106  0.80210904
   0.50228631  0.99845150  0.75116350
   0.02701580  0.46085306  0.53793516
   0.06962921  0.52672857  0.64660962
   0.12212094  0.43833450  0.94725436
   0.81506230  0.68666736  0.59446381
   0.02428108  0.51563850  0.86169444
   0.78554615  0.79978658  0.69609695
  -0.00479326  0.50896140  0.74917949
   0.52842362  0.03656751  0.96237624
   0.56576462  0.97157670  0.85373028
   0.12212094  0.93833453  0.44725433
   0.81506230  0.18666736  0.09446383
   0.02428108  0.01563852  0.36169444
   0.78554615  0.29978658  0.19609695
  -0.00479326  0.00896143  0.24917951
   0.52842362  0.53656754  0.46237621
   0.56576462  0.47157676  0.35373031
   0.12212203  0.43816996  0.05274437
   0.81500947  0.68689564  0.40553871
   0.02433492  0.51536558  0.13829853
   0.78555652  0.79998496  0.30389596
  -0.00476773  0.50897907  0.25082050
   0.52843918  0.03644056  0.03762514
   0.56589103  0.97123190  0.14626631
   0.12212203  0.93816993  0.55274441
   0.81500947  0.18689566  0.90553874
   0.02433492  0.01536555  0.63829850
   0.78555652  0.29998499  0.80389593
  -0.00476773  0.00897907  0.75082050
   0.52843918  0.53644057  0.53762512
   0.56589103  0.47123190  0.64626634
   0.62205784  0.55810373  0.94736812
   0.32010739  0.31467768  0.59364370
   0.52405581  0.48381278  0.86184448
   0.29605884  0.18737638  0.69788527
   0.50230026  0.49843789  0.74884125
   0.02702464  0.96097649  0.96206552
   0.06955978  0.02697798  0.85339927
   0.62205784  0.05810369  0.44736818
   0.32010739  0.81467768  0.09364371
   0.52405581  0.98381275  0.36184445
   0.29605884  0.68737638  0.19788522
   0.50230026  0.99843789  0.24884122
   0.02702464  0.46097652  0.46206552
   0.06955978  0.52697801  0.35339933
   0.33294730  0.16700145  0.50000143
   0.33294730  0.66700151  1.00000146
   0.83408138  0.83052273  0.49999904
   0.83408138  0.33052279 -0.00000096
   0.28300887  0.24208855  0.34481621
   0.28300887  0.74208855  0.84481623
   0.28306548  0.24182363  0.65516807
   0.28306548  0.74182363  0.15516807
