   0.25591483  0.23608072  0.10780941
   0.23258831  0.28880460  0.21961368
   0.25591483  0.73608072  0.60780942
   0.23258831  0.78880463  0.71961364
   0.74985258  0.75864033  0.89254996
   0.72928404  0.73771425  0.78028607
   0.74985258  0.25864033  0.39254999
   0.72928404  0.23771426  0.28028601
   0.74986602  0.75851322  0.10744586
   0.72926449  0.73786539  0.21971915
   0.74986602  0.25851325  0.60744588
   0.72926449  0.23786538  0.71971918
   0.25587153  0.23621781  0.89219306
   0.23256442  0.28867953  0.78039095
   0.25587153  0.73621784  0.39219309
   0.23256442  0.78867950  0.28039098
   0.26255342  0.24181534 -0.00000138
   0.26255342  0.74181534  0.49999862
   0.76280936  0.75691422  1.00000213
   0.76280936  0.25691422  0.50000207
   0.78491570  0.75446880  0.34661849
   0.78491570  0.25446880  0.84661849
   0.78495346  0.75420329  0.65338988
   0.78495346  0.25420330  0.15338990
   0.80680988  0.75365273  0.45065507
   0.80680988  0.25365273  0.95065504
   0.30638005  0.24397119  0.54914519
   0.30638005  0.74397117  0.04914517
   0.30637302  0.24410339  0.45085888
   0.30637302  0.74410339  0.95085888
   0.80682250  0.75352386  0.54934144
   0.80682250  0.25352386  0.04934144
   0.62440297  0.55873555  0.05267283
   0.32045870  0.31454154  0.40643321
   0.52438436  0.48532514  0.13825604
   0.29565744  0.18800462  0.30207034
   0.50148025  0.49875137  0.25116605
   0.02856518  0.96063548  0.03791527
   0.06492040  0.02309388  0.14633058
   0.62440297  0.05873555  0.55267281
   0.32045870  0.81454154  0.90643321
   0.52438436  0.98532517  0.63825603
   0.29565744  0.68800459  0.80207034
   0.50148025  0.99875140  0.75116608
   0.02856518  0.46063551  0.53791527
   0.06492040  0.52309393  0.64633061
   0.12441680  0.43735306  0.94720949
   0.81497273  0.68694348  0.59439722
   0.02476791  0.51377574  0.86158130
   0.78508973  0.79931233  0.69613645
  -0.00559786  0.50935830  0.74918371
   0.52998086  0.03653321  0.96240558
   0.56111722  0.97492538  0.85400347
   0.12441680  0.93735309  0.44720946
   0.81497273  0.18694348  0.09439723
   0.02476791  0.01377576  0.36158130
   0.78508973  0.29931233  0.19613645
  -0.00559786  0.00935833  0.24918372
   0.52998086  0.53653323  0.46240555
   0.56111722  0.47492544  0.35400350
   0.12443165  0.43719063  0.05278734
   0.81493238  0.68715066  0.40559972
   0.02482057  0.51351460  0.13841345
   0.78508952  0.79950695  0.30386629
  -0.00557429  0.50936939  0.25081651
   0.52999685  0.03641384  0.03759272
   0.56120400  0.97462048  0.14599244
   0.12443165  0.93719060  0.55278738
   0.81493238  0.18715068  0.90559975
   0.02482057  0.01351458  0.63841342
   0.78508952  0.29950698  0.80386626
  -0.00557429  0.00936940  0.75081651
   0.52999685  0.53641385  0.53759269
   0.56120400  0.47462048  0.64599246
   0.62440223  0.55889450  0.94732544
   0.32045941  0.31433176  0.59356652
   0.52438618  0.48561442  0.86174766
   0.29567774  0.18801680  0.69793027
   0.50149494  0.49874013  0.74883808
   0.02857233  0.96075607  0.96208280
   0.06488274  0.02334862  0.85367559
   0.62440223  0.05889445  0.44732550
   0.32045941  0.81433176  0.09356653
   0.52438618  0.98561439  0.36174763
   0.29567774  0.68801680  0.19793022
   0.50149494  0.99874013  0.24883805
   0.02857233  0.46075610  0.46208280
   0.06488274  0.52334864  0.35367565
   0.33438220  0.16653848  0.50000024
   0.33438220  0.66653854  1.00000027
   0.83550402  0.83071195  0.49999750
   0.83550402  0.33071201 -0.00000250
   0.28193099  0.24153578  0.34480374
   0.28193099  0.74153578  0.84480377
   0.28196595  0.24128701  0.65518426
   0.28196595  0.74128701  0.15518426
