   0.25556307  0.23714014  0.10772692
   0.23320048  0.28859204  0.21960891
   0.25556307  0.73714014  0.60772693
   0.23320048  0.78859207  0.71960887
   0.74955376  0.75776046  0.89261211
   0.72992048  0.73746164  0.78028530
   0.74955376  0.25776046  0.39261213
   0.72992048  0.23746166  0.28028524
   0.74956698  0.75761126  0.10738224
   0.72988862  0.73760617  0.21971715
   0.74956698  0.25761129  0.60738226
   0.72988862  0.23760615  0.71971718
   0.25552166  0.23728541  0.89227444
   0.23317140  0.28847136  0.78039472
   0.25552166  0.73728544  0.39227447
   0.23317140  0.78847133  0.28039475
   0.26145099  0.24222482 -0.00000155
   0.26145099  0.74222482  0.49999845
   0.76168077  0.75667457  1.00000169
   0.76168077  0.25667457  0.50000163
   0.78564187  0.75411318  0.34661528
   0.78564187  0.25411318  0.84661528
   0.78568466  0.75383601  0.65339445
   0.78568466  0.25383602  0.15339446
   0.80583682  0.75347903  0.45063418
   0.80583682  0.25347903  0.95063415
   0.30538874  0.24430494  0.54917284
   0.30538874  0.74430492  0.04917283
   0.30538591  0.24443962  0.45083102
   0.30538591  0.74443962  0.95083102
   0.80584584  0.75334328  0.54936253
   0.80584584  0.25334328  0.04936252
   0.62289081  0.55820119  0.05264740
   0.32024615  0.31477817  0.40638817
   0.52416357  0.48412582  0.13819101
   0.29588806  0.18758444  0.30209863
   0.50199193  0.49855556  0.25116419
   0.02758467  0.96077258  0.03792674
   0.06796059  0.02546284  0.14651197
   0.62289081  0.05820120  0.55264738
   0.32024615  0.81477817  0.90638817
   0.52416357  0.98412585  0.63819099
   0.29588806  0.68758441  0.80209863
   0.50199193  0.99855558  0.75116422
   0.02758467  0.46077261  0.53792673
   0.06796059  0.52546289  0.64651200
   0.12294625  0.43798635  0.94723917
   0.81505881  0.68675917  0.59443753
   0.02443059  0.51499498  0.86165458
   0.78537695  0.79962779  0.69610818
  -0.00508880  0.50910742  0.74918152
   0.52899518  0.03654710  0.96238778
   0.56412263  0.97276989  0.85382836
   0.12294625  0.93798638  0.44723914
   0.81505881  0.18675917  0.09443755
   0.02443059  0.01499500  0.36165458
   0.78537695  0.29962779  0.19610818
  -0.00508880  0.00910745  0.24918154
   0.52899518  0.53654713  0.46238775
   0.56412263  0.47276995  0.35382839
   0.12295160  0.43782369  0.05275918
   0.81501079  0.68697835  0.40556098
   0.02447865  0.51472480  0.13833888
   0.78538099  0.79980875  0.30389494
  -0.00506392  0.50912293  0.25081846
   0.52901216  0.03642408  0.03761279
   0.56423805  0.97243884  0.14616783
   0.12295160  0.93782366  0.55275922
   0.81501079  0.18697836  0.90556101
   0.02447865  0.01472477  0.63833885
   0.78538099  0.29980878  0.80389491
  -0.00506392  0.00912294  0.75081846
   0.52901216  0.53642409  0.53761277
   0.56423805  0.47243884  0.64616785
   0.62289729  0.55837391  0.94735322
   0.32024325  0.31455655  0.59361370
   0.52415982  0.48443860  0.86181061
   0.29592926  0.18759174  0.69789725
   0.50200604  0.49854018  0.74884055
   0.02759241  0.96089475  0.96207324
   0.06790153  0.02570809  0.85349580
   0.62289729  0.05837387  0.44735328
   0.32024325  0.81455655  0.09361372
   0.52415982  0.98443857  0.36181058
   0.29592926  0.68759174  0.19789721
   0.50200604  0.99854018  0.24884052
   0.02759241  0.46089478  0.46207324
   0.06790153  0.52570811  0.35349586
   0.33347595  0.16682987  0.50000129
   0.33347595  0.66682993  1.00000131
   0.83460523  0.83058903  0.49999874
   0.83460523  0.33058909 -0.00000126
   0.28263254  0.24189835  0.34481226
   0.28263254  0.74189835  0.84481229
   0.28267860  0.24164010  0.65517268
   0.28267860  0.74164010  0.15517268
