   0.25529140  0.23813323  0.10764835
   0.23380961  0.28835749  0.21960348
   0.25529140  0.73813323  0.60764837
   0.23380961  0.78835752  0.71960343
   0.74933065  0.75694413  0.89266928
   0.73056559  0.73724150  0.78028673
   0.74933065  0.25694413  0.39266931
   0.73056559  0.23724151  0.28028667
   0.74935647  0.75677407  0.10732448
   0.73051763  0.73737886  0.21971387
   0.74935647  0.25677410  0.60732450
   0.73051763  0.23737885  0.71971390
   0.25524697  0.23829228  0.89235240
   0.23378049  0.28824109  0.78040009
   0.25524697  0.73829231  0.39235243
   0.23378049  0.78824106  0.28040012
   0.26039968  0.24263563 -0.00000108
   0.26039968  0.74263563  0.49999892
   0.76060853  0.75644628  1.00000176
   0.76060853  0.25644628  0.50000170
   0.78633746  0.75376660  0.34661475
   0.78633746  0.25376660  0.84661475
   0.78638753  0.75347279  0.65339290
   0.78638753  0.25347281  0.15339291
   0.80490922  0.75333456  0.45061457
   0.80490922  0.25333456  0.95061454
   0.30445202  0.24462178  0.54919939
   0.30445202  0.74462177  0.04919938
   0.30445056  0.24476204  0.45080534
   0.30445056  0.74476204  0.95080534
   0.80491529  0.75318970  0.54938333
   0.80491529  0.25318970  0.04938333
   0.62146239  0.55773248  0.05262405
   0.32001101  0.31499593  0.40634081
   0.52400499  0.48305499  0.13813325
   0.29606961  0.18722407  0.30211900
   0.50248785  0.49837885  0.25116206
   0.02662710  0.96091398  0.03794128
   0.07078293  0.02759300  0.14667669
   0.62146239  0.05773249  0.55262402
   0.32001101  0.81499593  0.90634081
   0.52400499  0.98305502  0.63813324
   0.29606961  0.68722404  0.80211900
   0.50248785  0.99837888  0.75116209
   0.02662710  0.46091401  0.53794128
   0.07078293  0.52759305  0.64667672
   0.12154708  0.43858055  0.94726424
   0.81505041  0.68659972  0.59447930
   0.02418839  0.51607316  0.86172130
   0.78566608  0.79989200  0.69609002
  -0.00459055  0.50886293  0.74917804
   0.52802739  0.03658039  0.96236883
   0.56691139  0.97076201  0.85366072
   0.12154708  0.93858058  0.44726421
   0.81505041  0.18659972  0.09447931
   0.02418839  0.01607318  0.36172130
   0.78566608  0.29989200  0.19609002
  -0.00459055  0.00886296  0.24917806
   0.52802739  0.53658042  0.46236880
   0.56691139  0.47076207  0.35366075
   0.12154457  0.43841851  0.05273513
   0.81499140  0.68683168  0.40552061
   0.02425114  0.51579737  0.13827213
   0.78567741  0.80007051  0.30391050
  -0.00456499  0.50887696  0.25082071
   0.52804308  0.03645041  0.03763367
   0.56703755  0.97040081  0.14633541
   0.12154457  0.93841848  0.55273517
   0.81499140  0.18683170  0.90552064
   0.02425114  0.01579734  0.63827210
   0.78567741  0.30007054  0.80391047
  -0.00456499  0.00887697  0.75082071
   0.52804308  0.53645042  0.53763364
   0.56703755  0.47040081  0.64633544
   0.62147788  0.55791988  0.94737839
   0.32000675  0.31475889  0.59366280
   0.52399940  0.48337929  0.86186676
   0.29614144  0.18722524  0.69787469
   0.50250341  0.49836485  0.74884189
   0.02663449  0.96104008  0.96206037
   0.07070309  0.02785526  0.85333250
   0.62147788  0.05791984  0.44737845
   0.32000675  0.81475889  0.09366282
   0.52399940  0.98337926  0.36186673
   0.29614144  0.68722524  0.19787465
   0.50250341  0.99836485  0.24884186
   0.02663449  0.46104011  0.46206037
   0.07070309  0.52785528  0.35333256
   0.33258126  0.16712521  0.50000210
   0.33258126  0.66712527  1.00000213
   0.83371889  0.83047743  0.49999961
   0.83371889  0.33047749 -0.00000039
   0.28329428  0.24222053  0.34481603
   0.28329428  0.74222053  0.84481606
   0.28335350  0.24195081  0.65516738
   0.28335350  0.74195081  0.15516738
