   0.25466360  0.24212944  0.10733241
   0.23645725  0.28705743  0.21958294
   0.25466360  0.74212944  0.60733243
   0.23645725  0.78705746  0.71958290
   0.74886727  0.75388441  0.89289200
   0.73335420  0.73610462  0.78029487
   0.74886727  0.25388441  0.39289202
   0.73335420  0.23610463  0.28029481
   0.74895973  0.75349037  0.10710047
   0.73311226  0.73619753  0.21968516
   0.74895973  0.25349040  0.60710049
   0.73311226  0.23619752  0.71968519
   0.25465769  0.24251595  0.89266691
   0.23633045  0.28699796  0.78041935
   0.25465769  0.74251597  0.39266694
   0.23633045  0.78699793  0.28041938
   0.25574372  0.24441787  0.00000501
   0.25574372  0.74441787  0.50000501
   0.75587353  0.75569098  1.00000132
   0.75587353  0.25569098  0.50000126
   0.78953649  0.75231110  0.34662600
   0.78953649  0.25231110  0.84662600
   0.78955264  0.75184196  0.65338233
   0.78955264  0.25184197  0.15338235
   0.80075263  0.75283549  0.45051786
   0.80075263  0.25283549  0.95051783
   0.30029392  0.24609647  0.54932834
   0.30029392  0.74609645  0.04932833
   0.30030493  0.24630449  0.45068268
   0.30030493  0.74630449  0.95068268
   0.80074916  0.75262339  0.54948593
   0.80074916  0.25262339  0.04948592
   0.61502061  0.55574526  0.05254553
   0.31902504  0.31615463  0.40611781
   0.52402309  0.47896468  0.13792834
   0.29693336  0.18578325  0.30219418
   0.50468137  0.49742146  0.25116307
   0.02236458  0.96169216  0.03801045
   0.08216016  0.03597878  0.14733642
   0.61502061  0.05574526  0.55254550
   0.31902504  0.81615463  0.90611781
   0.52402309  0.97896471  0.63792832
   0.29693336  0.68578322  0.80219418
   0.50468137  0.99742149  0.75116310
   0.02236458  0.46169219  0.53801045
   0.08216016  0.53597883  0.64733645
   0.11516983  0.44142254  0.94734698
   0.81463611  0.68586975  0.59467626
   0.02386969  0.52007072  0.86197415
   0.78712800  0.80056834  0.69602778
  -0.00235221  0.50760863  0.74914661
   0.52371085  0.03681860  0.96229275
   0.57845994  0.96277065  0.85292757
   0.11516983  0.94142257  0.44734695
   0.81463611  0.18586975  0.09467627
   0.02386969  0.02007074  0.36197415
   0.78712800  0.30056834  0.19602778
  -0.00235221  0.00760866  0.24914662
   0.52371085  0.53681863  0.46229272
   0.57845994  0.46277071  0.35292760
   0.11515323  0.44119943  0.05265435
   0.81448123  0.68624933  0.40532683
   0.02392115  0.51962210  0.13802834
   0.78738525  0.80087863  0.30397336
  -0.00232884  0.50761525  0.25083860
   0.52370116  0.03664744  0.03772343
   0.57860314  0.96223259  0.14705872
   0.11515323  0.94119940  0.55265439
   0.81448123  0.18624935  0.90532686
   0.02392115  0.01962207  0.63802831
   0.78738525  0.30087866  0.80397333
  -0.00232884  0.00761525  0.75083860
   0.52370116  0.53664745  0.53772340
   0.57860314  0.46223259  0.64705875
   0.61506517  0.55601722  0.94746894
   0.31891753  0.31575436  0.59389395
   0.52399260  0.47946788  0.86205947
   0.29732959  0.18571476  0.69779190
   0.50469637  0.49742374  0.74883780
   0.02236752  0.96185726  0.96199336
   0.08208415  0.03639979  0.85268271
   0.61506517  0.05601718  0.44746900
   0.31891753  0.81575436  0.09389396
   0.52399260  0.97946785  0.36205944
   0.29732959  0.68571476  0.19779186
   0.50469637  0.99742374  0.24883777
   0.02236752  0.46185729  0.46199336
   0.08208415  0.53639981  0.35268277
   0.32845391  0.16849874  0.50000481
   0.32845391  0.66849880  1.00000484
   0.82960290  0.83013600  0.50000248
   0.82960290  0.33013606  0.00000248
   0.28622004  0.24367460  0.34483402
   0.28622004  0.74367460  0.84483405
   0.28631371  0.24324183  0.65513539
   0.28631371  0.74324183  0.15513539
