   0.25550774  0.23731702  0.10771332
   0.23330998  0.28854941  0.21960927
   0.25550774  0.73731702  0.60771334
   0.23330998  0.78854944  0.71960923
   0.74950607  0.75761264  0.89262216
   0.73003579  0.73742099  0.78028403
   0.74950607  0.25761264  0.39262219
   0.73003579  0.23742101  0.28028397
   0.74951991  0.75746055  0.10737214
   0.73000059  0.73756708  0.21971825
   0.74951991  0.25746058  0.60737216
   0.73000059  0.23756707  0.71971828
   0.25546465  0.23746437  0.89228802
   0.23327660  0.28842992  0.78039422
   0.25546465  0.73746440  0.39228805
   0.23327660  0.78842989  0.28039425
   0.26125883  0.24229391 -0.00000162
   0.26125883  0.74229391  0.49999838
   0.76148436  0.75663577  1.00000152
   0.76148436  0.25663577  0.50000146
   0.78576734  0.75405180  0.34661630
   0.78576734  0.25405180  0.84661630
   0.78580900  0.75377179  0.65339452
   0.78580900  0.25377181  0.15339453
   0.80566912  0.75345157  0.45063155
   0.80566912  0.25345157  0.95063152
   0.30521881  0.24436039  0.54917647
   0.30521881  0.74436037  0.04917646
   0.30521614  0.24449647  0.45082722
   0.30521614  0.74449647  0.95082722
   0.80567737  0.75331458  0.54936512
   0.80567737  0.25331458  0.04936512
   0.62263330  0.55811289  0.05264319
   0.32021067  0.31482030  0.40638013
   0.52413146  0.48393061  0.13818048
   0.29592349  0.18751223  0.30210099
   0.50207551  0.49852273  0.25116364
   0.02741537  0.96079572  0.03792954
   0.06846948  0.02584974  0.14654162
   0.62263330  0.05811289  0.55264316
   0.32021067  0.81482030  0.90638013
   0.52413146  0.98393064  0.63818047
   0.29592349  0.68751220  0.80210099
   0.50207551  0.99852276  0.75116367
   0.02741537  0.46079575  0.53792953
   0.06846948  0.52584979  0.64654165
   0.12269378  0.43809247  0.94724406
   0.81506386  0.68672731  0.59444348
   0.02438260  0.51519112  0.86166644
   0.78543061  0.79968753  0.69610936
  -0.00500138  0.50906614  0.74918070
   0.52882530  0.03655185  0.96238433
   0.56462520  0.97240996  0.85379909
   0.12269378  0.93809250  0.44724403
   0.81506386  0.18672731  0.09444349
   0.02438260  0.01519115  0.36166644
   0.78543061  0.29968753  0.19610936
  -0.00500138  0.00906617  0.24918072
   0.52882530  0.53655187  0.46238430
   0.56462520  0.47241002  0.35379912
   0.12269860  0.43793023  0.05275466
   0.81501481  0.68694868  0.40555478
   0.02443153  0.51491972  0.13832671
   0.78543669  0.79986968  0.30389391
  -0.00497730  0.50908108  0.25081876
   0.52884220  0.03642791  0.03761682
   0.56474100  0.97207104  0.14619721
   0.12269860  0.93793020  0.55275470
   0.81501481  0.18694869  0.90555481
   0.02443153  0.01491969  0.63832668
   0.78543669  0.29986971  0.80389388
  -0.00497730  0.00908109  0.75081876
   0.52884220  0.53642792  0.53761680
   0.56474100  0.47207104  0.64619724
   0.62264097  0.55828825  0.94735794
   0.32020659  0.31459563  0.59362178
   0.52412840  0.48424537  0.86182081
   0.29597005  0.18751808  0.69789394
   0.50208926  0.49850938  0.74884087
   0.02742256  0.96091908  0.96207099
   0.06840524  0.02609628  0.85346651
   0.62264097  0.05828821  0.44735800
   0.32020659  0.81459563  0.09362180
   0.52412840  0.98424534  0.36182078
   0.29597005  0.68751808  0.19789389
   0.50208926  0.99850938  0.24884084
   0.02742256  0.46091911  0.46207099
   0.06840524  0.52609630  0.35346657
   0.33332554  0.16687744  0.50000155
   0.33332554  0.66687750  1.00000157
   0.83445617  0.83057128  0.49999898
   0.83445617  0.33057134 -0.00000102
   0.28276156  0.24196132  0.34481228
   0.28276156  0.74196132  0.84481231
   0.28280424  0.24170051  0.65517187
   0.28280424  0.74170051  0.15517187
