   0.25607172  0.23556410  0.10785346
   0.23230196  0.28892494  0.21961905
   0.25607172  0.73556410  0.60785347
   0.23230196  0.78892497  0.71961900
   0.74998444  0.75907624  0.89251455
   0.72899132  0.73783032  0.78028284
   0.74998444  0.25907624  0.39251458
   0.72899132  0.23783034  0.28028278
   0.74999120  0.75895758  0.10748195
   0.72897785  0.73798412  0.21972384
   0.74999120  0.25895761  0.60748197
   0.72897785  0.23798411  0.71972387
   0.25602998  0.23570398  0.89214947
   0.23227735  0.28879754  0.78038677
   0.25602998  0.73570401  0.39214950
   0.23227735  0.78879751  0.28038680
   0.26306606  0.24162599 -0.00000203
   0.26306606  0.74162599  0.49999797
   0.76333594  0.75702925  1.00000148
   0.76333594  0.25702925  0.50000142
   0.78455977  0.75465529  0.34660652
   0.78455977  0.25465529  0.84660652
   0.78458811  0.75439612  0.65340352
   0.78458811  0.25439614  0.15340353
   0.80727861  0.75374713  0.45066288
   0.80727861  0.25374713  0.95066285
   0.30685884  0.24380970  0.54913284
   0.30685884  0.74380968  0.04913283
   0.30685045  0.24394012  0.45086962
   0.30685045  0.74394012  0.95086962
   0.80729082  0.75361985  0.54933231
   0.80729082  0.25361985  0.04933231
   0.62515025  0.55899719  0.05268458
   0.32057324  0.31443852  0.40645695
   0.52451710  0.48592129  0.13829186
   0.29552950  0.18821486  0.30206049
   0.50124548  0.49884839  0.25116827
   0.02905555  0.96056841  0.03791015
   0.06337572  0.02189903  0.14623703
   0.62515025  0.05899720  0.55268456
   0.32057324  0.81443852  0.90645695
   0.52451710  0.98592132  0.63829185
   0.29552950  0.68821483  0.80206049
   0.50124548  0.99884842  0.75116830
   0.02905555  0.46056844  0.53791014
   0.06337572  0.52189908  0.64623706
   0.12514047  0.43705293  0.94719503
   0.81490648  0.68702582  0.59437596
   0.02495462  0.51313980  0.86154112
   0.78495400  0.79912740  0.69614162
  -0.00583382  0.50947014  0.74918546
   0.53046868  0.03653307  0.96241573
   0.55962995  0.97599932  0.85408733
   0.12514047  0.93705296  0.44719500
   0.81490648  0.18702582  0.09437598
   0.02495462  0.01313982  0.36154112
   0.78495400  0.29912740  0.19614162
  -0.00583382  0.00947017  0.24918547
   0.53046868  0.53653309  0.46241570
   0.55962995  0.47599938  0.35408736
   0.12515846  0.43688696  0.05280164
   0.81487449  0.68722507  0.40562096
   0.02500032  0.51286970  0.13845367
   0.78495159  0.79931676  0.30386225
  -0.00581063  0.50948554  0.25081703
   0.53048945  0.03641601  0.03758214
   0.55969645  0.97571085  0.14590702
   0.12515846  0.93688693  0.55280168
   0.81487449  0.18722508  0.90562099
   0.02500032  0.01286967  0.63845364
   0.78495159  0.29931679  0.80386222
  -0.00581063  0.00948554  0.75081703
   0.53048945  0.53641601  0.53758211
   0.55969645  0.47571085  0.64590705
   0.62514314  0.55915340  0.94731310
   0.32057477  0.31423231  0.59354263
   0.52452215  0.48620364  0.86171199
   0.29553799  0.18823686  0.69793793
   0.50125947  0.49883316  0.74883823
   0.02906124  0.96068751  0.96208767
   0.06336298  0.02216148  0.85376701
   0.62514314  0.05915336  0.44731316
   0.32057477  0.81423231  0.09354264
   0.52452215  0.98620361  0.36171196
   0.29553799  0.68823686  0.19793788
   0.50125947  0.99883316  0.24883820
   0.02906124  0.46068754  0.46208767
   0.06336298  0.52216150  0.35376707
   0.33483437  0.16639633  0.50000034
   0.33483437  0.66639639  1.00000037
   0.83595602  0.83077951  0.49999769
   0.83595602  0.33077957 -0.00000231
   0.28161897  0.24137853  0.34479549
   0.28161897  0.74137853  0.84479552
   0.28164681  0.24112775  0.65519248
   0.28164681  0.74112775  0.15519248
