   0.25473368  0.24405601  0.10721194
   0.23744379  0.28610638  0.21959079
   0.25473368  0.74405601  0.60721196
   0.23744379  0.78610641  0.71959074
   0.74894372  0.75252893  0.89297638
   0.73439240  0.73538567  0.78029913
   0.74894372  0.25252893  0.39297641
   0.73439240  0.23538569  0.28029907
   0.74913236  0.75191298  0.10701888
   0.73399803  0.73544660  0.21966673
   0.74913236  0.25191301  0.60701890
   0.73399803  0.23544659  0.71966676
   0.25479564  0.24467261  0.89278147
   0.23725190  0.28608365  0.78041177
   0.25479564  0.74467264  0.39278150
   0.23725190  0.78608362  0.28041180
   0.25328136  0.24538972  0.00001039
   0.25328136  0.74538972  0.50001039
   0.75337510  0.75530124  1.00000096
   0.75337510  0.25530124  0.50000090
   0.79139960  0.75164605  0.34662502
   0.79139960  0.25164605  0.84662502
   0.79138781  0.75101762  0.65338676
   0.79138781  0.25101763  0.15338678
   0.79860844  0.75261081  0.45045329
   0.79860844  0.25261081  0.95045326
   0.29814361  0.24685023  0.54940916
   0.29814361  0.74685021  0.04940915
   0.29815543  0.24709383  0.45060846
   0.29815543  0.74709383  0.95060846
   0.79860907  0.75236082  0.54955373
   0.79860907  0.25236082  0.04955372
   0.61164843  0.55472515  0.05254376
   0.31856325  0.31684886  0.40597126
   0.52450433  0.47720528  0.13786972
   0.29731365  0.18520374  0.30219558
   0.50550333  0.49683920  0.25117537
   0.02010778  0.96207345  0.03806356
   0.08786690  0.04001913  0.14769719
   0.61164843  0.05472515  0.55254374
   0.31856325  0.81684886  0.90597126
   0.52450433  0.97720531  0.63786970
   0.29731365  0.68520371  0.80219558
   0.50550333  0.99683923  0.75117540
   0.02010778  0.46207348  0.53806355
   0.08786690  0.54001918  0.64769722
   0.11184840  0.44290352  0.94736324
   0.81446260  0.68546424  0.59481373
   0.02417401  0.52192348  0.86205985
   0.78790232  0.80070791  0.69603751
  -0.00147171  0.50683897  0.74911887
   0.52142567  0.03696430  0.96223985
   0.58427679  0.95906684  0.85253224
   0.11184840  0.94290355  0.44736321
   0.81446260  0.18546424  0.09481374
   0.02417401  0.02192351  0.36205985
   0.78790232  0.30070791  0.19603751
  -0.00147171  0.00683900  0.24911889
   0.52142567  0.53696432  0.46223982
   0.58427679  0.45906690  0.35253227
   0.11181408  0.44267126  0.05263708
   0.81411294  0.68596242  0.40519020
   0.02421157  0.52132524  0.13795195
   0.78834468  0.80115951  0.30396085
  -0.00144630  0.50684733  0.25085820
   0.52139126  0.03679513  0.03779536
   0.58440761  0.95839322  0.14744135
   0.11181408  0.94267123  0.55263713
   0.81411294  0.18596244  0.90519023
   0.02421157  0.02132521  0.63795192
   0.78834468  0.30115954  0.80396082
  -0.00144630  0.00684733  0.75085820
   0.52139126  0.53679514  0.53779534
   0.58440761  0.45839322  0.64744138
   0.61171114  0.55504516  0.94748617
   0.31828503  0.31632189  0.59404995
   0.52444075  0.47786275  0.86210404
   0.29798531  0.18504498  0.69777935
   0.50551838  0.49684593  0.74882508
   0.02007425  0.96222129  0.96193547
   0.08780811  0.04059231  0.85232990
   0.61171114  0.05504512  0.44748623
   0.31828503  0.81632189  0.09404996
   0.52444075  0.97786272  0.36210401
   0.29798531  0.68504498  0.19777930
   0.50551838  0.99684593  0.24882505
   0.02007425  0.46222132  0.46193547
   0.08780811  0.54059233  0.35232996
   0.32627605  0.16920961  0.50000830
   0.32627605  0.66920967  1.00000832
   0.82738416  0.82997528  0.50000493
   0.82738416  0.32997534  0.00000493
   0.28788691  0.24453178  0.34481101
   0.28788691  0.74453178  0.84481104
   0.28801606  0.24394752  0.65514415
   0.28801606  0.74394752  0.15514415
