   0.25500225  0.24524560  0.10716634
   0.23781101  0.28539195  0.21960405
   0.25500225  0.74524560  0.60716635
   0.23781101  0.78539198  0.71960401
   0.74919037  0.75176971  0.89300399
   0.73481846  0.73481432  0.78031286
   0.74919037  0.25176971  0.39300402
   0.73481846  0.23481433  0.28031280
   0.74946946  0.75093862  0.10700371
   0.73430363  0.73485645  0.21965001
   0.74946946  0.25093865  0.60700373
   0.73430363  0.23485643  0.71965004
   0.25523301  0.24603150  0.89281609
   0.23758361  0.28539522  0.78041074
   0.25523301  0.74603152  0.39281612
   0.23758361  0.78539519  0.28041077
   0.25169102  0.24596350  0.00001934
   0.25169102  0.74596350  0.50001934
   0.75176664  0.75504633  0.99999870
   0.75176664  0.25504633  0.49999864
   0.79270519  0.75129585  0.34657562
   0.79270519  0.25129585  0.84657562
   0.79266420  0.75051493  0.65342444
   0.79266420  0.25051494  0.15342446
   0.79730298  0.75244182  0.45037760
   0.79730298  0.25244182  0.95037757
   0.29684555  0.24738495  0.54950712
   0.29684555  0.74738494  0.04950711
   0.29685184  0.24758409  0.45051142
   0.29685184  0.74758409  0.95051142
   0.79729747  0.75216591  0.54963797
   0.79729747  0.25216591  0.04963797
   0.60941230  0.55408275  0.05256816
   0.31826265  0.31722641  0.40587081
   0.52503725  0.47614624  0.13785625
   0.29747735  0.18483889  0.30217359
   0.50579601  0.49641156  0.25119258
   0.01851010  0.96228813  0.03810198
   0.09175839  0.04273558  0.14796511
   0.60941230  0.05408276  0.55256813
   0.31826265  0.81722641  0.90587081
   0.52503725  0.97614627  0.63785623
   0.29747735  0.68483886  0.80217359
   0.50579601  0.99641159  0.75119261
   0.01851010  0.46228816  0.53810198
   0.09175839  0.54273563  0.64796514
   0.10962544  0.44382864  0.94736108
   0.81446830  0.68526030  0.59491922
   0.02459577  0.52312422  0.86209719
   0.78840363  0.80088088  0.69603002
  -0.00113391  0.50625097  0.74908929
   0.51981200  0.03708044  0.96219566
   0.58823477  0.95669964  0.85224475
   0.10962544  0.94382867  0.44736105
   0.81446830  0.18526030  0.09491924
   0.02459577  0.02312424  0.36209719
   0.78840363  0.30088088  0.19603002
  -0.00113391  0.00625100  0.24908931
   0.51981200  0.53708047  0.46219563
   0.58823477  0.45669970  0.35224478
   0.10959091  0.44362255  0.05262918
   0.81379831  0.68585659  0.40507783
   0.02458810  0.52241030  0.13792550
   0.78897372  0.80144459  0.30397145
  -0.00109158  0.50625855  0.25088496
   0.51972162  0.03701161  0.03786674
   0.58836055  0.95590728  0.14772255
   0.10959091  0.94362252  0.55262922
   0.81379831  0.18585660  0.90507786
   0.02458810  0.02241027  0.63792547
   0.78897372  0.30144462  0.80397142
  -0.00109158  0.00625856  0.75088496
   0.51972162  0.53701162  0.53786671
   0.58836055  0.45590728  0.64772258
   0.60949321  0.55437944  0.94748687
   0.31775568  0.31666001  0.59416857
   0.52494986  0.47695507  0.86210242
   0.29835556  0.18462176  0.69778174
   0.50582290  0.49639831  0.74880690
   0.01840335  0.96232377  0.96187832
   0.09174251  0.04344741  0.85206313
   0.60949321  0.05437939  0.44748693
   0.31775568  0.81666001  0.09416859
   0.52494986  0.97695504  0.36210239
   0.29835556  0.68462176  0.19778169
   0.50582290  0.99639831  0.24880687
   0.01840335  0.46232380  0.46187832
   0.09174251  0.54344743  0.35206319
   0.32478676  0.16963446  0.50001160
   0.32478676  0.66963452  1.00001162
   0.82579285  0.82987236  0.50000460
   0.82579285  0.32987242  0.00000460
   0.28899896  0.24508749  0.34476689
   0.28899896  0.74508749  0.84476692
   0.28915965  0.24441285  0.65516495
   0.28915965  0.74441285  0.15516495
