   0.25490410  0.24501990  0.10716798
   0.23777797  0.28556871  0.21960042
   0.25490410  0.74501990  0.60716800
   0.23777797  0.78556874  0.71960037
   0.74911358  0.75190921  0.89300674
   0.73472859  0.73495336  0.78030320
   0.74911358  0.25190921  0.39300677
   0.73472859  0.23495338  0.28030314
   0.74935852  0.75111459  0.10699690
   0.73425509  0.73499863  0.21965436
   0.74935852  0.25111461  0.60699692
   0.73425509  0.23499861  0.71965439
   0.25505483  0.24576764  0.89281713
   0.23755933  0.28556224  0.78040578
   0.25505483  0.74576766  0.39281716
   0.23755933  0.78556221  0.28040581
   0.25201658  0.24587588  0.00001175
   0.25201658  0.74587588  0.50001175
   0.75208396  0.75509538  1.00000201
   0.75208396  0.25509538  0.50000195
   0.79248728  0.75127672  0.34666824
   0.79248728  0.25127672  0.84666824
   0.79243138  0.75055220  0.65336051
   0.79243138  0.25055222  0.15336053
   0.79754044  0.75244494  0.45039990
   0.79754044  0.25244494  0.95039987
   0.29706946  0.24725444  0.54946185
   0.29706946  0.74725442  0.04946184
   0.29707936  0.24749569  0.45056686
   0.29707936  0.74749569  0.95056686
   0.79754227  0.75221545  0.54960359
   0.79754227  0.25221545  0.04960359
   0.60985234  0.55419095  0.05256017
   0.31834661  0.31720545  0.40587436
   0.52486320  0.47635303  0.13785845
   0.29746958  0.18489381  0.30216716
   0.50578537  0.49648459  0.25118886
   0.01883423  0.96225221  0.03809632
   0.09101296  0.04217985  0.14791254
   0.60985234  0.05419095  0.55256015
   0.31834661  0.81720545  0.90587436
   0.52486320  0.97635306  0.63785843
   0.29746958  0.68489379  0.80216716
   0.50578537  0.99648462  0.75118889
   0.01883423  0.46225224  0.53809632
   0.09101296  0.54217990  0.64791257
   0.11006415  0.44364752  0.94736358
   0.81447306  0.68526868  0.59490221
   0.02448092  0.52290900  0.86208723
   0.78830090  0.80085445  0.69607992
  -0.00118563  0.50635998  0.74910127
   0.52015108  0.03706306  0.96220528
   0.58742814  0.95713516  0.85229897
   0.11006415  0.94364755  0.44736355
   0.81447306  0.18526868  0.09490222
   0.02448092  0.02290902  0.36208723
   0.78830090  0.30085445  0.19607992
  -0.00118563  0.00636001  0.24910129
   0.52015108  0.53706308  0.46220525
   0.58742814  0.45713522  0.35229900
   0.11001342  0.44344563  0.05263175
   0.81387869  0.68585418  0.40510522
   0.02449683  0.52223187  0.13793026
   0.78884524  0.80142196  0.30390314
  -0.00115424  0.50637829  0.25087838
   0.52008411  0.03695164  0.03784955
   0.58753704  0.95635827  0.14766420
   0.11001342  0.94344560  0.55263179
   0.81387869  0.18585419  0.90510525
   0.02449683  0.02223184  0.63793023
   0.78884524  0.30142199  0.80390311
  -0.00115424  0.00637830  0.75087838
   0.52008411  0.53695164  0.53784953
   0.58753704  0.45635827  0.64766423
   0.60991556  0.55450913  0.94748741
   0.31789201  0.31663512  0.59415428
   0.52479553  0.47711627  0.86210014
   0.29830537  0.18468856  0.69778959
   0.50580719  0.49649007  0.74881565
   0.01875560  0.96232940  0.96189178
   0.09098304  0.04287200  0.85211539
   0.60991556  0.05450909  0.44748747
   0.31789201  0.81663512  0.09415430
   0.52479553  0.97711624  0.36210011
   0.29830537  0.68468856  0.19778954
   0.50580719  0.99649007  0.24881562
   0.01875560  0.46232943  0.46189178
   0.09098304  0.54287202  0.35211545
   0.32507778  0.16956782  0.50001259
   0.32507778  0.66956788  1.00001261
   0.82611563  0.82988078  0.50000699
   0.82611563  0.32988084  0.00000699
   0.28880764  0.24501920  0.34479178
   0.28880764  0.74501920  0.84479180
   0.28896356  0.24434692  0.65514828
   0.28896356  0.74434692  0.15514828
