   0.25625989  0.23493966  0.10790767
   0.23196348  0.28906929  0.21962398
   0.25625989  0.73493966  0.60790768
   0.23196348  0.78906932  0.71962394
   0.75017821  0.75960989  0.89246908
   0.72863095  0.73798750  0.78028160
   0.75017821  0.25960989  0.39246911
   0.72863095  0.23798751  0.28028154
   0.75018581  0.75950562  0.10752791
   0.72862548  0.73814918  0.21972830
   0.75018581  0.25950565  0.60752794
   0.72862548  0.23814916  0.71972833
   0.25621917  0.23508303  0.89209525
   0.23193540  0.28893669  0.78038385
   0.25621917  0.73508306  0.39209528
   0.23193540  0.78893666  0.28038388
   0.26370853  0.24138660 -0.00000170
   0.26370853  0.74138660  0.49999830
   0.76399704  0.75717021  1.00000182
   0.76399704  0.25717021  0.50000176
   0.78413450  0.75486557  0.34660069
   0.78413450  0.25486557  0.84660069
   0.78415825  0.75460792  0.65340430
   0.78415825  0.25460794  0.15340432
   0.80784834  0.75386197  0.45067389
   0.80784834  0.25386197  0.95067386
   0.30744767  0.24361144  0.54911862
   0.30744767  0.74361142  0.04911860
   0.30743874  0.24374176  0.45088336
   0.30743874  0.74374176  0.95088336
   0.80785929  0.75373662  0.54932196
   0.80785929  0.25373662  0.04932196
   0.62604878  0.55932446  0.05270079
   0.32070657  0.31431358  0.40648062
   0.52469380  0.48665578  0.13834094
   0.29535387  0.18849534  0.30204341
   0.50095776  0.49897573  0.25117099
   0.02964041  0.96048869  0.03790603
   0.06149799  0.02042233  0.14612870
   0.62604878  0.05932446  0.55270077
   0.32070657  0.81431358  0.90648062
   0.52469380  0.98665581  0.63834092
   0.29535387  0.68849531  0.80204341
   0.50095776  0.99897576  0.75117102
   0.02964041  0.46048872  0.53790602
   0.06149799  0.52042238  0.64612873
   0.12600905  0.43668985  0.94717447
   0.81479839  0.68711745  0.59435345
   0.02520925  0.51235227  0.86148492
   0.78477131  0.79889458  0.69616759
  -0.00612285  0.50961149  0.74918570
   0.53105129  0.03653343  0.96242713
   0.55783757  0.97730445  0.85418093
   0.12600905  0.93668988  0.44717444
   0.81479839  0.18711745  0.09435346
   0.02520925  0.01235229  0.36148492
   0.78477131  0.29889458  0.19616759
  -0.00612285  0.00961152  0.24918571
   0.53105129  0.53653345  0.46242710
   0.55783757  0.47730451  0.35418096
   0.12603074  0.43651835  0.05282257
   0.81478305  0.68730438  0.40564301
   0.02525720  0.51207890  0.13850935
   0.78476231  0.79907194  0.30384009
  -0.00609870  0.50962245  0.25081742
   0.53107046  0.03641868  0.03757087
   0.55787787  0.97703086  0.14581172
   0.12603074  0.93651832  0.55282261
   0.81478305  0.18730439  0.90564304
   0.02525720  0.01207888  0.63850932
   0.78476231  0.29907196  0.80384006
  -0.00609870  0.00962245  0.75081742
   0.53107046  0.53641868  0.53757085
   0.55787787  0.47703086  0.64581175
   0.62603785  0.55947271  0.94729665
   0.32070323  0.31410815  0.59351894
   0.52470577  0.48692798  0.86166253
   0.29535254  0.18852142  0.69795612
   0.50097109  0.49895827  0.74883639
   0.02964916  0.96060806  0.96209215
   0.06150960  0.02070643  0.85387208
   0.62603785  0.05947266  0.44729671
   0.32070323  0.81410815  0.09351895
   0.52470577  0.98692795  0.36166250
   0.29535254  0.68852142  0.19795607
   0.50097109  0.99895827  0.24883636
   0.02964916  0.46060809  0.46209215
   0.06150960  0.52070645  0.35387214
   0.33537227  0.16622413  0.50000003
   0.33537227  0.66622419  1.00000006
   0.83649993  0.83086188  0.49999742
   0.83649993  0.33086194 -0.00000258
   0.28122644  0.24118654  0.34478708
   0.28122644  0.74118654  0.84478711
   0.28124494  0.24093636  0.65519924
   0.28124494  0.74093636  0.15519924
