   0.25517657  0.23861674  0.10760204
   0.23414135  0.28820128  0.21959494
   0.25517657  0.73861674  0.60760205
   0.23414135  0.78820131  0.71959489
   0.74925239  0.75655172  0.89270439
   0.73091344  0.73713465  0.78029338
   0.74925239  0.25655172  0.39270442
   0.73091344  0.23713466  0.28029332
   0.74927992  0.75636544  0.10728927
   0.73085137  0.73727314  0.21970594
   0.74927992  0.25636547  0.60728930
   0.73085137  0.23727313  0.71970597
   0.25514411  0.23879263  0.89239903
   0.23409332  0.28809405  0.78040814
   0.25514411  0.73879266  0.39239906
   0.23409332  0.78809402  0.28040817
   0.25990182  0.24281385  0.00000054
   0.25990182  0.74281385  0.50000054
   0.76009888  0.75636758  1.00000303
   0.76009888  0.25636758  0.50000297
   0.78669082  0.75358983  0.34660456
   0.78669082  0.25358983  0.84660456
   0.78674256  0.75326955  0.65338503
   0.78674256  0.25326957  0.15338504
   0.80444485  0.75322594  0.45060278
   0.80444485  0.25322594  0.95060275
   0.30399337  0.24482144  0.54921997
   0.30399337  0.74482143  0.04921996
   0.30399401  0.24497196  0.45078668
   0.30399401  0.74497196  0.95078668
   0.80445560  0.75307666  0.54940006
   0.80445560  0.25307666  0.04940006
   0.62068627  0.55748799  0.05261194
   0.31988042  0.31510343  0.40631542
   0.52392838  0.48249502  0.13810376
   0.29615879  0.18704555  0.30212749
   0.50275008  0.49828400  0.25116180
   0.02611338  0.96100033  0.03794842
   0.07224821  0.02871466  0.14676349
   0.62068627  0.05748799  0.55261192
   0.31988042  0.81510343  0.90631542
   0.52392838  0.98249505  0.63810375
   0.29615879  0.68704552  0.80212749
   0.50275008  0.99828403  0.75116183
   0.02611338  0.46100036  0.53794842
   0.07224821  0.52871471  0.64676352
   0.12078352  0.43890945  0.94727621
   0.81501674  0.68652157  0.59449905
   0.02407574  0.51662582  0.86175712
   0.78582820  0.80004461  0.69609577
  -0.00432028  0.50873727  0.74917412
   0.52750553  0.03660052  0.96235941
   0.56837642  0.96969344  0.85356705
   0.12078352  0.93890948  0.44727618
   0.81501674  0.18652157  0.09449907
   0.02407574  0.01662584  0.36175712
   0.78582820  0.30004461  0.19609577
  -0.00432028  0.00873730  0.24917413
   0.52750553  0.53660054  0.46235938
   0.56837642  0.46969350  0.35356708
   0.12078278  0.43874770  0.05272364
   0.81495286  0.68676409  0.40549520
   0.02412951  0.51633100  0.13823644
   0.78585821  0.80020237  0.30392708
  -0.00429827  0.50874785  0.25082338
   0.52751680  0.03646548  0.03764361
   0.56851157  0.96932032  0.14642819
   0.12078278  0.93874767  0.55272368
   0.81495286  0.18676410  0.90549523
   0.02412951  0.01633097  0.63823641
   0.78585821  0.30020240  0.80392705
  -0.00429827  0.00874786  0.75082338
   0.52751680  0.53646549  0.53764359
   0.56851157  0.46932032  0.64642822
   0.62070743  0.55768297  0.94739126
   0.31987339  0.31485492  0.59368631
   0.52391435  0.48283943  0.86189484
   0.29625178  0.18703854  0.69786806
   0.50276236  0.49827545  0.74884201
   0.02611962  0.96113283  0.96205353
   0.07216749  0.02897865  0.85324544
   0.62070743  0.05768293  0.44739132
   0.31987339  0.81485492  0.09368632
   0.52391435  0.98283940  0.36189481
   0.29625178  0.68703854  0.19786802
   0.50276236  0.99827545  0.24884198
   0.02611962  0.46113286  0.46205353
   0.07216749  0.52897867  0.35324550
   0.33206694  0.16729477  0.50000122
   0.33206694  0.66729483  1.00000125
   0.83321019  0.83042002  0.49999851
   0.83321019  0.33042008 -0.00000149
   0.28360811  0.24237574  0.34481930
   0.28360811  0.74237574  0.84481933
   0.28365881  0.24209758  0.65516105
   0.28365881  0.74209758  0.15516105
