   0.25545107  0.23756147  0.10769260
   0.23346462  0.28848933  0.21960659
   0.25545107  0.73756147  0.60769262
   0.23346462  0.78848936  0.71960654
   0.74945716  0.75741007  0.89263830
   0.73020129  0.73736286  0.78028592
   0.74945716  0.25741007  0.39263833
   0.73020129  0.23736288  0.28028586
   0.74947649  0.75725500  0.10735672
   0.73015844  0.73751171  0.21971574
   0.74947649  0.25725502  0.60735674
   0.73015844  0.23751170  0.71971577
   0.25540241  0.23771229  0.89230931
   0.23343274  0.28836825  0.78039655
   0.25540241  0.73771232  0.39230934
   0.23343274  0.78836822  0.28039658
   0.26100337  0.24239115 -0.00000114
   0.26100337  0.74239115  0.49999886
   0.76122461  0.75658281  1.00000196
   0.76122461  0.25658281  0.50000190
   0.78594152  0.75397104  0.34661297
   0.78594152  0.25397104  0.84661297
   0.78598477  0.75367344  0.65338827
   0.78598477  0.25367345  0.15338828
   0.80543628  0.75341179  0.45062778
   0.80543628  0.25341179  0.95062775
   0.30498468  0.24444275  0.54918433
   0.30498468  0.74444273  0.04918432
   0.30498259  0.24457903  0.45082190
   0.30498259  0.74457903  0.95082190
   0.80544473  0.75327280  0.54937138
   0.80544473  0.25327280  0.04937137
   0.62227423  0.55799819  0.05263736
   0.32014936  0.31487381  0.40636618
   0.52408068  0.48367128  0.13816483
   0.29597145  0.18742757  0.30210649
   0.50220414  0.49847851  0.25116282
   0.02716943  0.96082923  0.03793311
   0.06918602  0.02637702  0.14658297
   0.62227423  0.05799820  0.55263734
   0.32014936  0.81487381  0.90636618
   0.52408068  0.98367131  0.63816482
   0.29597145  0.68742754  0.80210649
   0.50220414  0.99847854  0.75116285
   0.02716943  0.46082926  0.53793310
   0.06918602  0.52637707  0.64658300
   0.12234357  0.43823771  0.94725049
   0.81506186  0.68669328  0.59445652
   0.02432385  0.51546734  0.86168388
   0.78550198  0.79975392  0.69610702
  -0.00487400  0.50900495  0.74917873
   0.52857720  0.03656109  0.96237996
   0.56531718  0.97190527  0.85375704
   0.12234357  0.93823774  0.44725046
   0.81506186  0.18669328  0.09445654
   0.02432385  0.01546736  0.36168388
   0.78550198  0.29975392  0.19610702
  -0.00487400  0.00900498  0.24917875
   0.52857720  0.53656112  0.46237993
   0.56531718  0.47190533  0.35375707
   0.12234540  0.43807646  0.05274853
   0.81501055  0.68691336  0.40554263
   0.02438202  0.51520168  0.13830889
   0.78551053  0.79993493  0.30390060
  -0.00484971  0.50901592  0.25081917
   0.52859388  0.03643613  0.03762203
   0.56543449  0.97154816  0.14623911
   0.12234540  0.93807643  0.55274857
   0.81501055  0.18691338  0.90554266
   0.02438202  0.01520165  0.63830886
   0.78551053  0.29993496  0.80390057
  -0.00484971  0.00901592  0.75081917
   0.52859388  0.53643614  0.53762201
   0.56543449  0.47154816  0.64623914
   0.62228483  0.55817790  0.94736424
   0.32014406  0.31464397  0.59363593
   0.52408407  0.48398342  0.86183562
   0.29602591  0.18743151  0.69788855
   0.50222021  0.49846833  0.74883992
   0.02717758  0.96095352  0.96206822
   0.06910669  0.02662859  0.85342539
   0.62228483  0.05817785  0.44736430
   0.32014406  0.81464397  0.09363594
   0.52408407  0.98398339  0.36183559
   0.29602591  0.68743151  0.19788851
   0.50222021  0.99846833  0.24883989
   0.02717758  0.46095355  0.46206822
   0.06910669  0.52662861  0.35342545
   0.33309193  0.16695339  0.50000197
   0.33309193  0.66695345  1.00000200
   0.83422465  0.83054095  0.49999944
   0.83422465  0.33054101 -0.00000056
   0.28291589  0.24204006  0.34481539
   0.28291589  0.74204006  0.84481542
   0.28296299  0.24177658  0.65516769
   0.28296299  0.74177658  0.15516769
