   0.25503016  0.23924110  0.10755136
   0.23456248  0.28806714  0.21959402
   0.25503016  0.73924110  0.60755137
   0.23456248  0.78806717  0.71959397
   0.74910924  0.75603882  0.89273919
   0.73135082  0.73697103  0.78029063
   0.74910924  0.25603882  0.39273922
   0.73135082  0.23697104  0.28029057
   0.74914139  0.75582803  0.10725439
   0.73126759  0.73710341  0.21970608
   0.74914139  0.25582806  0.60725441
   0.73126759  0.23710339  0.71970611
   0.25499481  0.23943609  0.89244982
   0.23451081  0.28796101  0.78040887
   0.25499481  0.73943611  0.39244985
   0.23451081  0.78796098  0.28040890
   0.25919496  0.24309937  0.00000005
   0.25919496  0.74309937  0.50000005
   0.75937843  0.75622463  1.00000212
   0.75937843  0.25622463  0.50000206
   0.78718703  0.75333457  0.34662722
   0.78718703  0.25333457  0.84662722
   0.78723052  0.75299837  0.65337494
   0.78723052  0.25299839  0.15337496
   0.80377418  0.75316971  0.45059230
   0.80377418  0.25316971  0.95059227
   0.30331578  0.24502767  0.54922910
   0.30331578  0.74502766  0.04922909
   0.30331594  0.24518303  0.45077702
   0.30331594  0.74518303  0.95077702
   0.80378008  0.75300899  0.54940750
   0.80378008  0.25300899  0.04940750
   0.61970320  0.55717270  0.05259429
   0.31974423  0.31529366  0.40628003
   0.52386403  0.48178478  0.13806707
   0.29629080  0.18678668  0.30214382
   0.50311276  0.49814956  0.25116057
   0.02547621  0.96111891  0.03795744
   0.07407039  0.03008438  0.14687035
   0.61970320  0.05717271  0.55259427
   0.31974423  0.81529366  0.90628003
   0.52386403  0.98178481  0.63806706
   0.29629080  0.68678665  0.80214382
   0.50311276  0.99814959  0.75116060
   0.02547621  0.46111894  0.53795744
   0.07407039  0.53008444  0.64687038
   0.11980849  0.43935232  0.94729383
   0.81498072  0.68639192  0.59453130
   0.02394628  0.51729060  0.86180158
   0.78604991  0.80018706  0.69607775
  -0.00396519  0.50856160  0.74917148
   0.52685878  0.03663146  0.96234811
   0.57021434  0.96838496  0.85345163
   0.11980849  0.93935235  0.44729380
   0.81498072  0.18639192  0.09453131
   0.02394628  0.01729062  0.36180158
   0.78604991  0.30018706  0.19607775
  -0.00396519  0.00856163  0.24917149
   0.52685878  0.53663148  0.46234808
   0.57021434  0.46838502  0.35345166
   0.11980508  0.43917449  0.05270615
   0.81491381  0.68665132  0.40546902
   0.02399754  0.51697282  0.13819346
   0.78611184  0.80038872  0.30392680
  -0.00394011  0.50857431  0.25082491
   0.52687085  0.03649148  0.03765638
   0.57035550  0.96799416  0.14654282
   0.11980508  0.93917446  0.55270619
   0.81491381  0.18665134  0.90546904
   0.02399754  0.01697279  0.63819343
   0.78611184  0.30038875  0.80392677
  -0.00394011  0.00857432  0.75082491
   0.52687085  0.53649149  0.53765636
   0.57035550  0.46799416  0.64654285
   0.61972099  0.55737612  0.94741002
   0.31972560  0.31502435  0.59372438
   0.52384737  0.48215363  0.86193094
   0.29642000  0.18677846  0.69784987
   0.50312918  0.49813803  0.74884283
   0.02548485  0.96125645  0.96204516
   0.07399622  0.03036522  0.85314018
   0.61972099  0.05737607  0.44741008
   0.31972560  0.81502435  0.09372439
   0.52384737  0.98215360  0.36193091
   0.29642000  0.68677846  0.19784982
   0.50312918  0.99813803  0.24884280
   0.02548485  0.46125648  0.46204516
   0.07399622  0.53036525  0.35314024
   0.33146720  0.16750487  0.50000231
   0.33146720  0.66750493  1.00000234
   0.83261639  0.83036003  0.49999993
   0.83261639  0.33036009 -0.00000007
   0.28405849  0.24260652  0.34483215
   0.28405849  0.74260652  0.84483218
   0.28411971  0.24230525  0.65514875
   0.28411971  0.74230525  0.15514875
