   0.25618369  0.23523592  0.10788452
   0.23212204  0.28897921  0.21962040
   0.25618369  0.73523592  0.60788453
   0.23212204  0.78897924  0.71962035
   0.75010749  0.75935589  0.89248883
   0.72880682  0.73792321  0.78028333
   0.75010749  0.25935589  0.39248886
   0.72880682  0.23792323  0.28028327
   0.75011652  0.75924626  0.10750825
   0.72879877  0.73808103  0.21972438
   0.75011652  0.25924628  0.60750828
   0.72879877  0.23808101  0.71972441
   0.25614459  0.23537473  0.89211881
   0.23209852  0.28884831  0.78038569
   0.25614459  0.73537476  0.39211884
   0.23209852  0.78884828  0.28038572
   0.26341676  0.24150260 -0.00000190
   0.26341676  0.74150260  0.49999810
   0.76369625  0.75710091  1.00000141
   0.76369625  0.25710091  0.50000135
   0.78433799  0.75477652  0.34659038
   0.78433799  0.25477652  0.84659038
   0.78436286  0.75451908  0.65341762
   0.78436286  0.25451910  0.15341764
   0.80757926  0.75380514  0.45066433
   0.80757926  0.25380514  0.95066430
   0.30717094  0.24370953  0.54913145
   0.30717094  0.74370951  0.04913143
   0.30716158  0.24383845  0.45087163
   0.30716158  0.74383845  0.95087163
   0.80759134  0.75368019  0.54933136
   0.80759134  0.25368019  0.04933135
   0.62565541  0.55919230  0.05269442
   0.32063038  0.31435511  0.40647108
   0.52461832  0.48632534  0.13831949
   0.29543388  0.18838028  0.30205043
   0.50108225  0.49892036  0.25116913
   0.02935990  0.96052514  0.03790879
   0.06234193  0.02108764  0.14617823
   0.62565541  0.05919231  0.55269439
   0.32063038  0.81435511  0.90647108
   0.52461832  0.98632537  0.63831947
   0.29543388  0.68838025  0.80205043
   0.50108225  0.99892038  0.75116916
   0.02935990  0.46052517  0.53790878
   0.06234193  0.52108769  0.64617826
   0.12562606  0.43683356  0.94718272
   0.81483901  0.68708856  0.59436375
   0.02509604  0.51271307  0.86150974
   0.78484880  0.79898147  0.69614629
  -0.00599163  0.50954731  0.74918604
   0.53077460  0.03653543  0.96242104
   0.55864891  0.97671922  0.85413830
   0.12562606  0.93683359  0.44718269
   0.81483901  0.18708856  0.09436377
   0.02509604  0.01271309  0.36150974
   0.78484880  0.29898147  0.19614629
  -0.00599163  0.00954734  0.24918605
   0.53077460  0.53653545  0.46242101
   0.55864891  0.47671928  0.35413833
   0.12564660  0.43666638  0.05281404
   0.81481262  0.68728216  0.40563229
   0.02514366  0.51243932  0.13848497
   0.78484201  0.79916560  0.30386003
  -0.00596804  0.50956259  0.25081683
   0.53079494  0.03642016  0.03757680
   0.55870051  0.97644399  0.14585513
   0.12564660  0.93666635  0.55281408
   0.81481262  0.18728218  0.90563232
   0.02514366  0.01243930  0.63848494
   0.78484201  0.29916563  0.80386000
  -0.00596804  0.00956260  0.75081683
   0.53079494  0.53642017  0.53757678
   0.55870051  0.47644399  0.64585516
   0.62564542  0.55934481  0.94730318
   0.32063007  0.31414874  0.59352790
   0.52462277  0.48659972  0.86168434
   0.29543667  0.18840292  0.69794830
   0.50109636  0.49890433  0.74883759
   0.02936612  0.96064402  0.96208905
   0.06234617  0.02136175  0.85382409
   0.62564542  0.05934477  0.44730324
   0.32063007  0.81414874  0.09352791
   0.52462277  0.98659969  0.36168431
   0.29543667  0.68840292  0.19794826
   0.50109636  0.99890433  0.24883756
   0.02936612  0.46064405  0.46208905
   0.06234617  0.52136177  0.35382415
   0.33511280  0.16630534  0.50000034
   0.33511280  0.66630540  1.00000037
   0.83623647  0.83082073  0.49999765
   0.83623647  0.33082079 -0.00000235
   0.28142505  0.24127744  0.34478685
   0.28142505  0.74127744  0.84478688
   0.28145023  0.24102807  0.65520061
   0.28145023  0.74102807  0.15520061
