   0.25524876  0.23832087  0.10763009
   0.23393852  0.28829986  0.21960205
   0.25524876  0.73832087  0.60763011
   0.23393852  0.78829989  0.71960201
   0.74929659  0.75679092  0.89268186
   0.73069741  0.73719950  0.78028695
   0.74929659  0.25679092  0.39268189
   0.73069741  0.23719952  0.28028689
   0.74931970  0.75661436  0.10731087
   0.73064654  0.73733592  0.21971242
   0.74931970  0.25661439  0.60731089
   0.73064654  0.23733590  0.71971245
   0.25520751  0.23848517  0.89236973
   0.23390229  0.28818843  0.78040090
   0.25520751  0.73848520  0.39236976
   0.23390229  0.78818840  0.28040093
   0.26020890  0.24270094 -0.00000073
   0.26020890  0.74270094  0.49999927
   0.76041409  0.75641840  1.00000196
   0.76041409  0.25641840  0.50000190
   0.78647878  0.75368635  0.34661793
   0.78647878  0.25368635  0.84661793
   0.78652568  0.75339285  0.65339380
   0.78652568  0.25339286  0.15339381
   0.80471947  0.75329540  0.45061076
   0.80471947  0.25329540  0.95061073
   0.30426433  0.24469752  0.54920468
   0.30426433  0.74469750  0.04920467
   0.30426240  0.24484135  0.45080004
   0.30426240  0.74484135  0.95080004
   0.80472656  0.75315025  0.54938669
   0.80472656  0.25315025  0.04938668
   0.62115515  0.55763038  0.05261910
   0.31996437  0.31504548  0.40632980
   0.52397467  0.48282369  0.13812141
   0.29610579  0.18715119  0.30212176
   0.50259679  0.49834178  0.25116261
   0.02642533  0.96094866  0.03794417
   0.07136376  0.02805225  0.14671134
   0.62115515  0.05763038  0.55261908
   0.31996437  0.81504548  0.90632980
   0.52397467  0.98282372  0.63812139
   0.29610579  0.68715116  0.80212176
   0.50259679  0.99834181  0.75116264
   0.02642533  0.46094869  0.53794417
   0.07136376  0.52805230  0.64671137
   0.12124502  0.43871221  0.94726942
   0.81504289  0.68656199  0.59448882
   0.02413834  0.51629795  0.86173578
   0.78573328  0.79995181  0.69608696
  -0.00448023  0.50881001  0.74917709
   0.52782499  0.03659045  0.96236514
   0.56749275  0.97032667  0.85362323
   0.12124502  0.93871224  0.44726939
   0.81504289  0.18656199  0.09448883
   0.02413834  0.01629797  0.36173578
   0.78573328  0.29995181  0.19608696
  -0.00448023  0.00881004  0.24917711
   0.52782499  0.53659047  0.46236511
   0.56749275  0.47032673  0.35362326
   0.12124012  0.43854945  0.05273037
   0.81498164  0.68680077  0.40551119
   0.02419078  0.51600763  0.13825746
   0.78574902  0.80013111  0.30391273
  -0.00445566  0.50882608  0.25082227
   0.52784065  0.03645888  0.03763776
   0.56762893  0.96997177  0.14637239
   0.12124012  0.93854942  0.55273041
   0.81498164  0.18680079  0.90551122
   0.02419078  0.01600760  0.63825743
   0.78574902  0.30013114  0.80391270
  -0.00445566  0.00882608  0.75082227
   0.52784065  0.53645889  0.53763773
   0.56762893  0.46997177  0.64637242
   0.62117184  0.55782252  0.94738395
   0.31995992  0.31480551  0.59367360
   0.52395895  0.48316140  0.86187791
   0.29618522  0.18714863  0.69787095
   0.50261075  0.49832885  0.74884230
   0.02643271  0.96107554  0.96205776
   0.07129313  0.02830629  0.85329760
   0.62117184  0.05782248  0.44738401
   0.31995992  0.81480551  0.09367362
   0.52395895  0.98316137  0.36187788
   0.29618522  0.68714863  0.19787090
   0.50261075  0.99832885  0.24884227
   0.02643271  0.46107557  0.46205776
   0.07129313  0.52830631  0.35329766
   0.33238590  0.16718744  0.50000198
   0.33238590  0.66718750  1.00000201
   0.83352600  0.83045771  0.49999961
   0.83352600  0.33045777 -0.00000039
   0.28340096  0.24228680  0.34482060
   0.28340096  0.74228680  0.84482063
   0.28345840  0.24201083  0.65516287
   0.28345840  0.74201083  0.15516287
