   0.25610745  0.23545679  0.10786112
   0.23223894  0.28893838  0.21961824
   0.25610745  0.73545679  0.60786114
   0.23223894  0.78893841  0.71961820
   0.75002209  0.75916424  0.89250895
   0.72893426  0.73785366  0.78028423
   0.75002209  0.25916424  0.39250898
   0.72893426  0.23785368  0.28028417
   0.75002996  0.75904831  0.10748787
   0.72892142  0.73800955  0.21972294
   0.75002996  0.25904834  0.60748790
   0.72892142  0.23800953  0.71972297
   0.25606772  0.23559621  0.89214210
   0.23221417  0.28880939  0.78038781
   0.25606772  0.73559624  0.39214213
   0.23221417  0.78880936  0.28038784
   0.26318643  0.24157969 -0.00000200
   0.26318643  0.74157969  0.49999800
   0.76346132  0.75705894  1.00000146
   0.76346132  0.25705894  0.50000140
   0.78449257  0.75470511  0.34659153
   0.78449257  0.25470511  0.84659153
   0.78452059  0.75444469  0.65341623
   0.78452059  0.25444471  0.15341624
   0.80737047  0.75376348  0.45066459
   0.80737047  0.25376348  0.95066456
   0.30695556  0.24378262  0.54913306
   0.30695556  0.74378260  0.04913305
   0.30694708  0.24391256  0.45086976
   0.30694708  0.74391256  0.95086976
   0.80738233  0.75363623  0.54933118
   0.80738233  0.25363623  0.04933117
   0.62530479  0.55905763  0.05268682
   0.32059380  0.31441338  0.40646163
   0.52453583  0.48605218  0.13829942
   0.29549713  0.18826948  0.30205905
   0.50119356  0.49887157  0.25116855
   0.02915327  0.96055873  0.03790847
   0.06306372  0.02163996  0.14621900
   0.62530479  0.05905763  0.55268680
   0.32059380  0.81441338  0.90646163
   0.52453583  0.98605221  0.63829940
   0.29549713  0.68826945  0.80205905
   0.50119356  0.99887160  0.75116858
   0.02915327  0.46055876  0.53790847
   0.06306372  0.52164001  0.64621903
   0.12528957  0.43698593  0.94719212
   0.81488644  0.68704410  0.59437306
   0.02500341  0.51301995  0.86153247
   0.78492397  0.79908029  0.69613350
  -0.00588191  0.50949573  0.74918551
   0.53056661  0.03652987  0.96241866
   0.55931549  0.97621435  0.85410339
   0.12528957  0.93698596  0.44719209
   0.81488644  0.18704410  0.09437307
   0.02500341  0.01301997  0.36153247
   0.78492397  0.29908029  0.19613350
  -0.00588191  0.00949576  0.24918552
   0.53056661  0.53652990  0.46241863
   0.55931549  0.47621441  0.35410342
   0.12530795  0.43681968  0.05280461
   0.81485605  0.68724116  0.40562310
   0.02504841  0.51274811  0.13846235
   0.78492026  0.79926571  0.30387290
  -0.00585869  0.50951061  0.25081714
   0.53058735  0.03641319  0.03757927
   0.55938042  0.97593119  0.14589074
   0.12530795  0.93681965  0.55280465
   0.81485605  0.18724118  0.90562313
   0.02504841  0.01274808  0.63846232
   0.78492026  0.29926574  0.80387287
  -0.00585869  0.00951061  0.75081714
   0.53058735  0.53641320  0.53757924
   0.55938042  0.47593119  0.64589077
   0.62529697  0.55921315  0.94731086
   0.32059476  0.31420643  0.59353762
   0.52453944  0.48633370  0.86170447
   0.29550404  0.18829232  0.69793891
   0.50120789  0.49885573  0.74883804
   0.02915907  0.96067779  0.96208943
   0.06305642  0.02190378  0.85378458
   0.62529697  0.05921311  0.44731092
   0.32059476  0.81420643  0.09353764
   0.52453944  0.98633367  0.36170444
   0.29550404  0.68829232  0.19793886
   0.50120789  0.99885573  0.24883801
   0.02915907  0.46067782  0.46208943
   0.06305642  0.52190380  0.35378464
   0.33492312  0.16636952  0.50000038
   0.33492312  0.66636958  1.00000041
   0.83604569  0.83079157  0.49999771
   0.83604569  0.33079163 -0.00000229
   0.28155241  0.24134114  0.34479092
   0.28155241  0.74134114  0.84479095
   0.28158009  0.24109203  0.65519617
   0.28158009  0.74109203  0.15519617
