   0.25465118  0.24232630  0.10731889
   0.23657704  0.28698426  0.21958497
   0.25465118  0.74232630  0.60731891
   0.23657704  0.78698429  0.71958492
   0.74885501  0.75374709  0.89290107
   0.73347178  0.73603385  0.78029335
   0.74885501  0.25374709  0.39290110
   0.73347178  0.23603386  0.28029329
   0.74895392  0.75333380  0.10709151
   0.73321567  0.73612303  0.21968522
   0.74895392  0.25333383  0.60709153
   0.73321567  0.23612301  0.71968525
   0.25464824  0.24273203  0.89268024
   0.23644412  0.28692887  0.78041732
   0.25464824  0.74273205  0.39268027
   0.23644412  0.78692884  0.28041735
   0.25548691  0.24451889  0.00000535
   0.25548691  0.74451889  0.50000535
   0.75561312  0.75565000  1.00000100
   0.75561312  0.25565000  0.50000094
   0.78972142  0.75222122  0.34663847
   0.78972142  0.25222122  0.84663847
   0.78973507  0.75174004  0.65337149
   0.78973507  0.25174005  0.15337150
   0.80053017  0.75281586  0.45051153
   0.80053017  0.25281586  0.95051150
   0.30007111  0.24617301  0.54933514
   0.30007111  0.74617300  0.04933513
   0.30008270  0.24638543  0.45067588
   0.30008270  0.74638543  0.95067588
   0.80052632  0.75259880  0.54949206
   0.80052632  0.25259880  0.04949206
   0.61466477  0.55563865  0.05254374
   0.31897923  0.31622891  0.40610451
   0.52406985  0.47876614  0.13792148
   0.29698181  0.18570233  0.30219299
   0.50478615  0.49736142  0.25116321
   0.02213126  0.96173733  0.03801527
   0.08275513  0.03641444  0.14737400
   0.61466477  0.05563865  0.55254372
   0.31897923  0.81622891  0.90610451
   0.52406985  0.97876617  0.63792147
   0.29698181  0.68570230  0.80219299
   0.50478615  0.99736145  0.75116324
   0.02213126  0.46173736  0.53801526
   0.08275513  0.53641450  0.64737403
   0.11481959  0.44158230  0.94734983
   0.81461836  0.68582503  0.59468812
   0.02388175  0.52025990  0.86198367
   0.78721041  0.80059938  0.69603562
  -0.00224620  0.50753101  0.74914485
   0.52347381  0.03683038  0.96228805
   0.57907776  0.96237701  0.85288593
   0.11481959  0.94158233  0.44734980
   0.81461836  0.18582503  0.09468813
   0.02388175  0.02025992  0.36198367
   0.78721041  0.30059938  0.19603562
  -0.00224620  0.00753104  0.24914486
   0.52347381  0.53683041  0.46228802
   0.57907776  0.46237707  0.35288596
   0.11480231  0.44135522  0.05265162
   0.81445090  0.68621638  0.40531552
   0.02393325  0.51979808  0.13801949
   0.78748491  0.80092235  0.30396399
  -0.00222268  0.50753741  0.25083940
   0.52346247  0.03665737  0.03772970
   0.57921956  0.96182530  0.14709921
   0.11480231  0.94135519  0.55265166
   0.81445090  0.18621640  0.90531555
   0.02393325  0.01979805  0.63801946
   0.78748491  0.30092238  0.80396396
  -0.00222268  0.00753742  0.75083940
   0.52346247  0.53665738  0.53772968
   0.57921956  0.46182530  0.64709924
   0.61471093  0.55591677  0.94747201
   0.31886068  0.31581631  0.59390830
   0.52403741  0.47928240  0.86206512
   0.29740371  0.18562767  0.69779200
   0.50480100  0.49736417  0.74883751
   0.02213188  0.96190364  0.96198856
   0.08267925  0.03684954  0.85264579
   0.61471093  0.05591673  0.44747207
   0.31886068  0.81581631  0.09390831
   0.52403741  0.97928237  0.36206509
   0.29740371  0.68562767  0.19779196
   0.50480100  0.99736417  0.24883748
   0.02213188  0.46190367  0.46198856
   0.08267925  0.53684956  0.35264585
   0.32823303  0.16856896  0.50000528
   0.32823303  0.66856902  1.00000531
   0.82938021  0.83012481  0.50000293
   0.82938021  0.33012487  0.00000293
   0.28637332  0.24375583  0.34483686
   0.28637332  0.74375583  0.84483689
   0.28647009  0.24331091  0.65513185
   0.28647009  0.74331091  0.15513185
