   0.25467318  0.24189390  0.10734786
   0.23631292  0.28715683  0.21958250
   0.25467318  0.74189390  0.60734788
   0.23631292  0.78715686  0.71958246
   0.74887194  0.75405606  0.89288153
   0.73320440  0.73618019  0.78029484
   0.74887194  0.25405606  0.39288156
   0.73320440  0.23618021  0.28029478
   0.74895723  0.75368188  0.10711088
   0.73297889  0.73627682  0.21968684
   0.74895723  0.25368191  0.60711090
   0.73297889  0.23627681  0.71968687
   0.25466330  0.24225896  0.89265166
   0.23619403  0.28709265  0.78041985
   0.25466330  0.74225899  0.39265169
   0.23619403  0.78709262  0.28041988
   0.25603157  0.24430256  0.00000437
   0.25603157  0.74430256  0.50000437
   0.75616739  0.75573687  1.00000140
   0.75616739  0.25573687  0.50000134
   0.78933048  0.75239974  0.34662420
   0.78933048  0.25239974  0.84662420
   0.78934917  0.75194548  0.65338461
   0.78934917  0.25194549  0.15338462
   0.80100644  0.75285989  0.45052404
   0.80100644  0.25285989  0.95052401
   0.30054919  0.24600900  0.54932109
   0.30054919  0.74600899  0.04932108
   0.30055942  0.24621206  0.45068924
   0.30055942  0.74621206  0.95068924
   0.80100340  0.75265260  0.54947916
   0.80100340  0.25265260  0.04947915
   0.61541638  0.55586562  0.05254691
   0.31908487  0.31607384  0.40613631
   0.52399228  0.47918585  0.13793718
   0.29688474  0.18585995  0.30219269
   0.50456187  0.49748629  0.25116228
   0.02262837  0.96164571  0.03800457
   0.08147592  0.03548770  0.14729385
   0.61541638  0.05586563  0.55254689
   0.31908487  0.81607384  0.90613631
   0.52399228  0.97918588  0.63793717
   0.29688474  0.68585992  0.80219269
   0.50456187  0.99748632  0.75116231
   0.02262837  0.46164574  0.53800457
   0.08147592  0.53548775  0.64729388
   0.11556184  0.44124471  0.94734478
   0.81466410  0.68591850  0.59466065
   0.02385854  0.51984568  0.86196207
   0.78704144  0.80054244  0.69602449
  -0.00247481  0.50769300  0.74914924
   0.52397760  0.03679787  0.96229888
   0.57776861  0.96323678  0.85297472
   0.11556184  0.94124474  0.44734475
   0.81466410  0.18591850  0.09466067
   0.02385854  0.01984570  0.36196207
   0.78704144  0.30054244  0.19602449
  -0.00247481  0.00769303  0.24914926
   0.52397760  0.53679789  0.46229885
   0.57776861  0.46323684  0.35297475
   0.11554605  0.44102606  0.05265657
   0.81452174  0.68628570  0.40534231
   0.02390997  0.51941095  0.13803952
   0.78727902  0.80084152  0.30397627
  -0.00245151  0.50769997  0.25083702
   0.52397033  0.03662904  0.03771591
   0.57791248  0.96271212  0.14701263
   0.11554605  0.94102603  0.55265661
   0.81452174  0.18628572  0.90534234
   0.02390997  0.01941092  0.63803949
   0.78727902  0.30084155  0.80397624
  -0.00245151  0.00769998  0.75083702
   0.52397033  0.53662905  0.53771589
   0.57791248  0.46271212  0.64701266
   0.61545846  0.55613120  0.94746638
   0.31898889  0.31568739  0.59387472
   0.52396387  0.47967507  0.86205170
   0.29725301  0.18579861  0.69779403
   0.50457703  0.49748757  0.74883875
   0.02263266  0.96180922  0.96199943
   0.08139901  0.03589405  0.85272438
   0.61545846  0.05613115  0.44746644
   0.31898889  0.81568739  0.09387474
   0.52396387  0.97967504  0.36205167
   0.29725301  0.68579861  0.19779398
   0.50457703  0.99748757  0.24883872
   0.02263266  0.46180925  0.46199943
   0.08139901  0.53589407  0.35272444
   0.32871174  0.16841553  0.50000460
   0.32871174  0.66841559  1.00000463
   0.82986324  0.83015169  0.50000230
   0.82986324  0.33015175  0.00000230
   0.28603899  0.24358209  0.34483519
   0.28603899  0.74358209  0.84483522
   0.28613003  0.24316261  0.65513551
   0.28613003  0.74316261  0.15513551
