   0.25613415  0.23534927  0.10787671
   0.23218561  0.28898299  0.21962333
   0.25613415  0.73534927  0.60787672
   0.23218561  0.78898302  0.71962328
   0.75004882  0.75926322  0.89249411
   0.72885499  0.73788226  0.78027848
   0.75004882  0.25926322  0.39249414
   0.72885499  0.23788228  0.28027842
   0.75005674  0.75914778  0.10750203
   0.72884594  0.73803670  0.21972805
   0.75005674  0.25914781  0.60750206
   0.72884594  0.23803669  0.71972808
   0.25609104  0.23548779  0.89212561
   0.23216216  0.28885500  0.78038236
   0.25609104  0.73548782  0.39212564
   0.23216216  0.78885497  0.28038239
   0.26328816  0.24154121 -0.00000206
   0.26328816  0.74154121  0.49999794
   0.76356206  0.75708287  1.00000152
   0.76356206  0.25708287  0.50000146
   0.78443255  0.75470955  0.34661898
   0.78443255  0.25470955  0.84661898
   0.78445986  0.75446148  0.65339840
   0.78445986  0.25446150  0.15339841
   0.80744917  0.75378171  0.45065885
   0.80744917  0.25378171  0.95065882
   0.30703548  0.24374883  0.54913374
   0.30703548  0.74374881  0.04913373
   0.30702679  0.24387891  0.45086814
   0.30702679  0.74387891  0.95086814
   0.80746142  0.75365728  0.54933483
   0.80746142  0.25365728  0.04933483
   0.62545632  0.55911018  0.05268836
   0.32062675  0.31439000  0.40647230
   0.52459429  0.48619263  0.13830810
   0.29548102  0.18831083  0.30206149
   0.50115198  0.49888696  0.25116958
   0.02926227  0.96055176  0.03790714
   0.06270859  0.02136183  0.14619931
   0.62545632  0.05911019  0.55268833
   0.32062675  0.81439000  0.90647230
   0.52459429  0.98619266  0.63830808
   0.29548102  0.68831080  0.80206149
   0.50115198  0.99888698  0.75116961
   0.02926227  0.46055179  0.53790713
   0.06270859  0.52136188  0.64619934
   0.12543747  0.43692950  0.94719016
   0.81487886  0.68706040  0.59436052
   0.02506604  0.51285920  0.86152229
   0.78490053  0.79904959  0.69615014
  -0.00594032  0.50951673  0.74918658
   0.53067352  0.03652309  0.96242144
   0.55898400  0.97646987  0.85412042
   0.12543747  0.93692953  0.44719013
   0.81487886  0.18706040  0.09436053
   0.02506604  0.01285922  0.36152229
   0.78490053  0.29904959  0.19615014
  -0.00594032  0.00951676  0.24918659
   0.53067352  0.53652311  0.46242141
   0.55898400  0.47646993  0.35412045
   0.12545635  0.43676274  0.05280687
   0.81485025  0.68725842  0.40563729
   0.02511147  0.51258659  0.13847203
   0.78489393  0.79924122  0.30384786
  -0.00591823  0.50953431  0.25081697
   0.53069419  0.03640678  0.03757661
   0.55904303  0.97618995  0.14587334
   0.12545635  0.93676271  0.55280691
   0.81485025  0.18725844  0.90563732
   0.02511147  0.01258656  0.63847200
   0.78489393  0.29924125  0.80384783
  -0.00591823  0.00953431  0.75081697
   0.53069419  0.53640679  0.53757659
   0.55904303  0.47618995  0.64587337
   0.62544782  0.55926427  0.94730958
   0.32062766  0.31418522  0.59352801
   0.52459808  0.48647131  0.86169538
   0.29548549  0.18833502  0.69793568
   0.50116414  0.49887071  0.74883802
   0.02926809  0.96067070  0.96209091
   0.06270638  0.02162914  0.85380354
   0.62544782  0.05926423  0.44730964
   0.32062766  0.81418522  0.09352803
   0.52459808  0.98647128  0.36169535
   0.29548549  0.68833502  0.19793563
   0.50116414  0.99887071  0.24883799
   0.02926809  0.46067073  0.46209091
   0.06270638  0.52162916  0.35380360
   0.33502941  0.16633660  0.50000052
   0.33502941  0.66633666  1.00000055
   0.83615398  0.83080960  0.49999788
   0.83615398  0.33080966 -0.00000212
   0.28149247  0.24130977  0.34478815
   0.28149247  0.74130977  0.84478818
   0.28151893  0.24105805  0.65520036
   0.28151893  0.74105805  0.15520036
