   0.25536689  0.23785458  0.10766916
   0.23364312  0.28841716  0.21960498
   0.25536689  0.73785458  0.60766917
   0.23364312  0.78841719  0.71960493
   0.74939352  0.75717068  0.89265478
   0.73038828  0.73730211  0.78028638
   0.74939352  0.25717068  0.39265481
   0.73038828  0.23730213  0.28028632
   0.74941717  0.75700766  0.10733914
   0.73034410  0.73744374  0.21971484
   0.74941717  0.25700769  0.60733917
   0.73034410  0.23744372  0.71971487
   0.25532181  0.23800905  0.89233178
   0.23361268  0.28830011  0.78039835
   0.25532181  0.73800908  0.39233181
   0.23361268  0.78830008  0.28039838
   0.26069808  0.24250980 -0.00000098
   0.26069808  0.74250980  0.49999902
   0.76091285  0.75651783  1.00000199
   0.76091285  0.25651783  0.50000193
   0.78614393  0.75386096  0.34661605
   0.78614393  0.25386096  0.84661605
   0.78619267  0.75356988  0.65339057
   0.78619267  0.25356990  0.15339058
   0.80516640  0.75336346  0.45062145
   0.80516640  0.25336346  0.95062142
   0.30471377  0.24454077  0.54919140
   0.30471377  0.74454075  0.04919138
   0.30471117  0.24467902  0.45081368
   0.30471117  0.74467902  0.95081368
   0.80517430  0.75322158  0.54937686
   0.80517430  0.25322158  0.04937686
   0.62185773  0.55786134  0.05263015
   0.32007925  0.31493575  0.40635357
   0.52404413  0.48335251  0.13814885
   0.29602108  0.18732519  0.30211243
   0.50234791  0.49842792  0.25116273
   0.02688763  0.96087350  0.03793716
   0.07000079  0.02700828  0.14663151
   0.62185773  0.05786135  0.55263013
   0.32007925  0.81493575  0.90635357
   0.52404413  0.98335254  0.63814883
   0.29602108  0.68732516  0.80211243
   0.50234791  0.99842795  0.75116276
   0.02688763  0.46087353  0.53793715
   0.07000079  0.52700834  0.64663154
   0.12193469  0.43841116  0.94725794
   0.81505967  0.68664664  0.59446791
   0.02425149  0.51577984  0.86170278
   0.78558584  0.79982878  0.69609817
  -0.00472856  0.50893121  0.74917860
   0.52829352  0.03656971  0.96237410
   0.56613599  0.97131190  0.85370696
   0.12193469  0.93841119  0.44725791
   0.81505967  0.18664664  0.09446793
   0.02425149  0.01577986  0.36170278
   0.78558584  0.29982878  0.19609817
  -0.00472856  0.00893124  0.24917862
   0.52829352  0.53656973  0.46237407
   0.56613599  0.47131196  0.35370699
   0.12193439  0.43824909  0.05274125
   0.81500443  0.68687244  0.40553113
   0.02430943  0.51550399  0.13829017
   0.78559237  0.80000577  0.30390603
  -0.00470364  0.50894478  0.25082035
   0.52831002  0.03644243  0.03762797
   0.56626045  0.97096318  0.14628885
   0.12193439  0.93824906  0.55274129
   0.81500443  0.18687246  0.90553115
   0.02430943  0.01550396  0.63829014
   0.78559237  0.30000580  0.80390600
  -0.00470364  0.00894479  0.75082035
   0.52831002  0.53644243  0.53762794
   0.56626045  0.47096318  0.64628888
   0.62187010  0.55804471  0.94737184
   0.32007569  0.31470321  0.59364903
   0.52403596  0.48367351  0.86185128
   0.29608477  0.18732733  0.69788279
   0.50236278  0.49841476  0.74884121
   0.02689546  0.96099789  0.96206415
   0.06992818  0.02726276  0.85337677
   0.62187010  0.05804467  0.44737190
   0.32007569  0.81470321  0.09364905
   0.52403596  0.98367348  0.36185125
   0.29608477  0.68732733  0.19788274
   0.50236278  0.99841476  0.24884118
   0.02689546  0.46099792  0.46206415
   0.06992818  0.52726278  0.35337683
   0.33282731  0.16704116  0.50000170
   0.33282731  0.66704122  1.00000173
   0.83396290  0.83050692  0.49999929
   0.83396290  0.33050698 -0.00000071
   0.28311002  0.24213909  0.34481617
   0.28311002  0.74213909  0.84481620
   0.28316715  0.24187468  0.65516665
   0.28316715  0.74187468  0.15516665
