   0.25501196  0.23934200  0.10754203
   0.23464130  0.28804222  0.21959660
   0.25501196  0.73934200  0.60754205
   0.23464130  0.78804225  0.71959656
   0.74908659  0.75596179  0.89274455
   0.73142727  0.73694673  0.78028739
   0.74908659  0.25596179  0.39274458
   0.73142727  0.23694675  0.28028733
   0.74912025  0.75574606  0.10724841
   0.73134062  0.73707748  0.21970882
   0.74912025  0.25574609  0.60724843
   0.73134062  0.23707747  0.71970885
   0.25497623  0.23953978  0.89245862
   0.23458765  0.28793709  0.78040613
   0.25497623  0.73953981  0.39245865
   0.23458765  0.78793706  0.28040616
   0.25909363  0.24314638  0.00000022
   0.25909363  0.74314638  0.50000022
   0.75927558  0.75620195  1.00000220
   0.75927558  0.25620195  0.50000214
   0.78727520  0.75327766  0.34664035
   0.78727520  0.25327766  0.84664035
   0.78731809  0.75294045  0.65336457
   0.78731809  0.25294047  0.15336459
   0.80365186  0.75315954  0.45059471
   0.80365186  0.25315954  0.95059468
   0.30319158  0.24506421  0.54922661
   0.30319158  0.74506420  0.04922660
   0.30319172  0.24522168  0.45077994
   0.30319172  0.74522168  0.95077994
   0.80365812  0.75299763  0.54940548
   0.80365812  0.25299763  0.04940548
   0.61950839  0.55710669  0.05259175
   0.31971864  0.31533474  0.40627009
   0.52385723  0.48165222  0.13806193
   0.29632136  0.18672635  0.30214146
   0.50318701  0.49812268  0.25115941
   0.02535014  0.96113997  0.03796064
   0.07442416  0.03036120  0.14689383
   0.61950839  0.05710669  0.55259173
   0.31971864  0.81533474  0.90627009
   0.52385723  0.98165225  0.63806191
   0.29632136  0.68672632  0.80214146
   0.50318701  0.99812271  0.75115944
   0.02535014  0.46114000  0.53796063
   0.07442416  0.53036125  0.64689386
   0.11961614  0.43944911  0.94729590
   0.81497553  0.68636822  0.59453803
   0.02391771  0.51740919  0.86180856
   0.78609463  0.80022569  0.69608363
  -0.00389429  0.50852684  0.74917164
   0.52673059  0.03664351  0.96234417
   0.57057350  0.96813360  0.85342677
   0.11961614  0.93944914  0.44729587
   0.81497553  0.18636822  0.09453804
   0.02391771  0.01740921  0.36180856
   0.78609463  0.30022569  0.19608363
  -0.00389429  0.00852687  0.24917165
   0.52673059  0.53664353  0.46234414
   0.57057350  0.46813366  0.35342680
   0.11961220  0.43927003  0.05270368
   0.81490716  0.68663210  0.40546185
   0.02396903  0.51709033  0.13818688
   0.78616198  0.80043290  0.30392045
  -0.00386981  0.50853867  0.25082436
   0.52674092  0.03650215  0.03766008
   0.57071895  0.96773510  0.14656862
   0.11961220  0.93927000  0.55270373
   0.81490716  0.18663211  0.90546188
   0.02396903  0.01709031  0.63818685
   0.78616198  0.30043293  0.80392042
  -0.00386981  0.00853867  0.75082436
   0.52674092  0.53650216  0.53766006
   0.57071895  0.46773510  0.64656865
   0.61952785  0.55731212  0.94741230
   0.31969756  0.31506087  0.59373418
   0.52384151  0.48202607  0.86193608
   0.29645853  0.18671500  0.69785242
   0.50320245  0.49811253  0.74884389
   0.02535930  0.96127905  0.96204152
   0.07434547  0.03064317  0.85311775
   0.61952785  0.05731207  0.44741236
   0.31969756  0.81506087  0.09373419
   0.52384151  0.98202604  0.36193605
   0.29645853  0.68671500  0.19785237
   0.50320245  0.99811253  0.24884386
   0.02535930  0.46127908  0.46204152
   0.07434547  0.53064319  0.35311780
   0.33133941  0.16754737  0.50000201
   0.33133941  0.66754743  1.00000204
   0.83249085  0.83034985  0.49999971
   0.83249085  0.33034991 -0.00000029
   0.28410227  0.24262498  0.34483579
   0.28410227  0.74262498  0.84483582
   0.28416568  0.24232489  0.65514390
   0.28416568  0.74232489  0.15514390
