   0.25471705  0.24121120  0.10739950
   0.23587562  0.28743891  0.21959004
   0.25471705  0.74121120  0.60739952
   0.23587562  0.78743894  0.71959000
   0.74889157  0.75456423  0.89284436
   0.73273162  0.73639579  0.78028682
   0.74889157  0.25456423  0.39284438
   0.73273162  0.23639580  0.28028676
   0.74895947  0.75424176  0.10714801
   0.73254945  0.73650238  0.21969920
   0.74895947  0.25424179  0.60714803
   0.73254945  0.23650236  0.71969923
   0.25469886  0.24152150  0.89260053
   0.23577702  0.28736231  0.78041231
   0.25469886  0.74152153  0.39260056
   0.23577702  0.78736228  0.28041234
   0.25685002  0.24399424  0.00000289
   0.25685002  0.74399424  0.50000289
   0.75699625  0.75585213  1.00000176
   0.75699625  0.25585213  0.50000170
   0.78874016  0.75262031  0.34664376
   0.78874016  0.25262031  0.84664376
   0.78876676  0.75220469  0.65336557
   0.78876676  0.25220471  0.15336559
   0.80174101  0.75294923  0.45054892
   0.80174101  0.25294923  0.95054889
   0.30128120  0.24573492  0.54928791
   0.30128120  0.74573491  0.04928790
   0.30128890  0.24592395  0.45072071
   0.30128890  0.74592395  0.95072071
   0.80174027  0.75275604  0.54945277
   0.80174027  0.25275604  0.04945277
   0.61655389  0.55620536  0.05255698
   0.31926247  0.31586441  0.40617617
   0.52392964  0.47984368  0.13796634
   0.29674495  0.18607380  0.30217929
   0.50421336  0.49766016  0.25115894
   0.02338494  0.96150260  0.03799222
   0.07953827  0.03409380  0.14717717
   0.61655389  0.05620537  0.55255696
   0.31926247  0.81586441  0.90617617
   0.52392964  0.97984371  0.63796632
   0.29674495  0.68607377  0.80217929
   0.50421336  0.99766018  0.75115897
   0.02338494  0.46150263  0.53799221
   0.07953827  0.53409385  0.64717720
   0.11668850  0.44074667  0.94733278
   0.81475426  0.68604431  0.59462232
   0.02384040  0.51918447  0.86192461
   0.78678382  0.80048232  0.69604620
  -0.00284354  0.50792526  0.74915835
   0.52474394  0.03675530  0.96231205
   0.57580281  0.96456420  0.85310487
   0.11668850  0.94074670  0.44733275
   0.81475426  0.18604431  0.09462233
   0.02384040  0.01918449  0.36192461
   0.78678382  0.30048232  0.19604620
  -0.00284354  0.00792529  0.24915836
   0.52474394  0.53675532  0.46231202
   0.57580281  0.46456426  0.35310490
   0.11667493  0.44054054  0.05266841
   0.81464053  0.68637898  0.40538018
   0.02389208  0.51878680  0.13807478
   0.78697013  0.80075258  0.30395399
  -0.00282034  0.50793371  0.25083084
   0.52474260  0.03659408  0.03769935
   0.57594505  0.96407795  0.14688494
   0.11667493  0.94054051  0.55266845
   0.81464053  0.18637899  0.90538021
   0.02389208  0.01878677  0.63807475
   0.78697013  0.30075261  0.80395396
  -0.00282034  0.00793372  0.75083084
   0.52474260  0.53659409  0.53769932
   0.57594505  0.46407795  0.64688497
   0.61658961  0.55645183  0.94745344
   0.31919306  0.31551401  0.59383298
   0.52390763  0.48029446  0.86202531
   0.29703948  0.18602960  0.69780949
   0.50422840  0.49765810  0.74884266
   0.02339248  0.96165912  0.96201188
   0.07946208  0.03446247  0.85283866
   0.61658961  0.05645179  0.44745350
   0.31919306  0.81551401  0.09383299
   0.52390763  0.98029443  0.36202528
   0.29703948  0.68602960  0.19780944
   0.50422840  0.99765810  0.24884263
   0.02339248  0.46165915  0.46201188
   0.07946208  0.53446249  0.35283872
   0.32944651  0.16816930  0.50000399
   0.32944651  0.66816936  1.00000402
   0.83060231  0.83020839  0.50000175
   0.83060231  0.33020845  0.00000175
   0.28550438  0.24332488  0.34484247
   0.28550438  0.74332488  0.84484250
   0.28558584  0.24294309  0.65513145
   0.28558584  0.74294309  0.15513145
