   0.25472172  0.24120168  0.10740353
   0.23587301  0.28743644  0.21959044
   0.25472172  0.74120168  0.60740354
   0.23587301  0.78743647  0.71959040
   0.74890334  0.75457189  0.89284068
   0.73272954  0.73640709  0.78028667
   0.74890334  0.25457189  0.39284071
   0.73272954  0.23640710  0.28028661
   0.74897060  0.75425105  0.10715158
   0.73254828  0.73651447  0.21969957
   0.74897060  0.25425108  0.60715160
   0.73254828  0.23651445  0.71969960
   0.25470352  0.24151161  0.89259642
   0.23577463  0.28735998  0.78041207
   0.25470352  0.74151164  0.39259645
   0.23577463  0.78735995  0.28041210
   0.25686991  0.24398507  0.00000280
   0.25686991  0.74398507  0.50000280
   0.75701636  0.75585967  1.00000171
   0.75701636  0.25585967  0.50000165
   0.78873935  0.75261997  0.34664469
   0.78873935  0.25261997  0.84664469
   0.78876537  0.75220440  0.65336417
   0.78876537  0.25220441  0.15336419
   0.80175198  0.75294805  0.45054716
   0.80175198  0.25294805  0.95054713
   0.30129136  0.24573494  0.54928946
   0.30129136  0.74573493  0.04928945
   0.30129926  0.24592344  0.45071921
   0.30129926  0.74592344  0.95071921
   0.80175127  0.75275502  0.54945468
   0.80175127  0.25275502  0.04945468
   0.61656293  0.55621011  0.05255533
   0.31926588  0.31585081  0.40618170
   0.52393747  0.47984981  0.13796569
   0.29674162  0.18608113  0.30217978
   0.50420995  0.49766312  0.25115869
   0.02339318  0.96150948  0.03799218
   0.07951269  0.03408615  0.14717444
   0.61656293  0.05621011  0.55255531
   0.31926588  0.81585081  0.90618170
   0.52393747  0.97984984  0.63796568
   0.29674162  0.68608110  0.80217978
   0.50420995  0.99766315  0.75115872
   0.02339318  0.46150951  0.53799217
   0.07951269  0.53408620  0.64717447
   0.11669635  0.44073857  0.94733435
   0.81475607  0.68605828  0.59461645
   0.02383843  0.51917123  0.86192533
   0.78677887  0.80048069  0.69604720
  -0.00284704  0.50792993  0.74915851
   0.52475956  0.03675316  0.96231218
   0.57578883  0.96458913  0.85310792
   0.11669635  0.94073860  0.44733432
   0.81475607  0.18605828  0.09461646
   0.02383843  0.01917125  0.36192533
   0.78677887  0.30048069  0.19604720
  -0.00284704  0.00792996  0.24915853
   0.52475956  0.53675319  0.46231215
   0.57578883  0.46458919  0.35310795
   0.11668258  0.44053282  0.05266682
   0.81464299  0.68639181  0.40538582
   0.02388998  0.51877408  0.13807404
   0.78696423  0.80074976  0.30395329
  -0.00282388  0.50793833  0.25083066
   0.52475815  0.03659178  0.03769918
   0.57593108  0.96410325  0.14688194
   0.11668258  0.94053279  0.55266686
   0.81464299  0.18639182  0.90538585
   0.02388998  0.01877406  0.63807401
   0.78696423  0.30074979  0.80395326
  -0.00282388  0.00793834  0.75083066
   0.52475815  0.53659179  0.53769915
   0.57593108  0.46410325  0.64688197
   0.61659881  0.55645641  0.94745501
   0.31919676  0.31550078  0.59382724
   0.52391538  0.48030007  0.86202603
   0.29703460  0.18603723  0.69780897
   0.50422510  0.49766088  0.74884284
   0.02340039  0.96166599  0.96201194
   0.07943644  0.03445431  0.85284131
   0.61659881  0.05645637  0.44745507
   0.31919676  0.81550078  0.09382726
   0.52391538  0.98030004  0.36202600
   0.29703460  0.68603723  0.19780892
   0.50422510  0.99766088  0.24884281
   0.02340039  0.46166602  0.46201194
   0.07943644  0.53445433  0.35284137
   0.32946156  0.16816709  0.50000408
   0.32946156  0.66816715  1.00000411
   0.83061806  0.83020888  0.50000183
   0.83061806  0.33020894  0.00000183
   0.28544171  0.24329408  0.34484158
   0.28544171  0.74329408  0.84484160
   0.28552146  0.24291591  0.65513275
   0.28552146  0.74291591  0.15513275
