   0.25472055  0.24129994  0.10739207
   0.23593828  0.28738829  0.21958327
   0.25472055  0.74129994  0.60739209
   0.23593828  0.78738832  0.71958322
   0.74890672  0.75449947  0.89285006
   0.73280416  0.73637591  0.78029373
   0.74890672  0.25449947  0.39285008
   0.73280416  0.23637593  0.28029367
   0.74897650  0.75417123  0.10714221
   0.73261670  0.73648181  0.21969171
   0.74897650  0.25417126  0.60714224
   0.73261670  0.23648180  0.71969174
   0.25470288  0.24161734  0.89260784
   0.23583712  0.28731336  0.78041912
   0.25470288  0.74161737  0.39260787
   0.23583712  0.78731333  0.28041915
   0.25676382  0.24402442  0.00000299
   0.25676382  0.74402442  0.50000299
   0.75691044  0.75584467  1.00000171
   0.75691044  0.25584467  0.50000165
   0.78882632  0.75259931  0.34663596
   0.78882632  0.25259931  0.84663596
   0.78884987  0.75218052  0.65337354
   0.78884987  0.25218053  0.15337356
   0.80164527  0.75292946  0.45053904
   0.80164527  0.25292946  0.95053901
   0.30118758  0.24578116  0.54930037
   0.30118758  0.74578115  0.04930036
   0.30119691  0.24597107  0.45070847
   0.30119691  0.74597107  0.95070847
   0.80164328  0.75273525  0.54946290
   0.80164328  0.25273525  0.04946290
   0.61641087  0.55617790  0.05255481
   0.31923425  0.31587743  0.40617289
   0.52392124  0.47977150  0.13796265
   0.29676096  0.18606184  0.30218292
   0.50425638  0.49764126  0.25115987
   0.02327529  0.96152664  0.03799212
   0.07979693  0.03425776  0.14719205
   0.61641087  0.05617791  0.55255478
   0.31923425  0.81587743  0.90617289
   0.52392124  0.97977153  0.63796264
   0.29676096  0.68606181  0.80218292
   0.50425638  0.99764129  0.75115990
   0.02327529  0.46152667  0.53799211
   0.07979693  0.53425781  0.64719208
   0.11654803  0.44079558  0.94733512
   0.81473925  0.68603789  0.59462605
   0.02385681  0.51928770  0.86192913
   0.78681526  0.80048262  0.69604043
  -0.00279754  0.50789905  0.74915642
   0.52463476  0.03675629  0.96231210
   0.57604366  0.96438515  0.85308816
   0.11654803  0.94079561  0.44733509
   0.81473925  0.18603789  0.09462607
   0.02385681  0.01928772  0.36192913
   0.78681526  0.30048262  0.19604043
  -0.00279754  0.00789908  0.24915644
   0.52463476  0.53675631  0.46231207
   0.57604366  0.46438521  0.35308819
   0.11653409  0.44058788  0.05266612
   0.81462242  0.68637642  0.40537650
   0.02390826  0.51888530  0.13807044
   0.78700755  0.80075622  0.30395975
  -0.00277434  0.50790744  0.25083238
   0.52463280  0.03659404  0.03769970
   0.57618676  0.96389444  0.14690131
   0.11653409  0.94058785  0.55266616
   0.81462242  0.18637643  0.90537653
   0.02390826  0.01888527  0.63807041
   0.78700755  0.30075625  0.80395972
  -0.00277434  0.00790745  0.75083238
   0.52463280  0.53659405  0.53769968
   0.57618676  0.46389444  0.64690134
   0.61644726  0.55642698  0.94745595
   0.31916201  0.31552285  0.59383651
   0.52389813  0.48022735  0.86202861
   0.29706408  0.18601601  0.69780533
   0.50427152  0.49763967  0.74884164
   0.02328222  0.96168425  0.96201201
   0.07972061  0.03463070  0.85282399
   0.61644726  0.05642694  0.44745601
   0.31916201  0.81552285  0.09383653
   0.52389813  0.98022732  0.36202858
   0.29706408  0.68601601  0.19780529
   0.50427152  0.99763967  0.24884161
   0.02328222  0.46168428  0.46201201
   0.07972061  0.53463072  0.35282405
   0.32934430  0.16820235  0.50000411
   0.32934430  0.66820241  1.00000413
   0.83049991  0.83019937  0.50000186
   0.83049991  0.33019943  0.00000186
   0.28554376  0.24333112  0.34483721
   0.28554376  0.74333112  0.84483724
   0.28562579  0.24294559  0.65513678
   0.28562579  0.74294559  0.15513678
