   0.25667985  0.24880245  0.10719891
   0.23803798  0.28287905  0.21967939
   0.25667985  0.74880245  0.60719893
   0.23803798  0.78287908  0.71967934
   0.75170431  0.74991192  0.89286029
   0.73508855  0.73186757  0.78033275
   0.75170431  0.24991192  0.39286032
   0.73508855  0.23186758  0.28033269
   0.75211198  0.74907756  0.10726549
   0.73375428  0.73206212  0.21955858
   0.75211198  0.24907759  0.60726551
   0.73375428  0.23206210  0.71955861
   0.25725934  0.24954940  0.89268278
   0.23713692  0.28276579  0.78035866
   0.25725934  0.74954943  0.39268281
   0.23713692  0.78276576  0.28035869
   0.24676929  0.24653473  0.00045162
   0.24676929  0.74653473  0.50045162
   0.74650882  0.75429602  0.99957050
   0.74650882  0.25429602  0.49957044
   0.79663510  0.75080679  0.34628838
   0.79663510  0.25080679  0.84628838
   0.79652537  0.74953576  0.65367436
   0.79652537  0.24953577  0.15367437
   0.79383608  0.75175810  0.44997389
   0.79383608  0.25175810  0.94997386
   0.29340545  0.24856339  0.55003463
   0.29340545  0.74856338  0.05003462
   0.29269137  0.24818672  0.45002590
   0.29269137  0.74818672  0.95002590
   0.79316441  0.75214507  0.55006479
   0.79316441  0.25214507  0.05006479
   0.60429339  0.55319095  0.05325058
   0.31695934  0.31805419  0.40513787
   0.52769048  0.47365644  0.13782156
   0.29653307  0.18212220  0.30227150
   0.50524567  0.49502507  0.25130885
   0.01362851  0.96207454  0.03829043
   0.10212978  0.05025534  0.14898638
   0.60429339  0.05319095  0.55325056
   0.31695934  0.81805419  0.90513787
   0.52769048  0.97365647  0.63782154
   0.29653307  0.68212218  0.80227150
   0.50524567  0.99502510  0.75130888
   0.01362851  0.46207457  0.53829043
   0.10212978  0.55025539  0.64898641
   0.10403069  0.44569429  0.94674890
   0.81491513  0.68385521  0.59545805
   0.02673704  0.52560068  0.86225085
   0.78954712  0.80561935  0.69620379
  -0.00107022  0.50469791  0.74888658
   0.51458286  0.03802454  0.96185820
   0.59935369  0.95099744  0.85112481
   0.10403069  0.94569432  0.44674887
   0.81491513  0.18385521  0.09545807
   0.02673704  0.02560070  0.36225085
   0.78954712  0.30561935  0.19620379
  -0.00107022  0.00469794  0.24888660
   0.51458286  0.53802456  0.46185817
   0.59935369  0.45099750  0.35112484
   0.10507035  0.44479930  0.05286910
   0.81389673  0.68448840  0.40445889
   0.02670202  0.52429850  0.13780945
   0.79061147  0.80623252  0.30392976
  -0.00104638  0.50472890  0.25103324
   0.51329559  0.03959551  0.03849700
   0.60009174  0.94918659  0.14906883
   0.10507035  0.94479927  0.55286914
   0.81389673  0.18448842  0.90445892
   0.02670202  0.02429847  0.63780942
   0.79061147  0.30623255  0.80392973
  -0.00104638  0.00472891  0.75103324
   0.51329559  0.53959552  0.53849697
   0.60009174  0.44918659  0.64906886
   0.60503549  0.55388359  0.94713459
   0.31584587  0.31726820  0.59494604
   0.52774949  0.47528295  0.86213810
   0.29831063  0.18165496  0.69767194
   0.50516100  0.49500869  0.74870286
   0.01245617  0.96066652  0.96137926
   0.10242552  0.05164104  0.85088418
   0.60503549  0.05388355  0.44713465
   0.31584587  0.81726820  0.09494605
   0.52774949  0.97528292  0.36213807
   0.29831063  0.68165496  0.19767190
   0.50516100  0.99500869  0.24870283
   0.01245617  0.46066655  0.46137926
   0.10242552  0.55164106  0.35088424
   0.32159651  0.16898609  0.50003969
   0.32159651  0.66898615  1.00003972
   0.82156583  0.83091733  0.49996712
   0.82156583  0.33091739 -0.00003288
   0.29264087  0.24731700  0.34470246
   0.29264087  0.74731700  0.84470249
   0.29270514  0.24643316  0.65514817
   0.29270514  0.74643316  0.15514817
