   0.25547444  0.23748928  0.10769735
   0.23341646  0.28850654  0.21960788
   0.25547444  0.73748928  0.60769736
   0.23341646  0.78850657  0.71960784
   0.74947292  0.75747441  0.89263180
   0.73014981  0.73738380  0.78028418
   0.74947292  0.25747441  0.39263183
   0.73014981  0.23738381  0.28028412
   0.74949156  0.75731277  0.10735994
   0.73011438  0.73752269  0.21971659
   0.74949156  0.25731280  0.60735997
   0.73011438  0.23752268  0.71971662
   0.25541979  0.23763692  0.89230134
   0.23339155  0.28838944  0.78039482
   0.25541979  0.73763695  0.39230137
   0.23339155  0.78838941  0.28039485
   0.26107905  0.24236326 -0.00000176
   0.26107905  0.74236326  0.49999824
   0.76130175  0.75659772  1.00000134
   0.76130175  0.25659772  0.50000128
   0.78588795  0.75398307  0.34662010
   0.78588795  0.25398307  0.84662010
   0.78593127  0.75372146  0.65341155
   0.78593127  0.25372147  0.15341156
   0.80549999  0.75342271  0.45062437
   0.80549999  0.25342271  0.95062434
   0.30504835  0.24442036  0.54918372
   0.30504835  0.74442035  0.04918371
   0.30504789  0.24455696  0.45081833
   0.30504789  0.74455696  0.95081833
   0.80550884  0.75328675  0.54936940
   0.80550884  0.25328675  0.04936940
   0.62237066  0.55803254  0.05263933
   0.32016400  0.31485069  0.40637283
   0.52409310  0.48373979  0.13816890
   0.29595598  0.18745476  0.30210637
   0.50217492  0.49848871  0.25116312
   0.02723376  0.96082237  0.03793236
   0.06899854  0.02624347  0.14657184
   0.62237066  0.05803255  0.55263930
   0.32016400  0.81485069  0.90637283
   0.52409310  0.98373982  0.63816888
   0.29595598  0.68745473  0.80210637
   0.50217492  0.99848874  0.75116315
   0.02723376  0.46082240  0.53793236
   0.06899854  0.52624352  0.64657187
   0.12243950  0.43819659  0.94724868
   0.81506038  0.68670601  0.59445397
   0.02432728  0.51538295  0.86167833
   0.78548149  0.79971466  0.69609119
  -0.00490367  0.50902047  0.74917989
   0.52864239  0.03655625  0.96238115
   0.56515381  0.97205385  0.85376778
   0.12243950  0.93819662  0.44724865
   0.81506038  0.18670601  0.09445399
   0.02432728  0.01538297  0.36167833
   0.78548149  0.29971466  0.19609119
  -0.00490367  0.00902050  0.24917991
   0.52864239  0.53655627  0.46238112
   0.56515381  0.47205391  0.35376781
   0.12244204  0.43803250  0.05275071
   0.81501102  0.68692970  0.40554821
   0.02439393  0.51512730  0.13831324
   0.78548578  0.79991423  0.30389596
  -0.00488243  0.50903092  0.25081868
   0.52866088  0.03643233  0.03762080
   0.56525370  0.97168950  0.14622811
   0.12244204  0.93803247  0.55275075
   0.81501102  0.18692972  0.90554824
   0.02439393  0.01512727  0.63831321
   0.78548578  0.29991426  0.80389593
  -0.00488243  0.00903093  0.75081868
   0.52866088  0.53643234  0.53762078
   0.56525370  0.47168950  0.64622814
   0.62237996  0.55821037  0.94736257
   0.32015892  0.31462490  0.59363209
   0.52410801  0.48404084  0.86183046
   0.29600662  0.18746307  0.69788785
   0.50218628  0.49847972  0.74884092
   0.02724095  0.96094613  0.96206896
   0.06891197  0.02650773  0.85343607
   0.62237996  0.05821033  0.44736263
   0.32015892  0.81462490  0.09363210
   0.52410801  0.98404081  0.36183043
   0.29600662  0.68746307  0.19788780
   0.50218628  0.99847972  0.24884089
   0.02724095  0.46094616  0.46206896
   0.06891197  0.52650775  0.35343613
   0.33315720  0.16692964  0.50000239
   0.33315720  0.66692970  1.00000242
   0.83428832  0.83055115  0.50000016
   0.83428832  0.33055121  0.00000016
   0.28286187  0.24201399  0.34481488
   0.28286187  0.74201399  0.84481491
   0.28290651  0.24174455  0.65517117
   0.28290651  0.74174455  0.15517117
