   0.25589869  0.24712753  0.10714679
   0.23804066  0.28402847  0.21963887
   0.25589869  0.74712753  0.60714681
   0.23804066  0.78402850  0.71963883
   0.75029150  0.75071063  0.89297331
   0.73506915  0.73361072  0.78032447
   0.75029150  0.25071063  0.39297334
   0.73506915  0.23361074  0.28032441
   0.75074793  0.74962112  0.10707303
   0.73425397  0.73359631  0.21961036
   0.75074793  0.24962115  0.60707305
   0.73425397  0.23359630  0.71961039
   0.25638023  0.24811587  0.89278629
   0.23765025  0.28409319  0.78037604
   0.25638023  0.74811590  0.39278632
   0.23765025  0.78409316  0.28037607
   0.24897935  0.24667969  0.00013551
   0.24897935  0.74667969  0.50013551
   0.74894145  0.75443738  0.99987372
   0.74894145  0.25443738  0.49987366
   0.79503620  0.75080543  0.34655133
   0.79503620  0.25080543  0.84655133
   0.79493599  0.74980543  0.65350407
   0.79493599  0.24980544  0.15350409
   0.79516194  0.75199003  0.45018786
   0.79516194  0.25199003  0.95018783
   0.29468215  0.24819634  0.54970837
   0.29468215  0.74819633  0.04970836
   0.29449615  0.24812621  0.45031110
   0.29449615  0.74812621  0.95031110
   0.79495318  0.75199120  0.54980593
   0.79495318  0.25199120  0.04980593
   0.60647434  0.55345728  0.05276108
   0.31765083  0.31772476  0.40556608
   0.52633146  0.47477317  0.13786500
   0.29722172  0.18381156  0.30214786
   0.50572956  0.49575350  0.25124926
   0.01608444  0.96247084  0.03819094
   0.09735635  0.04662421  0.14845087
   0.60647434  0.05345729  0.55276106
   0.31765083  0.81772476  0.90556608
   0.52633146  0.97477320  0.63786498
   0.29722172  0.68381153  0.80214786
   0.50572956  0.99575353  0.75124929
   0.01608444  0.46247087  0.53819093
   0.09735635  0.54662426  0.64845090
   0.10656941  0.44490423  0.94720704
   0.81449846  0.68479180  0.59518127
   0.02565037  0.52456034  0.86214068
   0.78899515  0.80229550  0.69612225
  -0.00104163  0.50541739  0.74900839
   0.51729617  0.03730639  0.96205503
   0.59399540  0.95371171  0.85173583
   0.10656941  0.94490426  0.44720701
   0.81449846  0.18479180  0.09518128
   0.02565037  0.02456036  0.36214068
   0.78899515  0.30229550  0.19612225
  -0.00104163  0.00541742  0.24900841
   0.51729617  0.53730641  0.46205500
   0.59399540  0.45371177  0.35173586
   0.10679421  0.44460913  0.05268690
   0.81338260  0.68543962  0.40481436
   0.02560392  0.52361871  0.13790155
   0.78969753  0.80295344  0.30384948
  -0.00099995  0.50542068  0.25094718
   0.51685563  0.03779634  0.03810702
   0.59439940  0.95247615  0.14829796
   0.10679421  0.94460910  0.55268695
   0.81338260  0.18543964  0.90481439
   0.02560392  0.02361869  0.63790152
   0.78969753  0.30295347  0.80384945
  -0.00099995  0.00542068  0.75094718
   0.51685563  0.53779635  0.53810699
   0.59439940  0.45247615  0.64829799
   0.60670317  0.55375169  0.94738552
   0.31658641  0.31706794  0.59448909
   0.52626428  0.47596442  0.86208082
   0.29849520  0.18350151  0.69781060
   0.50572275  0.49578402  0.74875400
   0.01568138  0.96200925  0.96169268
   0.09737224  0.04753802  0.85155431
   0.60670317  0.05375164  0.44738558
   0.31658641  0.81706794  0.09448910
   0.52626428  0.97596439  0.36208079
   0.29849520  0.68350151  0.19781056
   0.50572275  0.99578402  0.24875397
   0.01568138  0.46200928  0.46169268
   0.09737224  0.54753804  0.35155437
   0.32294075  0.16987098  0.50001932
   0.32294075  0.66987104  1.00001935
   0.82352470  0.82993340  0.49999955
   0.82352470  0.32993346 -0.00000045
   0.29122946  0.24631425  0.34470862
   0.29122946  0.74631425  0.84470865
   0.29141522  0.24541205  0.65521231
   0.29141522  0.74541205  0.15521231
