   0.25543519  0.23762613  0.10768808
   0.23349885  0.28847713  0.21960677
   0.25543519  0.73762613  0.60768810
   0.23349885  0.78847716  0.71960673
   0.74944336  0.75735856  0.89264159
   0.73023734  0.73735409  0.78028482
   0.74944336  0.25735856  0.39264162
   0.73023734  0.23735410  0.28028476
   0.74946768  0.75720009  0.10735339
   0.73019588  0.73749544  0.21971594
   0.74946768  0.25720012  0.60735341
   0.73019588  0.23749543  0.71971597
   0.25538165  0.23777426  0.89231361
   0.23347452  0.28835394  0.78039581
   0.25538165  0.73777429  0.39231364
   0.23347452  0.78835391  0.28039584
   0.26093837  0.24242103 -0.00000139
   0.26093837  0.74242103  0.49999861
   0.76115841  0.75656370  1.00000172
   0.76115841  0.25656370  0.50000166
   0.78598596  0.75394034  0.34662187
   0.78598596  0.25394034  0.84662187
   0.78602967  0.75365871  0.65339170
   0.78602967  0.25365872  0.15339171
   0.80537794  0.75341060  0.45062635
   0.80537794  0.25341060  0.95062632
   0.30492393  0.24445487  0.54918318
   0.30492393  0.74445486  0.04918317
   0.30492149  0.24459046  0.45082039
   0.30492149  0.74459046  0.95082039
   0.80538413  0.75327014  0.54937064
   0.80538413  0.25327014  0.04937064
   0.62218201  0.55796497  0.05263572
   0.32013331  0.31488621  0.40636520
   0.52407852  0.48359175  0.13816183
   0.29598250  0.18740118  0.30210713
   0.50223746  0.49846841  0.25116321
   0.02710633  0.96084001  0.03793436
   0.06936183  0.02652125  0.14659415
   0.62218201  0.05796498  0.55263570
   0.32013331  0.81488621  0.90636520
   0.52407852  0.98359178  0.63816182
   0.29598250  0.68740115  0.80210713
   0.50223746  0.99846844  0.75116324
   0.02710633  0.46084004  0.53793436
   0.06936183  0.52652130  0.64659418
   0.12225249  0.43828207  0.94725222
   0.81506083  0.68668190  0.59446019
   0.02430158  0.51553173  0.86168822
   0.78551900  0.79975886  0.69609759
  -0.00484152  0.50898521  0.74917958
   0.52851402  0.03656218  0.96237832
   0.56550617  0.97178029  0.85374624
   0.12225249  0.93828210  0.44725219
   0.81506083  0.18668190  0.09446021
   0.02430158  0.01553175  0.36168822
   0.78551900  0.29975886  0.19609759
  -0.00484152  0.00898524  0.24917960
   0.52851402  0.53656220  0.46237829
   0.56550617  0.47178035  0.35374627
   0.12225298  0.43811595  0.05274684
   0.81500887  0.68690549  0.40554208
   0.02435999  0.51526523  0.13830517
   0.78552959  0.79996234  0.30389376
  -0.00481480  0.50900105  0.25081976
   0.52853148  0.03643718  0.03762371
   0.56562299  0.97142436  0.14625044
   0.12225298  0.93811592  0.55274688
   0.81500887  0.18690550  0.90554211
   0.02435999  0.01526520  0.63830514
   0.78552959  0.29996236  0.80389373
  -0.00481480  0.00900106  0.75081976
   0.52853148  0.53643718  0.53762368
   0.56562299  0.47142436  0.64625047
   0.62219077  0.55814351  0.94736595
   0.32012790  0.31465955  0.59364016
   0.52407970  0.48390673  0.86183918
   0.29603890  0.18740998  0.69788620
   0.50225311  0.49845398  0.74884091
   0.02711620  0.96096319  0.96206698
   0.06928373  0.02677777  0.85341512
   0.62219077  0.05814346  0.44736601
   0.32012790  0.81465955  0.09364017
   0.52407970  0.98390670  0.36183915
   0.29603890  0.68740998  0.19788616
   0.50225311  0.99845398  0.24884088
   0.02711620  0.46096322  0.46206698
   0.06928373  0.52677779  0.35341518
   0.33303301  0.16697374  0.50000214
   0.33303301  0.66697380  1.00000217
   0.83416634  0.83053254  0.49999973
   0.83416634  0.33053260 -0.00000027
   0.28296550  0.24206458  0.34481627
   0.28296550  0.74206458  0.84481630
   0.28300453  0.24179717  0.65516708
   0.28300453  0.74179717  0.15516708
