   0.25614060  0.23534424  0.10787082
   0.23217659  0.28896620  0.21961872
   0.25614060  0.73534424  0.60787084
   0.23217659  0.78896623  0.71961868
   0.75005952  0.75926144  0.89250084
   0.72886660  0.73788294  0.78028457
   0.75005952  0.25926144  0.39250086
   0.72886660  0.23788296  0.28028451
   0.75006795  0.75914839  0.10749597
   0.72885576  0.73804001  0.21972303
   0.75006795  0.25914842  0.60749600
   0.72885576  0.23804000  0.71972306
   0.25610082  0.23548272  0.89213229
   0.23215201  0.28883558  0.78038764
   0.25610082  0.73548275  0.39213232
   0.23215201  0.78883555  0.28038767
   0.26329913  0.24154560 -0.00000192
   0.26329913  0.74154560  0.49999808
   0.76357500  0.75707660  1.00000150
   0.76357500  0.25707660  0.50000144
   0.78441704  0.75473414  0.34659727
   0.78441704  0.25473414  0.84659727
   0.78444355  0.75447607  0.65341080
   0.78444355  0.25447609  0.15341082
   0.80747606  0.75378428  0.45066830
   0.80747606  0.25378428  0.95066827
   0.30706346  0.24374575  0.54912785
   0.30706346  0.74374573  0.04912784
   0.30705456  0.24387514  0.45087500
   0.30705456  0.74387514  0.95087500
   0.80748807  0.75365832  0.54932729
   0.80748807  0.25365832  0.04932729
   0.62546397  0.55912039  0.05269126
   0.32061382  0.31439461  0.40646084
   0.52457541  0.48617609  0.13830947
   0.29547146  0.18831108  0.30204886
   0.50114190  0.49889236  0.25116929
   0.02925328  0.96054731  0.03790877
   0.06272654  0.02138369  0.14620174
   0.62546397  0.05912040  0.55269124
   0.32061382  0.81439461  0.90646084
   0.52457541  0.98617612  0.63830946
   0.29547146  0.68831105  0.80204886
   0.50114190  0.99889238  0.75116932
   0.02925328  0.46054734  0.53790876
   0.06272654  0.52138374  0.64620177
   0.12544320  0.43691505  0.94718711
   0.81486671  0.68705815  0.59437329
   0.02504582  0.51287857  0.86152128
   0.78489001  0.79904144  0.69614586
  -0.00593083  0.50951988  0.74918517
   0.53066631  0.03652875  0.96241985
   0.55900623  0.97645180  0.85411773
   0.12544320  0.93691508  0.44718708
   0.81486671  0.18705815  0.09437331
   0.02504582  0.01287859  0.36152128
   0.78489001  0.29904144  0.19614586
  -0.00593083  0.00951991  0.24918519
   0.53066631  0.53652877  0.46241982
   0.55900623  0.47645186  0.35411776
   0.12546211  0.43674909  0.05280981
   0.81483762  0.68725406  0.40562275
   0.02509168  0.51260598  0.13847339
   0.78488460  0.79922573  0.30385998
  -0.00590753  0.50953410  0.25081739
   0.53068730  0.03641261  0.03757826
   0.55906599  0.97617220  0.14587606
   0.12546211  0.93674906  0.55280985
   0.81483762  0.18725407  0.90562277
   0.02509168  0.01260595  0.63847336
   0.78488460  0.29922576  0.80385995
  -0.00590753  0.00953411  0.75081739
   0.53068730  0.53641262  0.53757823
   0.55906599  0.47617220  0.64587609
   0.62545564  0.55927514  0.94730658
   0.32061456  0.31418800  0.59353846
   0.52457903  0.48645453  0.86169428
   0.29547646  0.18833381  0.69794903
   0.50115618  0.49887699  0.74883725
   0.02925897  0.96066627  0.96208934
   0.06272407  0.02165087  0.85380124
   0.62545564  0.05927509  0.44730664
   0.32061456  0.81418800  0.09353847
   0.52457903  0.98645450  0.36169425
   0.29547646  0.68833381  0.19794898
   0.50115618  0.99887699  0.24883722
   0.02925897  0.46066630  0.46208934
   0.06272407  0.52165089  0.35380130
   0.33501438  0.16633932  0.50000051
   0.33501438  0.66633938  1.00000054
   0.83613668  0.83080571  0.49999782
   0.83613668  0.33080577 -0.00000218
   0.28148216  0.24131393  0.34479317
   0.28148216  0.74131393  0.84479320
   0.28150927  0.24106489  0.65519412
   0.28150927  0.74106489  0.15519412
