   0.25555929  0.23715774  0.10772409
   0.23320998  0.28858908  0.21960770
   0.25555929  0.73715774  0.60772410
   0.23320998  0.78858911  0.71960765
   0.74954612  0.75774459  0.89261451
   0.72993387  0.73745231  0.78028629
   0.74954612  0.25774459  0.39261454
   0.72993387  0.23745232  0.28028623
   0.74955982  0.75759496  0.10737990
   0.72990141  0.73759671  0.21971596
   0.74955982  0.25759498  0.60737992
   0.72990141  0.23759670  0.71971599
   0.25551813  0.23730326  0.89227736
   0.23318048  0.28846812  0.78039573
   0.25551813  0.73730329  0.39227739
   0.23318048  0.78846809  0.28039576
   0.26142737  0.24223067 -0.00000120
   0.26142737  0.74223067  0.49999880
   0.76165696  0.75667187  1.00000203
   0.76165696  0.25667187  0.50000197
   0.78565822  0.75410855  0.34660732
   0.78565822  0.25410855  0.84660732
   0.78570142  0.75382990  0.65340115
   0.78570142  0.25382992  0.15340117
   0.80580558  0.75347290  0.45063387
   0.80580558  0.25347290  0.95063384
   0.30535911  0.24431766  0.54917564
   0.30535911  0.74431765  0.04917563
   0.30535619  0.24445265  0.45082875
   0.30535619  0.74445265  0.95082875
   0.80581540  0.75333688  0.54936354
   0.80581540  0.25333688  0.04936354
   0.62285240  0.55819334  0.05264678
   0.32023920  0.31478243  0.40638689
   0.52416629  0.48408918  0.13819068
   0.29589015  0.18757728  0.30209965
   0.50200574  0.49855072  0.25116427
   0.02755765  0.96077735  0.03792656
   0.06802929  0.02552574  0.14651739
   0.62285240  0.05819335  0.55264676
   0.32023920  0.81478243  0.90638689
   0.52416629  0.98408921  0.63819067
   0.29589015  0.68757725  0.80209965
   0.50200574  0.99855075  0.75116430
   0.02755765  0.46077738  0.53792656
   0.06802929  0.52552579  0.64651742
   0.12291130  0.43799922  0.94723970
   0.81505880  0.68675410  0.59444047
   0.02441789  0.51501727  0.86165561
   0.78538072  0.79962010  0.69609929
  -0.00507265  0.50910055  0.74918144
   0.52896781  0.03654444  0.96238760
   0.56420047  0.97272468  0.85382289
   0.12291130  0.93799925  0.44723967
   0.81505880  0.18675410  0.09444049
   0.02441789  0.01501729  0.36165561
   0.78538072  0.29962010  0.19609929
  -0.00507265  0.00910058  0.24918146
   0.52896781  0.53654446  0.46238757
   0.56420047  0.47272474  0.35382292
   0.12291624  0.43783574  0.05275855
   0.81501085  0.68697343  0.40555781
   0.02446495  0.51474641  0.13833804
   0.78538525  0.79980034  0.30390481
  -0.00504796  0.50911607  0.25081861
   0.52898417  0.03642128  0.03761280
   0.56431823  0.97239423  0.14617358
   0.12291624  0.93783571  0.55275859
   0.81501085  0.18697344  0.90555784
   0.02446495  0.01474638  0.63833801
   0.78538525  0.29980037  0.80390478
  -0.00504796  0.00911608  0.75081861
   0.52898417  0.53642129  0.53761278
   0.56431823  0.47239423  0.64617361
   0.62285903  0.55836581  0.94735375
   0.32023606  0.31456057  0.59361489
   0.52416099  0.48440420  0.86181112
   0.29593205  0.18758365  0.69789700
   0.50201952  0.49853528  0.74884061
   0.02756624  0.96089924  0.96207324
   0.06797013  0.02576983  0.85349066
   0.62285903  0.05836577  0.44735381
   0.32023606  0.81456057  0.09361491
   0.52416099  0.98440417  0.36181109
   0.29593205  0.68758365  0.19789695
   0.50201952  0.99853528  0.24884058
   0.02756624  0.46089927  0.46207324
   0.06797013  0.52576985  0.35349072
   0.33345283  0.16683509  0.50000103
   0.33345283  0.66683515  1.00000106
   0.83458271  0.83058755  0.49999851
   0.83458271  0.33058761 -0.00000149
   0.28267557  0.24192225  0.34481382
   0.28267557  0.74192225  0.84481384
   0.28271841  0.24166462  0.65516924
   0.28271841  0.74166462  0.15516924
