   0.25593969  0.23603508  0.10781478
   0.23256516  0.28880413  0.21961490
   0.25593969  0.73603508  0.60781480
   0.23256516  0.78880416  0.71961485
   0.74987008  0.75867540  0.89254581
   0.72926215  0.73772610  0.78028518
   0.74987008  0.25867540  0.39254584
   0.72926215  0.23772612  0.28028512
   0.74988152  0.75854735  0.10745066
   0.72924394  0.73787773  0.21971997
   0.74988152  0.25854738  0.60745068
   0.72924394  0.23787771  0.71972000
   0.25589497  0.23617217  0.89218824
   0.23253998  0.28868188  0.78038949
   0.25589497  0.73617219  0.39218827
   0.23253998  0.78868185  0.28038952
   0.26260367  0.24180035 -0.00000206
   0.26260367  0.74180035  0.49999794
   0.76286099  0.75692196  1.00000146
   0.76286099  0.25692196  0.50000140
   0.78488531  0.75449184  0.34660771
   0.78488531  0.25449184  0.84660771
   0.78492134  0.75422942  0.65340356
   0.78492134  0.25422944  0.15340357
   0.80684722  0.75366483  0.45065321
   0.80684722  0.25366483  0.95065318
   0.30641589  0.24395543  0.54914595
   0.30641589  0.74395541  0.04914593
   0.30640923  0.24408475  0.45085647
   0.30640923  0.74408475  0.95085647
   0.80685769  0.75353472  0.54934162
   0.80685769  0.25353472  0.04934161
   0.62449777  0.55876596  0.05267421
   0.32046834  0.31452486  0.40643667
   0.52440081  0.48539950  0.13825979
   0.29563666  0.18804119  0.30206941
   0.50145310  0.49876453  0.25116692
   0.02862296  0.96062954  0.03791493
   0.06473963  0.02295104  0.14631986
   0.62449777  0.05876597  0.55267419
   0.32046834  0.81452486  0.90643667
   0.52440081  0.98539953  0.63825977
   0.29563666  0.68804117  0.80206941
   0.50145310  0.99876456  0.75116695
   0.02862296  0.46062957  0.53791492
   0.06473963  0.52295109  0.64631989
   0.12450613  0.43731752  0.94720801
   0.81496182  0.68695686  0.59439664
   0.02478785  0.51369627  0.86157738
   0.78507208  0.79927415  0.69612357
  -0.00562238  0.50937288  0.74918357
   0.53003784  0.03653230  0.96240675
   0.56094083  0.97505328  0.85401323
   0.12450613  0.93731755  0.44720798
   0.81496182  0.18695686  0.09439665
   0.02478785  0.01369629  0.36157738
   0.78507208  0.29927415  0.19612357
  -0.00562238  0.00937291  0.24918358
   0.53003784  0.53653233  0.46240672
   0.56094083  0.47505334  0.35401326
   0.12452034  0.43715201  0.05278902
   0.81492177  0.68716511  0.40560196
   0.02484104  0.51343378  0.13841765
   0.78507417  0.79948020  0.30387191
  -0.00560012  0.50938510  0.25081711
   0.53005782  0.03641508  0.03759186
   0.56102108  0.97474746  0.14598253
   0.12452034  0.93715198  0.55278906
   0.81492177  0.18716513  0.90560199
   0.02484104  0.01343375  0.63841762
   0.78507417  0.29948023  0.80387188
  -0.00560012  0.00938511  0.75081711
   0.53005782  0.53641508  0.53759183
   0.56102108  0.47474746  0.64598256
   0.62449333  0.55892602  0.94732419
   0.32047020  0.31431833  0.59356437
   0.52440497  0.48568406  0.86174406
   0.29565369  0.18805830  0.69793002
   0.50146567  0.49875419  0.74883802
   0.02862943  0.96074850  0.96208342
   0.06470424  0.02320866  0.85368608
   0.62449333  0.05892598  0.44732425
   0.32047020  0.81431833  0.09356438
   0.52440497  0.98568403  0.36174403
   0.29565369  0.68805830  0.19792997
   0.50146567  0.99875419  0.24883799
   0.02862943  0.46074853  0.46208342
   0.06470424  0.52320869  0.35368614
   0.33443293  0.16652403  0.50000080
   0.33443293  0.66652409  1.00000083
   0.83555358  0.83071717  0.49999834
   0.83555358  0.33071723 -0.00000166
   0.28190946  0.24152588  0.34480135
   0.28190946  0.74152588  0.84480138
   0.28194379  0.24127289  0.65518937
   0.28194379  0.74127289  0.15518937
