   0.25515331  0.23868156  0.10759687
   0.23416767  0.28820771  0.21959727
   0.25515331  0.73868156  0.60759689
   0.23416767  0.78820774  0.71959723
   0.74922959  0.75649733  0.89270643
   0.73093815  0.73711566  0.78029088
   0.74922959  0.25649733  0.39270646
   0.73093815  0.23711567  0.28029082
   0.74925355  0.75630577  0.10728519
   0.73087871  0.73724963  0.21970859
   0.74925355  0.25630580  0.60728521
   0.73087871  0.23724962  0.71970862
   0.25511064  0.23886016  0.89240200
   0.23412867  0.28810351  0.78040680
   0.25511064  0.73886019  0.39240203
   0.23412867  0.78810348  0.28040683
   0.25981511  0.24286664 -0.00000133
   0.25981511  0.74286664  0.49999867
   0.76000944  0.75633029  1.00000116
   0.76000944  0.25633029  0.50000110
   0.78672353  0.75356007  0.34662712
   0.78672353  0.25356007  0.84662712
   0.78677282  0.75326237  0.65339234
   0.78677282  0.25326238  0.15339235
   0.80440542  0.75325150  0.45060458
   0.80440542  0.25325150  0.95060455
   0.30394176  0.24480239  0.54920972
   0.30394176  0.74480237  0.04920971
   0.30394485  0.24494680  0.45079485
   0.30394485  0.74494680  0.95079485
   0.80441256  0.75310229  0.54939108
   0.80441256  0.25310229  0.04939108
   0.62059647  0.55743700  0.05261369
   0.31987090  0.31513631  0.40630415
   0.52390313  0.48242494  0.13809855
   0.29617424  0.18701000  0.30212777
   0.50279377  0.49826700  0.25116197
   0.02606134  0.96100484  0.03795173
   0.07242816  0.02884602  0.14677136
   0.62059647  0.05743700  0.55261367
   0.31987090  0.81513631  0.90630415
   0.52390313  0.98242497  0.63809854
   0.29617424  0.68700997  0.80212777
   0.50279377  0.99826702  0.75116200
   0.02606134  0.46100487  0.53795173
   0.07242816  0.52884607  0.64677139
   0.12069298  0.43896687  0.94727603
   0.81501546  0.68649217  0.59450981
   0.02406200  0.51669981  0.86176188
   0.78585505  0.80005689  0.69608721
  -0.00428702  0.50871433  0.74917380
   0.52744943  0.03661076  0.96235816
   0.56854185  0.96955135  0.85355803
   0.12069298  0.93896690  0.44727600
   0.81501546  0.18649217  0.09450982
   0.02406200  0.01669983  0.36176188
   0.78585505  0.30005689  0.19608721
  -0.00428702  0.00871436  0.24917382
   0.52744943  0.53661079  0.46235813
   0.56854185  0.46955141  0.35355806
   0.12068680  0.43879891  0.05272539
   0.81495270  0.68673934  0.40549086
   0.02411446  0.51640074  0.13823106
   0.78588635  0.80024970  0.30390572
  -0.00426331  0.50872707  0.25082306
   0.52746862  0.03647851  0.03764717
   0.56869125  0.96918682  0.14643656
   0.12068680  0.93879888  0.55272544
   0.81495270  0.18673936  0.90549089
   0.02411446  0.01640072  0.63823103
   0.78588635  0.30024973  0.80390569
  -0.00426331  0.00872707  0.75082306
   0.52746862  0.53647851  0.53764714
   0.56869125  0.46918682  0.64643659
   0.62061349  0.55763797  0.94739140
   0.31986442  0.31488843  0.59369822
   0.52388574  0.48278018  0.86189927
   0.29626961  0.18700780  0.69786525
   0.50280641  0.49825392  0.74884141
   0.02606854  0.96113556  0.96205247
   0.07235632  0.02910665  0.85323729
   0.62061349  0.05763792  0.44739146
   0.31986442  0.81488843  0.09369824
   0.52388574  0.98278015  0.36189924
   0.29626961  0.68700780  0.19786520
   0.50280641  0.99825392  0.24884138
   0.02606854  0.46113559  0.46205247
   0.07235632  0.52910667  0.35323734
   0.33201519  0.16731340  0.50000341
   0.33201519  0.66731346  1.00000344
   0.83315507  0.83041528  0.50000118
   0.83315507  0.33041534  0.00000118
   0.28366510  0.24240090  0.34482327
   0.28366510  0.74240090  0.84482330
   0.28371939  0.24211668  0.65515923
   0.28371939  0.74211668  0.15515923
