   0.25575256  0.23657011  0.10776965
   0.23286808  0.28869670  0.21960759
   0.25575256  0.73657011  0.60776966
   0.23286808  0.78869673  0.71960754
   0.74972208  0.75822955  0.89258061
   0.72957695  0.73759953  0.78029045
   0.74972208  0.25822955  0.39258064
   0.72957695  0.23759955  0.28029039
   0.74973453  0.75809236  0.10741435
   0.72955342  0.73774722  0.21971335
   0.74973453  0.25809238  0.60741438
   0.72955342  0.23774721  0.71971338
   0.25570921  0.23670976  0.89223210
   0.23284345  0.28857343  0.78039658
   0.25570921  0.73670978  0.39223213
   0.23284345  0.78857340  0.28039661
   0.26206367  0.24200294 -0.00000169
   0.26206367  0.74200294  0.49999831
   0.76230725  0.75679814  1.00000176
   0.76230725  0.25679814  0.50000170
   0.78524221  0.75431619  0.34661309
   0.78524221  0.25431619  0.84661309
   0.78528159  0.75404693  0.65339565
   0.78528159  0.25404694  0.15339567
   0.80638591  0.75356952  0.45064690
   0.80638591  0.25356952  0.95064687
   0.30594500  0.24411991  0.54915559
   0.30594500  0.74411990  0.04915558
   0.30593902  0.24425130  0.45084803
   0.30593902  0.74425130  0.95084803
   0.80639409  0.75343670  0.54934961
   0.80639409  0.25343670  0.04934961
   0.62370017  0.55848880  0.05266192
   0.32035302  0.31465404  0.40640864
   0.52426239  0.48474857  0.13822669
   0.29576123  0.18781567  0.30208490
   0.50171493  0.49866264  0.25116670
   0.02810056  0.96069610  0.03792120
   0.06635057  0.02420880  0.14641863
   0.62370017  0.05848881  0.55266189
   0.32035302  0.81465404  0.90640864
   0.52426239  0.98474860  0.63822667
   0.29576123  0.68781565  0.80208490
   0.50171493  0.99866267  0.75116673
   0.02810056  0.46069613  0.53792120
   0.06635057  0.52420885  0.64641866
   0.12373709  0.43763995  0.94722320
   0.81501950  0.68685684  0.59442002
   0.02459561  0.51437250  0.86161379
   0.78521802  0.79946506  0.69612204
  -0.00536295  0.50924027  0.74918207
   0.52951165  0.03653868  0.96239714
   0.56252430  0.97390434  0.85391904
   0.12373709  0.93763998  0.44722317
   0.81501950  0.18685684  0.09442004
   0.02459561  0.01437253  0.36161379
   0.78521802  0.29946506  0.19612204
  -0.00536295  0.00924030  0.24918209
   0.52951165  0.53653871  0.46239711
   0.56252430  0.47390440  0.35391907
   0.12374478  0.43747871  0.05277490
   0.81497581  0.68706585  0.40557807
   0.02464521  0.51410624  0.13837969
   0.78521322  0.79964284  0.30388109
  -0.00533875  0.50925572  0.25081891
   0.52952995  0.03641831  0.03760299
   0.56262662  0.97358861  0.14607642
   0.12374478  0.93747868  0.55277494
   0.81497581  0.18706587  0.90557810
   0.02464521  0.01410621  0.63837966
   0.78521322  0.29964287  0.80388106
  -0.00533875  0.00925573  0.75081891
   0.52952995  0.53641832  0.53760296
   0.56262662  0.47358861  0.64607645
   0.62370360  0.55865676  0.94733801
   0.32035223  0.31443841  0.59359255
   0.52426021  0.48504860  0.86177544
   0.29579056  0.18782821  0.69791159
   0.50172889  0.49864722  0.74883854
   0.02810799  0.96081640  0.96207856
   0.06630344  0.02445611  0.85358771
   0.62370360  0.05865672  0.44733807
   0.32035223  0.81443841  0.09359257
   0.52426021  0.98504857  0.36177541
   0.29579056  0.68782821  0.19791154
   0.50172889  0.99864722  0.24883851
   0.02810799  0.46081643  0.46207856
   0.06630344  0.52445613  0.35358777
   0.33394614  0.16668239  0.50000112
   0.33394614  0.66668245  1.00000115
   0.83507117  0.83064484  0.49999856
   0.83507117  0.33064490 -0.00000144
   0.28224648  0.24171230  0.34481632
   0.28224648  0.74171230  0.84481635
   0.28228703  0.24145973  0.65516982
   0.28228703  0.74145973  0.15516982
