   0.25470388  0.24147337  0.10737666
   0.23604028  0.28732496  0.21958208
   0.25470388  0.74147337  0.60737668
   0.23604028  0.78732499  0.71958204
   0.74888651  0.75436592  0.89286196
   0.73292757  0.73630789  0.78029476
   0.74888651  0.25436592  0.39286198
   0.73292757  0.23630790  0.28029470
   0.74896074  0.75402509  0.10713051
   0.73272875  0.73641159  0.21968963
   0.74896074  0.25402512  0.60713053
   0.73272875  0.23641158  0.71968966
   0.25468841  0.24180425  0.89262333
   0.23593379  0.28725279  0.78042026
   0.25468841  0.74180428  0.39262336
   0.23593379  0.78725276  0.28042029
   0.25654783  0.24410439  0.00000343
   0.25654783  0.74410439  0.50000343
   0.75669057  0.75581482  1.00000168
   0.75669057  0.25581482  0.50000162
   0.78895991  0.75256318  0.34661507
   0.78895991  0.25256318  0.84661507
   0.78898164  0.75213404  0.65339294
   0.78898164  0.25213406  0.15339296
   0.80147067  0.75291043  0.45053518
   0.80147067  0.25291043  0.95053515
   0.30101324  0.24584617  0.54930828
   0.30101324  0.74584615  0.04930827
   0.30102300  0.24603940  0.45070142
   0.30102300  0.74603940  0.95070142
   0.80146807  0.75271319  0.54946755
   0.80146807  0.25271319  0.04946755
   0.61611717  0.55608587  0.05255290
   0.31919108  0.31593940  0.40615984
   0.52393177  0.47959925  0.13795333
   0.29679967  0.18600272  0.30218628
   0.50434704  0.49759645  0.25116082
   0.02308415  0.96155992  0.03799467
   0.08029353  0.03461763  0.14722116
   0.61611717  0.05608588  0.55255288
   0.31919108  0.81593940  0.90615984
   0.52393177  0.97959928  0.63795332
   0.29679967  0.68600269  0.80218628
   0.50434704  0.99759648  0.75116085
   0.02308415  0.46155995  0.53799466
   0.08029353  0.53461768  0.64722119
   0.11625657  0.44092752  0.94733740
   0.81471695  0.68599820  0.59463964
   0.02385325  0.51945620  0.86194078
   0.78688511  0.80049213  0.69602433
  -0.00269510  0.50784005  0.74915373
   0.52443818  0.03676867  0.96230922
   0.57654522  0.96403892  0.85305537
   0.11625657  0.94092755  0.44733737
   0.81471695  0.18599820  0.09463966
   0.02385325  0.01945622  0.36194078
   0.78688511  0.30049213  0.19602433
  -0.00269510  0.00784008  0.24915375
   0.52443818  0.53676869  0.46230919
   0.57654522  0.46403898  0.35305540
   0.11624234  0.44071671  0.05266377
   0.81459308  0.68634486  0.40536273
   0.02390530  0.51904510  0.13805948
   0.78709066  0.80077192  0.30397699
  -0.00267188  0.50784772  0.25083429
   0.52443468  0.03660434  0.03770332
   0.57668854  0.96353753  0.14693364
   0.11624234  0.94071668  0.55266381
   0.81459308  0.18634488  0.90536276
   0.02390530  0.01904507  0.63805945
   0.78709066  0.30077195  0.80397696
  -0.00267188  0.00784773  0.75083429
   0.52443468  0.53660435  0.53770329
   0.57668854  0.46353753  0.64693367
   0.61615547  0.55633958  0.94745847
   0.31911237  0.31557510  0.59384979
   0.52390792  0.48006421  0.86203735
   0.29712217  0.18595209  0.69780175
   0.50436225  0.49759601  0.74884049
   0.02309075  0.96171936  0.96200937
   0.08021632  0.03500048  0.85279568
   0.61615547  0.05633953  0.44745853
   0.31911237  0.81557510  0.09384980
   0.52390792  0.98006418  0.36203732
   0.29712217  0.68595209  0.19780171
   0.50436225  0.99759601  0.24884046
   0.02309075  0.46171939  0.46200937
   0.08021632  0.53500050  0.35279573
   0.32915741  0.16826101  0.50000417
   0.32915741  0.66826107  1.00000420
   0.83031097  0.83018930  0.50000189
   0.83031097  0.33018936  0.00000189
   0.28570302  0.24340739  0.34483497
   0.28570302  0.74340739  0.84483500
   0.28578884  0.24301272  0.65513756
   0.28578884  0.74301272  0.15513756
