   0.25484310  0.24024195  0.10747046
   0.23525070  0.28774987  0.21958677
   0.25484310  0.74024195  0.60747047
   0.23525070  0.78774990  0.71958673
   0.74900268  0.75529600  0.89279642
   0.73207747  0.73668979  0.78029325
   0.74900268  0.25529600  0.39279644
   0.73207747  0.23668981  0.28029319
   0.74904897  0.75503309  0.10719634
   0.73194750  0.73680891  0.21969831
   0.74904897  0.25503312  0.60719636
   0.73194750  0.23680889  0.71969834
   0.25481287  0.24049125  0.89252988
   0.23517701  0.28765916  0.78041594
   0.25481287  0.74049128  0.39252991
   0.23517701  0.78765913  0.28041597
   0.25803101  0.24353424  0.00000112
   0.25803101  0.74353424  0.50000112
   0.75819181  0.75605308  1.00000186
   0.75819181  0.25605308  0.50000180
   0.78794722  0.75298679  0.34663332
   0.78794722  0.25298679  0.84663332
   0.78798275  0.75261529  0.65337552
   0.78798275  0.25261531  0.15337553
   0.80277559  0.75303273  0.45056831
   0.80277559  0.25303273  0.95056828
   0.30231559  0.24539292  0.54925881
   0.30231559  0.74539291  0.04925880
   0.30231753  0.24556481  0.45074815
   0.30231753  0.74556481  0.95074815
   0.80277963  0.75285570  0.54943204
   0.80277963  0.25285570  0.04943204
   0.61811385  0.55670416  0.05257412
   0.31949133  0.31556956  0.40622745
   0.52385825  0.48078523  0.13801414
   0.29653156  0.18641960  0.30216227
   0.50369161  0.49790345  0.25115956
   0.02439687  0.96130302  0.03797482
   0.07686330  0.03211610  0.14702473
   0.61811385  0.05670416  0.55257409
   0.31949133  0.81556956  0.90622745
   0.52385825  0.98078526  0.63801413
   0.29653156  0.68641957  0.80216227
   0.50369161  0.99790348  0.75115959
   0.02439687  0.46130305  0.53797481
   0.07686330  0.53211615  0.64702476
   0.11824099  0.44004124  0.94731415
   0.81486623  0.68623343  0.59457651
   0.02387013  0.51828212  0.86186434
   0.78642174  0.80034222  0.69606014
  -0.00337809  0.50824064  0.74916419
   0.52576668  0.03669880  0.96233015
   0.57304231  0.96642961  0.85327708
   0.11824099  0.94004127  0.44731412
   0.81486623  0.18623343  0.09457653
   0.02387013  0.01828214  0.36186434
   0.78642174  0.30034222  0.19606014
  -0.00337809  0.00824067  0.24916421
   0.52576668  0.53669883  0.46233012
   0.57304231  0.46642967  0.35327711
   0.11823248  0.43985032  0.05268653
   0.81478015  0.68652863  0.40542511
   0.02392380  0.51792924  0.13813265
   0.78654245  0.80057877  0.30394056
  -0.00335454  0.50824986  0.25082830
   0.52577214  0.03654863  0.03767758
   0.57318149  0.96598842  0.14671553
   0.11823248  0.93985029  0.55268657
   0.81478015  0.18652864  0.90542514
   0.02392380  0.01792921  0.63813262
   0.78654245  0.30057880  0.80394053
  -0.00335454  0.00824986  0.75082830
   0.52577214  0.53654864  0.53767755
   0.57318149  0.46598842  0.64671556
   0.61813960  0.55692848  0.94743304
   0.31944928  0.31526153  0.59377928
   0.52384201  0.48119064  0.86198076
   0.29673860  0.18639483  0.69782876
   0.50370701  0.49789722  0.74884267
   0.02440447  0.96145086  0.96202878
   0.07678318  0.03244109  0.85298834
   0.61813960  0.05692844  0.44743310
   0.31944928  0.81526153  0.09377929
   0.52384201  0.98119061  0.36198073
   0.29673860  0.68639483  0.19782871
   0.50370701  0.99789722  0.24884264
   0.02440447  0.46145089  0.46202878
   0.07678318  0.53244111  0.35298840
   0.33043512  0.16783580  0.50000320
   0.33043512  0.66783586  1.00000323
   0.83158740  0.83028553  0.50000096
   0.83158740  0.33028559  0.00000096
   0.28474272  0.24295119  0.34483500
   0.28474272  0.74295119  0.84483503
   0.28481416  0.24261402  0.65514272
   0.28481416  0.74261402  0.15514272
