   0.25476686  0.24084359  0.10742603
   0.23563438  0.28755983  0.21958760
   0.25476686  0.74084359  0.60742604
   0.23563438  0.78755986  0.71958755
   0.74894004  0.75484324  0.89282645
   0.73248541  0.73651205  0.78028990
   0.74894004  0.25484324  0.39282647
   0.73248541  0.23651206  0.28028984
   0.74900004  0.75454503  0.10716620
   0.73232395  0.73662405  0.21969814
   0.74900004  0.25454506  0.60716622
   0.73232395  0.23662404  0.71969817
   0.25474347  0.24112909  0.89257430
   0.23554561  0.28747670  0.78041474
   0.25474347  0.74112912  0.39257433
   0.23554561  0.78747667  0.28041477
   0.25729407  0.24381424  0.00000220
   0.25729407  0.74381424  0.50000220
   0.75744993  0.75592655  1.00000188
   0.75744993  0.25592655  0.50000182
   0.78844156  0.75276879  0.34663321
   0.78844156  0.25276879  0.84663321
   0.78847081  0.75237050  0.65337548
   0.78847081  0.25237051  0.15337550
   0.80213183  0.75298054  0.45055464
   0.80213183  0.25298054  0.95055461
   0.30167610  0.24561043  0.54928145
   0.30167610  0.74561041  0.04928144
   0.30168218  0.24579262  0.45072678
   0.30168218  0.74579262  0.95072678
   0.80213228  0.75279414  0.54944668
   0.80213228  0.25279414  0.04944668
   0.61717225  0.55640747  0.05256399
   0.31934769  0.31574397  0.40619560
   0.52388545  0.48022837  0.13798447
   0.29666378  0.18621137  0.30217356
   0.50400722  0.49775648  0.25115917
   0.02377295  0.96141734  0.03798490
   0.07851274  0.03330898  0.14711791
   0.61717225  0.05640748  0.55256397
   0.31934769  0.81574397  0.90619560
   0.52388545  0.98022840  0.63798445
   0.29666378  0.68621134  0.80217356
   0.50400722  0.99775651  0.75115920
   0.02377295  0.46141737  0.53798489
   0.07851274  0.53330903  0.64711794
   0.11730360  0.44046144  0.94732500
   0.81479481  0.68611653  0.59460549
   0.02387203  0.51885354  0.86190129
   0.78663743  0.80042000  0.69605001
  -0.00305386  0.50805202  0.74916079
   0.52513350  0.03673613  0.96231971
   0.57471958  0.96526653  0.85317224
   0.11730360  0.94046147  0.44732497
   0.81479481  0.18611653  0.09460551
   0.02387203  0.01885357  0.36190129
   0.78663743  0.30042000  0.19605001
  -0.00305386  0.00805205  0.24916081
   0.52513350  0.53673616  0.46231968
   0.57471958  0.46526659  0.35317227
   0.11729184  0.44026147  0.05267593
   0.81469288  0.68643521  0.40539658
   0.02392434  0.51847385  0.13809720
   0.78679845  0.80067753  0.30395058
  -0.00303070  0.50806121  0.25082970
   0.52513468  0.03657950  0.03769013
   0.57486013  0.96479885  0.14681877
   0.11729184  0.94026144  0.55267598
   0.81469288  0.18643522  0.90539661
   0.02392434  0.01847382  0.63809717
   0.78679845  0.30067756  0.80395055
  -0.00303070  0.00806122  0.75082970
   0.52513468  0.53657950  0.53769011
   0.57486013  0.46479885  0.64681880
   0.61720412  0.55664456  0.94744501
   0.31928940  0.31541028  0.59381252
   0.52386604  0.48066098  0.86200857
   0.29692295  0.18617491  0.69781611
   0.50402263  0.49775287  0.74884262
   0.02378134  0.96157030  0.96201903
   0.07843594  0.03366093  0.85289692
   0.61720412  0.05664451  0.44744507
   0.31928940  0.81541028  0.09381254
   0.52386604  0.98066095  0.36200854
   0.29692295  0.68617491  0.19781607
   0.50402263  0.99775287  0.24884259
   0.02378134  0.46157033  0.46201903
   0.07843594  0.53366095  0.35289698
   0.32982488  0.16803680  0.50000367
   0.32982488  0.66803686  1.00000370
   0.83098297  0.83023904  0.50000142
   0.83098297  0.33023910  0.00000142
   0.28521635  0.24317666  0.34483874
   0.28521635  0.74317666  0.84483876
   0.28529375  0.24281332  0.65513660
   0.28529375  0.74281332  0.15513660
