   0.25596064  0.24724247  0.10714273
   0.23802965  0.28393599  0.21964400
   0.25596064  0.74724247  0.60714275
   0.23802965  0.78393602  0.71964396
   0.75037056  0.75064589  0.89296140
   0.73506259  0.73351401  0.78031478
   0.75037056  0.25064589  0.39296143
   0.73506259  0.23351402  0.28031472
   0.75083247  0.74955959  0.10707801
   0.73423390  0.73346890  0.21960950
   0.75083247  0.24955962  0.60707803
   0.73423390  0.23346889  0.71960953
   0.25647683  0.24824885  0.89277529
   0.23763341  0.28400694  0.78036565
   0.25647683  0.74824888  0.39277532
   0.23763341  0.78400691  0.28036568
   0.24880882  0.24672796  0.00015239
   0.24880882  0.74672796  0.50015239
   0.74875920  0.75437779  0.99985899
   0.74875920  0.25437779  0.49985893
   0.79516421  0.75077290  0.34653711
   0.79516421  0.25077290  0.84653711
   0.79505982  0.74979350  0.65352392
   0.79505982  0.24979352  0.15352393
   0.79507179  0.75197923  0.45017524
   0.79507179  0.25197923  0.95017521
   0.29459327  0.24818695  0.54973376
   0.29459327  0.74818693  0.04973375
   0.29440335  0.24813737  0.45029287
   0.29440335  0.74813737  0.95029287
   0.79487814  0.75203768  0.54983159
   0.79487814  0.25203768  0.04983158
   0.60623671  0.55339782  0.05278613
   0.31758184  0.31776312  0.40553596
   0.52642952  0.47466936  0.13786281
   0.29718158  0.18369430  0.30215072
   0.50570057  0.49570135  0.25125699
   0.01586322  0.96247028  0.03819561
   0.09790849  0.04696508  0.14849595
   0.60623671  0.05339782  0.55278610
   0.31758184  0.81776312  0.90553596
   0.52642952  0.97466939  0.63786280
   0.29718158  0.68369427  0.80215072
   0.50570057  0.99570138  0.75125702
   0.01586322  0.46247031  0.53819560
   0.09790849  0.54696513  0.64849598
   0.10630191  0.44498824  0.94718688
   0.81451457  0.68474681  0.59519923
   0.02575230  0.52470845  0.86214591
   0.78905234  0.80253218  0.69613284
  -0.00104097  0.50534190  0.74900083
   0.51706041  0.03735163  0.96204295
   0.59452943  0.95341358  0.85168100
   0.10630191  0.94498827  0.44718685
   0.81451457  0.18474681  0.09519925
   0.02575230  0.02470848  0.36214591
   0.78905234  0.30253218  0.19613284
  -0.00104097  0.00534193  0.24900084
   0.51706041  0.53735165  0.46204292
   0.59452943  0.45341364  0.35168103
   0.10657476  0.44468636  0.05269143
   0.81336233  0.68538791  0.40478521
   0.02571812  0.52373955  0.13789624
   0.78976616  0.80313665  0.30386898
  -0.00100164  0.50536217  0.25095636
   0.51656800  0.03791529  0.03813162
   0.59494899  0.95210662  0.14835564
   0.10657476  0.94468633  0.55269147
   0.81336233  0.18538792  0.90478524
   0.02571812  0.02373952  0.63789621
   0.78976616  0.30313668  0.80386895
  -0.00100164  0.00536217  0.75095636
   0.51656800  0.53791530  0.53813159
   0.59494899  0.45210662  0.64835567
   0.60649131  0.55371507  0.94737535
   0.31646992  0.31709498  0.59451643
   0.52636546  0.47589039  0.86208010
   0.29849354  0.18338605  0.69780572
   0.50568683  0.49571750  0.74875074
   0.01540480  0.96194321  0.96167459
   0.09792123  0.04792542  0.85149741
   0.60649131  0.05371503  0.44737541
   0.31646992  0.81709498  0.09451645
   0.52636546  0.97589036  0.36208007
   0.29849354  0.68338605  0.19780568
   0.50568683  0.99571750  0.24875071
   0.01540480  0.46194324  0.46167459
   0.09792123  0.54792544  0.35149747
   0.32280105  0.16986103  0.50001917
   0.32280105  0.66986109  1.00001919
   0.82332676  0.82996537  0.49999680
   0.82332676  0.32996543 -0.00000320
   0.29125519  0.24635013  0.34472274
   0.29125519  0.74635013  0.84472277
   0.29143633  0.24543603  0.65520434
   0.29143633  0.74543603  0.15520434
