   0.25628314  0.23488246  0.10791209
   0.23192704  0.28908420  0.21962405
   0.25628314  0.73488246  0.60791211
   0.23192704  0.78908423  0.71962400
   0.75019477  0.75966159  0.89246560
   0.72859982  0.73800623  0.78028063
   0.75019477  0.25966159  0.39246562
   0.72859982  0.23800624  0.28028057
   0.75020424  0.75955732  0.10753161
   0.72859471  0.73816739  0.21972861
   0.75020424  0.25955735  0.60753164
   0.72859471  0.23816738  0.71972864
   0.25624063  0.23502259  0.89209100
   0.23190158  0.28894839  0.78038307
   0.25624063  0.73502262  0.39209103
   0.23190158  0.78894836  0.28038310
   0.26377250  0.24136552 -0.00000172
   0.26377250  0.74136552  0.49999828
   0.76406126  0.75718469  1.00000178
   0.76406126  0.25718469  0.50000172
   0.78409093  0.75488580  0.34659424
   0.78409093  0.25488580  0.84659424
   0.78411244  0.75463164  0.65341426
   0.78411244  0.25463165  0.15341428
   0.80789955  0.75387126  0.45067329
   0.80789955  0.25387126  0.95067326
   0.30749924  0.24359572  0.54911896
   0.30749924  0.74359570  0.04911895
   0.30749119  0.24372615  0.45088309
   0.30749119  0.74372615  0.95088309
   0.80790986  0.75374684  0.54932215
   0.80790986  0.25374684  0.04932215
   0.62615906  0.55936420  0.05270159
   0.32072200  0.31430025  0.40648481
   0.52472002  0.48674057  0.13834465
   0.29533606  0.18852361  0.30204139
   0.50092645  0.49899188  0.25117055
   0.02970741  0.96048593  0.03790471
   0.06127855  0.02025537  0.14611401
   0.62615906  0.05936421  0.55270157
   0.32072200  0.81430025  0.90648481
   0.52472002  0.98674060  0.63834464
   0.29533606  0.68852358  0.80204139
   0.50092645  0.99899191  0.75117058
   0.02970741  0.46048596  0.53790470
   0.06127855  0.52025543  0.64611404
   0.12611334  0.43664545  0.94717282
   0.81478714  0.68712963  0.59435141
   0.02523603  0.51225527  0.86148042
   0.78475076  0.79884916  0.69615634
  -0.00615266  0.50962578  0.74918744
   0.53112264  0.03653449  0.96242937
   0.55763118  0.97745595  0.85419378
   0.12611334  0.93664548  0.44717279
   0.81478714  0.18712963  0.09435142
   0.02523603  0.01225530  0.36148042
   0.78475076  0.29884916  0.19615634
  -0.00615266  0.00962581  0.24918745
   0.53112264  0.53653452  0.46242934
   0.55763118  0.47745601  0.35419381
   0.12613372  0.43647502  0.05282406
   0.81477269  0.68731852  0.40564582
   0.02528118  0.51197794  0.13851387
   0.78474222  0.79903802  0.30384585
  -0.00612914  0.50964209  0.25081700
   0.53114248  0.03642083  0.03756868
   0.55766855  0.97718631  0.14579914
   0.12613372  0.93647499  0.55282411
   0.81477269  0.18731853  0.90564585
   0.02528118  0.01197791  0.63851384
   0.78474222  0.29903805  0.80384582
  -0.00612914  0.00964209  0.75081700
   0.53114248  0.53642083  0.53756865
   0.55766855  0.47718631  0.64579917
   0.62614714  0.55951567  0.94729567
   0.32071891  0.31409464  0.59351445
   0.52472877  0.48701480  0.86165895
   0.29533444  0.18854828  0.69795655
   0.50093888  0.49897568  0.74883779
   0.02971764  0.96060502  0.96209356
   0.06129688  0.02053996  0.85388692
   0.62614714  0.05951563  0.44729573
   0.32071891  0.81409464  0.09351446
   0.52472877  0.98701477  0.36165892
   0.29533444  0.68854828  0.19795651
   0.50093888  0.99897568  0.24883776
   0.02971764  0.46060505  0.46209356
   0.06129688  0.52053998  0.35388698
   0.33543286  0.16620660  0.50000017
   0.33543286  0.66620666  1.00000020
   0.83655836  0.83087166  0.49999764
   0.83655836  0.33087172 -0.00000236
   0.28118776  0.24116345  0.34478464
   0.28118776  0.74116345  0.84478467
   0.28120548  0.24090999  0.65520315
   0.28120548  0.74090999  0.15520315
