   0.25600034  0.23578504  0.10783549
   0.23241983  0.28888004  0.21961700
   0.25600034  0.73578504  0.60783551
   0.23241983  0.78888007  0.71961696
   0.74993108  0.75888803  0.89252955
   0.72911317  0.73777470  0.78028425
   0.74993108  0.25888803  0.39252958
   0.72911317  0.23777472  0.28028419
   0.74993940  0.75876477  0.10746681
   0.72909710  0.73792658  0.21972195
   0.74993940  0.25876480  0.60746684
   0.72909710  0.23792657  0.71972198
   0.25595645  0.23592427  0.89216745
   0.23239537  0.28875371  0.78038853
   0.25595645  0.73592429  0.39216748
   0.23239537  0.78875368  0.28038856
   0.26284038  0.24170577 -0.00000221
   0.26284038  0.74170577  0.49999779
   0.76310526  0.75697906  1.00000140
   0.76310526  0.25697906  0.50000134
   0.78472000  0.75458323  0.34660970
   0.78472000  0.25458323  0.84660970
   0.78475113  0.75432030  0.65339988
   0.78475113  0.25432031  0.15339989
   0.80707269  0.75370698  0.45065886
   0.80707269  0.25370698  0.95065883
   0.30664878  0.24387737  0.54913907
   0.30664878  0.74387736  0.04913906
   0.30664096  0.24400710  0.45086344
   0.30664096  0.74400710  0.95086344
   0.80708433  0.75357790  0.54933674
   0.80708433  0.25357790  0.04933674
   0.62483860  0.55888933  0.05267968
   0.32052410  0.31447889  0.40644721
   0.52446623  0.48566887  0.13827701
   0.29558283  0.18812877  0.30206584
   0.50134477  0.49880652  0.25116770
   0.02885019  0.96059738  0.03791200
   0.06402216  0.02239450  0.14627608
   0.62483860  0.05888934  0.55267966
   0.32052410  0.81447889  0.90644721
   0.52446623  0.98566890  0.63827699
   0.29558283  0.68812874  0.80206584
   0.50134477  0.99880655  0.75116773
   0.02885019  0.46059741  0.53791200
   0.06402216  0.52239455  0.64627611
   0.12483745  0.43717494  0.94720110
   0.81493405  0.68698867  0.59438455
   0.02488429  0.51341377  0.86155749
   0.78500797  0.79919943  0.69613793
  -0.00573807  0.50942207  0.74918478
   0.53026372  0.03652925  0.96241150
   0.56025912  0.97555969  0.85405271
   0.12483745  0.93717497  0.44720107
   0.81493405  0.18698867  0.09438457
   0.02488429  0.01341379  0.36155749
   0.78500797  0.29919943  0.19613793
  -0.00573807  0.00942210  0.24918480
   0.53026372  0.53652928  0.46241147
   0.56025912  0.47555975  0.35405274
   0.12485421  0.43700896  0.05279555
   0.81489834  0.68719044  0.40561242
   0.02493073  0.51314532  0.13843721
   0.78500741  0.79939099  0.30386626
  -0.00571461  0.50943546  0.25081715
   0.53028434  0.03641184  0.03758632
   0.56033178  0.97526526  0.14594223
   0.12485421  0.93700893  0.55279559
   0.81489834  0.18719045  0.90561245
   0.02493073  0.01314529  0.63843718
   0.78500741  0.29939102  0.80386623
  -0.00571461  0.00943547  0.75081715
   0.53028434  0.53641185  0.53758629
   0.56033178  0.47526526  0.64594226
   0.62483255  0.55904698  0.94731810
   0.32052638  0.31427238  0.59355241
   0.52446982  0.48595387  0.86172673
   0.29559478  0.18815000  0.69793316
   0.50135954  0.49879332  0.74883818
   0.02885607  0.96071650  0.96208568
   0.06400083  0.02265380  0.85372889
   0.62483255  0.05904693  0.44731816
   0.32052638  0.81427238  0.09355242
   0.52446982  0.98595384  0.36172670
   0.29559478  0.68815000  0.19793312
   0.50135954  0.99879332  0.24883815
   0.02885607  0.46071653  0.46208568
   0.06400083  0.52265382  0.35372895
   0.33464775  0.16645343  0.50000034
   0.33464775  0.66645349  1.00000037
   0.83576863  0.83075138  0.49999778
   0.83576863  0.33075144 -0.00000222
   0.28176273  0.24145177  0.34479963
   0.28176273  0.74145177  0.84479966
   0.28179472  0.24120121  0.65518833
   0.28179472  0.74120121  0.15518833
