   0.25473990  0.24406973  0.10721151
   0.23744520  0.28609949  0.21958937
   0.25473990  0.74406973  0.60721152
   0.23744520  0.78609952  0.71958933
   0.74895076  0.75251654  0.89297674
   0.73439816  0.73538090  0.78030100
   0.74895076  0.25251654  0.39297676
   0.73439816  0.23538091  0.28030094
   0.74914006  0.75189986  0.10701861
   0.73400267  0.73544231  0.21966507
   0.74914006  0.25189989  0.60701863
   0.73400267  0.23544229  0.71966510
   0.25480366  0.24468759  0.89278191
   0.23725246  0.28607662  0.78041343
   0.25480366  0.74468762  0.39278194
   0.23725246  0.78607659  0.28041346
   0.25327014  0.24539615  0.00001041
   0.25327014  0.74539615  0.50001041
   0.75336303  0.75529814  1.00000096
   0.75336303  0.25529814  0.50000090
   0.79140684  0.75164919  0.34662047
   0.79140684  0.25164919  0.84662047
   0.79139494  0.75101793  0.65338967
   0.79139494  0.25101795  0.15338969
   0.79860201  0.75260788  0.45045269
   0.79860201  0.25260788  0.95045266
   0.29813786  0.24685475  0.54940934
   0.29813786  0.74685474  0.04940932
   0.29814993  0.24709838  0.45060831
   0.29814993  0.74709838  0.95060831
   0.79860291  0.75235755  0.54955445
   0.79860291  0.25235755  0.04955445
   0.61163241  0.55472468  0.05254306
   0.31856058  0.31685500  0.40596773
   0.52450147  0.47719930  0.13786933
   0.29731400  0.18520377  0.30219510
   0.50550526  0.49683728  0.25117546
   0.02009143  0.96207891  0.03806294
   0.08790164  0.04003041  0.14769941
   0.61163241  0.05472469  0.55254304
   0.31856058  0.81685500  0.90596773
   0.52450147  0.97719933  0.63786931
   0.29731400  0.68520374  0.80219510
   0.50550526  0.99683731  0.75117549
   0.02009143  0.46207894  0.53806294
   0.08790164  0.54003046  0.64769944
   0.11182930  0.44290212  0.94736408
   0.81446111  0.68546173  0.59481561
   0.02417816  0.52193779  0.86206041
   0.78790536  0.80070529  0.69603598
  -0.00146831  0.50683576  0.74911829
   0.52141281  0.03696479  0.96224050
   0.58429873  0.95904509  0.85252987
   0.11182930  0.94290215  0.44736405
   0.81446111  0.18546173  0.09481562
   0.02417816  0.02193781  0.36206041
   0.78790536  0.30070529  0.19603598
  -0.00146831  0.00683579  0.24911830
   0.52141281  0.53696481  0.46224047
   0.58429873  0.45904515  0.35252990
   0.11179490  0.44267032  0.05263627
   0.81410952  0.68596051  0.40518805
   0.02421636  0.52133951  0.13795138
   0.78834906  0.80115524  0.30396443
  -0.00144274  0.50684359  0.25085848
   0.52137821  0.03679573  0.03779488
   0.58442900  0.95836947  0.14744355
   0.11179490  0.94267029  0.55263631
   0.81410952  0.18596053  0.90518808
   0.02421636  0.02133948  0.63795135
   0.78834906  0.30115527  0.80396440
  -0.00144274  0.00684359  0.75085848
   0.52137821  0.53679574  0.53779486
   0.58442900  0.45836947  0.64744358
   0.61169533  0.55504474  0.94748703
   0.31828081  0.31632727  0.59405345
   0.52443851  0.47785686  0.86210425
   0.29798715  0.18504407  0.69777986
   0.50552072  0.49684431  0.74882470
   0.02005742  0.96222651  0.96193607
   0.08784204  0.04060471  0.85232768
   0.61169533  0.05504470  0.44748709
   0.31828081  0.81632727  0.09405346
   0.52443851  0.97785683  0.36210422
   0.29798715  0.68504407  0.19777982
   0.50552072  0.99684431  0.24882467
   0.02005742  0.46222654  0.46193607
   0.08784204  0.54060473  0.35232774
   0.32626505  0.16921205  0.50000835
   0.32626505  0.66921211  1.00000838
   0.82737271  0.82997440  0.50000494
   0.82737271  0.32997446  0.00000494
   0.28789582  0.24454028  0.34481115
   0.28789582  0.74454028  0.84481118
   0.28802535  0.24395528  0.65514371
   0.28802535  0.74395528  0.15514371
