   0.25465573  0.24219888  0.10732634
   0.23649879  0.28703824  0.21958260
   0.25465573  0.74219888  0.60732636
   0.23649879  0.78703827  0.71958255
   0.74885874  0.75383701  0.89289642
   0.73339299  0.73607554  0.78029530
   0.74885874  0.25383701  0.39289645
   0.73339299  0.23607555  0.28029524
   0.74895322  0.75343581  0.10709603
   0.73314599  0.73616691  0.21968422
   0.74895322  0.25343583  0.60709605
   0.73314599  0.23616689  0.71968425
   0.25465085  0.24259229  0.89267284
   0.23636980  0.28698045  0.78041976
   0.25465085  0.74259232  0.39267287
   0.23636980  0.78698042  0.28041979
   0.25564835  0.24445439  0.00000502
   0.25564835  0.74445439  0.50000502
   0.75577759  0.75567668  1.00000108
   0.75577759  0.25567668  0.50000102
   0.78960450  0.75226915  0.34663867
   0.78960450  0.25226915  0.84663867
   0.78961955  0.75179675  0.65337153
   0.78961955  0.25179676  0.15337155
   0.80067198  0.75282711  0.45051518
   0.80067198  0.25282711  0.95051515
   0.30021259  0.24612576  0.54933091
   0.30021259  0.74612575  0.04933090
   0.30022412  0.24633523  0.45067977
   0.30022412  0.74633523  0.95067977
   0.80066811  0.75261307  0.54948817
   0.80066811  0.25261307  0.04948817
   0.61489105  0.55571291  0.05254547
   0.31900907  0.31618696  0.40610907
   0.52403035  0.47889947  0.13792712
   0.29695386  0.18574552  0.30218955
   0.50472428  0.49739837  0.25116319
   0.02227709  0.96170682  0.03801152
   0.08238894  0.03613002  0.14735183
   0.61489105  0.05571292  0.55254545
   0.31900907  0.81618696  0.90610907
   0.52403035  0.97889950  0.63792710
   0.29695386  0.68574549  0.80218955
   0.50472428  0.99739840  0.75116322
   0.02227709  0.46170685  0.53801151
   0.08238894  0.53613007  0.64735186
   0.11504603  0.44147765  0.94734752
   0.81463096  0.68584697  0.59468357
   0.02388182  0.52014930  0.86197613
   0.78715771  0.80058737  0.69603823
  -0.00231282  0.50757883  0.74914588
   0.52361876  0.03682270  0.96229195
   0.57867875  0.96261737  0.85291045
   0.11504603  0.94147768  0.44734749
   0.81463096  0.18584697  0.09468359
   0.02388182  0.02014932  0.36197613
   0.78715771  0.30058737  0.19603823
  -0.00231282  0.00757886  0.24914590
   0.52361876  0.53682273  0.46229192
   0.57867875  0.46261743  0.35291048
   0.11502900  0.44125348  0.05265399
   0.81447152  0.68623101  0.40531979
   0.02393332  0.51969586  0.13802646
   0.78742144  0.80090319  0.30396153
  -0.00228941  0.50758533  0.25083891
   0.52360903  0.03665095  0.03772499
   0.57882149  0.96207416  0.14707530
   0.11502900  0.94125345  0.55265403
   0.81447152  0.18623103  0.90531981
   0.02393332  0.01969583  0.63802643
   0.78742144  0.30090322  0.80396150
  -0.00228941  0.00758533  0.75083891
   0.52360903  0.53665096  0.53772496
   0.57882149  0.46207416  0.64707533
   0.61493621  0.55598774  0.94746960
   0.31889767  0.31578237  0.59390314
   0.52399935  0.47940723  0.86206012
   0.29735956  0.18567535  0.69779575
   0.50473917  0.49740090  0.74883757
   0.02227878  0.96187243  0.96199251
   0.08231297  0.03655587  0.85266741
   0.61493621  0.05598770  0.44746966
   0.31889767  0.81578237  0.09390315
   0.52399935  0.97940720  0.36206009
   0.29735956  0.68567535  0.19779570
   0.50473917  0.99740090  0.24883754
   0.02227878  0.46187246  0.46199251
   0.08231297  0.53655589  0.35266747
   0.32837405  0.16852080  0.50000515
   0.32837405  0.66852086  1.00000518
   0.82952244  0.83013633  0.50000282
   0.82952244  0.33013639  0.00000282
   0.28627935  0.24371053  0.34483880
   0.28627935  0.74371053  0.84483883
   0.28637499  0.24327278  0.65513076
   0.28637499  0.74327278  0.15513076
