   0.25477822  0.24435820  0.10719541
   0.23755713  0.28592460  0.21958793
   0.25477822  0.74435820  0.60719542
   0.23755713  0.78592463  0.71958789
   0.74899013  0.75231425  0.89298828
   0.73452651  0.73526615  0.78030645
   0.74899013  0.25231425  0.39298831
   0.73452651  0.23526616  0.28030639
   0.74920152  0.75165466  0.10700801
   0.73410569  0.73532399  0.21965809
   0.74920152  0.25165469  0.60700803
   0.73410569  0.23532398  0.71965812
   0.25486516  0.24501853  0.89279585
   0.23735529  0.28590471  0.78041565
   0.25486516  0.74501856  0.39279588
   0.23735529  0.78590468  0.28041568
   0.25291752  0.24553966  0.00001067
   0.25291752  0.74553966  0.50001067
   0.75300675  0.75523971  1.00000166
   0.75300675  0.25523971  0.50000160
   0.79171281  0.75156294  0.34661559
   0.79171281  0.25156294  0.84661559
   0.79169116  0.75090146  0.65339520
   0.79169116  0.25090147  0.15339522
   0.79828869  0.75256474  0.45043523
   0.79828869  0.25256474  0.95043520
   0.29782461  0.24697564  0.54942924
   0.29782461  0.74697562  0.04942923
   0.29783786  0.24721966  0.45059012
   0.29783786  0.74721966  0.95059012
   0.79829098  0.75231260  0.54957201
   0.79829098  0.25231260  0.04957201
   0.61111418  0.55457777  0.05254499
   0.31849017  0.31695756  0.40594249
   0.52458114  0.47693955  0.13786417
   0.29735537  0.18513237  0.30219100
   0.50559491  0.49674455  0.25117878
   0.01972654  0.96212983  0.03807053
   0.08880564  0.04065805  0.14775953
   0.61111418  0.05457777  0.55254497
   0.31849017  0.81695756  0.90594249
   0.52458114  0.97693958  0.63786416
   0.29735537  0.68513234  0.80219100
   0.50559491  0.99674458  0.75117881
   0.01972654  0.46212986  0.53807053
   0.08880564  0.54065810  0.64775956
   0.11132174  0.44311358  0.94736616
   0.81444681  0.68540389  0.59483965
   0.02424301  0.52223435  0.86206983
   0.78801454  0.80071612  0.69603967
  -0.00136832  0.50670806  0.74911227
   0.52104218  0.03699070  0.96223315
   0.58520526  0.95847720  0.85246475
   0.11132174  0.94311361  0.44736613
   0.81444681  0.18540389  0.09483966
   0.02424301  0.02223437  0.36206983
   0.78801454  0.30071612  0.19603967
  -0.00136832  0.00670809  0.24911229
   0.52104218  0.53699072  0.46223312
   0.58520526  0.45847726  0.35246478
   0.11128105  0.44289037  0.05263387
   0.81404005  0.68592331  0.40516384
   0.02427727  0.52161292  0.13794321
   0.78848971  0.80119260  0.30396186
  -0.00134224  0.50671602  0.25086377
   0.52100275  0.03682816  0.03780680
   0.58532742  0.95777574  0.14750541
   0.11128105  0.94289034  0.55263391
   0.81404005  0.18592332  0.90516387
   0.02427727  0.02161289  0.63794318
   0.78848971  0.30119263  0.80396183
  -0.00134224  0.00671603  0.75086377
   0.52100275  0.53682817  0.53780678
   0.58532742  0.45777574  0.64750544
   0.61117863  0.55489920  0.94748900
   0.31816595  0.31641200  0.59408074
   0.52451549  0.47762219  0.86210548
   0.29807624  0.18495507  0.69778069
   0.50561180  0.49675084  0.74882142
   0.01968215  0.96226619  0.96192690
   0.08875125  0.04126199  0.85226824
   0.61117863  0.05489916  0.44748906
   0.31816595  0.81641200  0.09408075
   0.52451549  0.97762216  0.36210545
   0.29807624  0.68495507  0.19778064
   0.50561180  0.99675084  0.24882139
   0.01968215  0.46226622  0.46192690
   0.08875125  0.54126201  0.35226830
   0.32591488  0.16932173  0.50000944
   0.32591488  0.66932179  1.00000947
   0.82701005  0.82994589  0.50000555
   0.82701005  0.32994595  0.00000555
   0.28817896  0.24468661  0.34480306
   0.28817896  0.74468661  0.84480309
   0.28831506  0.24407393  0.65514828
   0.28831506  0.74407393  0.15514828
