   0.25481152  0.24452678  0.10719096
   0.23762975  0.28581498  0.21958892
   0.25481152  0.74452678  0.60719098
   0.23762975  0.78581501  0.71958888
   0.74900301  0.75220300  0.89298936
   0.73460419  0.73519304  0.78030843
   0.74900301  0.25220300  0.39298939
   0.73460419  0.23519305  0.28030837
   0.74923085  0.75151315  0.10700750
   0.73416734  0.73524860  0.21965537
   0.74923085  0.25151317  0.60700753
   0.73416734  0.23524859  0.71965540
   0.25491578  0.24521413  0.89279863
   0.23742350  0.28579657  0.78041543
   0.25491578  0.74521416  0.39279866
   0.23742350  0.78579654  0.28041546
   0.25269066  0.24561941  0.00001069
   0.25269066  0.74561941  0.50001069
   0.75277839  0.75521380  1.00000272
   0.75277839  0.25521380  0.50000266
   0.79191535  0.75148556  0.34660681
   0.79191535  0.25148556  0.84660681
   0.79188668  0.75080398  0.65340465
   0.79188668  0.25080399  0.15340466
   0.79807574  0.75252275  0.45041175
   0.79807574  0.25252275  0.95041172
   0.29762044  0.24708272  0.54945951
   0.29762044  0.74708271  0.04945950
   0.29763809  0.24732756  0.45056053
   0.29763809  0.74732756  0.95056053
   0.79808325  0.75226670  0.54959584
   0.79808325  0.25226670  0.04959584
   0.61078504  0.55447891  0.05254385
   0.31845083  0.31700689  0.40594046
   0.52464678  0.47676787  0.13785995
   0.29738356  0.18508248  0.30218747
   0.50564832  0.49668497  0.25118057
   0.01949012  0.96216589  0.03807355
   0.08937244  0.04108323  0.14779589
   0.61078504  0.05447892  0.55254382
   0.31845083  0.81700689  0.90594046
   0.52464678  0.97676790  0.63785993
   0.29738356  0.68508245  0.80218747
   0.50564832  0.99668500  0.75118060
   0.01949012  0.46216592  0.53807355
   0.08937244  0.54108328  0.64779592
   0.11099308  0.44324555  0.94736995
   0.81444484  0.68538330  0.59484655
   0.02428078  0.52241341  0.86207718
   0.78808990  0.80072739  0.69603927
  -0.00130652  0.50662433  0.74910876
   0.52081077  0.03701106  0.96222995
   0.58580627  0.95812443  0.85242465
   0.11099308  0.94324558  0.44736992
   0.81444484  0.18538330  0.09484656
   0.02428078  0.02241343  0.36207718
   0.78808990  0.30072739  0.19603927
  -0.00130652  0.00662436  0.24910877
   0.52081077  0.53701108  0.46222992
   0.58580627  0.45812449  0.35242468
   0.11094847  0.44302926  0.05262979
   0.81399721  0.68591676  0.40515675
   0.02431108  0.52177483  0.13793686
   0.78858533  0.80122457  0.30396129
  -0.00127955  0.50663377  0.25086698
   0.52076778  0.03685431  0.03781288
   0.58592226  0.95740950  0.14754333
   0.11094847  0.94302923  0.55262983
   0.81399721  0.18591677  0.90515678
   0.02431108  0.02177480  0.63793683
   0.78858533  0.30122460  0.80396126
  -0.00127955  0.00663378  0.75086698
   0.52076778  0.53685432  0.53781286
   0.58592226  0.45740950  0.64754336
   0.61085077  0.55479838  0.94749278
   0.31809584  0.31645245  0.59408502
   0.52457963  0.47746894  0.86210728
   0.29813485  0.18489453  0.69778249
   0.50566702  0.49668804  0.74881954
   0.01943821  0.96229420  0.96192255
   0.08932632  0.04170547  0.85223235
   0.61085077  0.05479834  0.44749284
   0.31809584  0.81645245  0.09408504
   0.52457963  0.97746891  0.36210725
   0.29813485  0.68489453  0.19778245
   0.50566702  0.99668804  0.24881951
   0.01943821  0.46229423  0.46192255
   0.08932632  0.54170549  0.35223241
   0.32568996  0.16939037  0.50001016
   0.32568996  0.66939043  1.00001019
   0.82677677  0.82992717  0.50000573
   0.82677677  0.32992723  0.00000573
   0.28833959  0.24476566  0.34479725
   0.28833959  0.74476566  0.84479728
   0.28847739  0.24413920  0.65515171
   0.28847739  0.74413920  0.15515171
