   0.25521767  0.23844606  0.10761932
   0.23401915  0.28826370  0.21960151
   0.25521767  0.73844606  0.60761933
   0.23401915  0.78826373  0.71960147
   0.74927258  0.75668941  0.89268934
   0.73078136  0.73717595  0.78028701
   0.74927258  0.25668941  0.39268937
   0.73078136  0.23717596  0.28028695
   0.74929753  0.75650808  0.10730310
   0.73072741  0.73730740  0.21971198
   0.74929753  0.25650811  0.60730312
   0.73072741  0.23730739  0.71971201
   0.25517778  0.23861528  0.89238024
   0.23398367  0.28815365  0.78040149
   0.25517778  0.73861531  0.39238027
   0.23398367  0.78815362  0.28040152
   0.26007698  0.24275545 -0.00000039
   0.26007698  0.74275545  0.49999961
   0.76027934  0.75638902  1.00000221
   0.76027934  0.25638902  0.50000215
   0.78656672  0.75363612  0.34662138
   0.78656672  0.25363612  0.84662138
   0.78661493  0.75333954  0.65338902
   0.78661493  0.25333955  0.15338903
   0.80460047  0.75327912  0.45060871
   0.80460047  0.25327912  0.95060868
   0.30414492  0.24473833  0.54920747
   0.30414492  0.74473831  0.04920746
   0.30414290  0.24488286  0.45079726
   0.30414290  0.74488286  0.95079726
   0.80460779  0.75313130  0.54938931
   0.80460779  0.25313130  0.04938931
   0.62097308  0.55756957  0.05261640
   0.31993047  0.31507424  0.40632333
   0.52395681  0.48268907  0.13811447
   0.29612841  0.18710492  0.30212372
   0.50265883  0.49831963  0.25116203
   0.02630365  0.96096409  0.03794613
   0.07171748  0.02832163  0.14673256
   0.62097308  0.05756958  0.55261638
   0.31993047  0.81507424  0.90632333
   0.52395681  0.98268910  0.63811445
   0.29612841  0.68710489  0.80212372
   0.50265883  0.99831966  0.75116206
   0.02630365  0.46096412  0.53794612
   0.07171748  0.52832168  0.64673259
   0.12106376  0.43879507  0.94727199
   0.81503422  0.68653855  0.59449402
   0.02410749  0.51642657  0.86174403
   0.78577042  0.79998905  0.69609012
  -0.00441731  0.50877945  0.74917647
   0.52770010  0.03659921  0.96236233
   0.56784823  0.97007134  0.85360087
   0.12106376  0.93879510  0.44727196
   0.81503422  0.18653855  0.09449404
   0.02410749  0.01642659  0.36174403
   0.78577042  0.29998905  0.19609012
  -0.00441731  0.00877948  0.24917648
   0.52770010  0.53659923  0.46236230
   0.56784823  0.47007140  0.35360090
   0.12105965  0.43863051  0.05272781
   0.81497135  0.68678132  0.40550544
   0.02416097  0.51613487  0.13824939
   0.78579003  0.80016513  0.30391289
  -0.00439221  0.50879422  0.25082230
   0.52771437  0.03646628  0.03764040
   0.56798626  0.96971178  0.14639475
   0.12105965  0.93863048  0.55272785
   0.81497135  0.18678134  0.90550547
   0.02416097  0.01613484  0.63824936
   0.78579003  0.30016516  0.80391286
  -0.00439221  0.00879423  0.75082230
   0.52771437  0.53646629  0.53764038
   0.56798626  0.46971178  0.64639477
   0.62099097  0.55776119  0.94738673
   0.31992630  0.31483321  0.59368033
   0.52394123  0.48302992  0.86188458
   0.29621207  0.18710136  0.69787024
   0.50267322  0.49830515  0.74884252
   0.02631152  0.96109210  0.96205562
   0.07164413  0.02857932  0.85327650
   0.62099097  0.05776115  0.44738679
   0.31992630  0.81483321  0.09368034
   0.52394123  0.98302989  0.36188455
   0.29621207  0.68710136  0.19787019
   0.50267322  0.99830515  0.24884249
   0.02631152  0.46109213  0.46205562
   0.07164413  0.52857934  0.35327656
   0.33226181  0.16722912  0.50000155
   0.33226181  0.66722918  1.00000158
   0.83340290  0.83044284  0.49999915
   0.83340290  0.33044290 -0.00000085
   0.28350004  0.24233262  0.34482135
   0.28350004  0.74233262  0.84482138
   0.28355828  0.24205522  0.65516096
   0.28355828  0.74205522  0.15516096
