   0.25577826  0.23653296  0.10777413
   0.23285125  0.28869170  0.21960768
   0.25577826  0.73653296  0.60777414
   0.23285125  0.78869173  0.71960763
   0.74974529  0.75826088  0.89257639
   0.72955633  0.73761664  0.78029111
   0.74974529  0.25826088  0.39257642
   0.72955633  0.23761665  0.28029105
   0.74975807  0.75812385  0.10741844
   0.72953369  0.73776349  0.21971301
   0.74975807  0.25812388  0.60741847
   0.72953369  0.23776347  0.71971304
   0.25573563  0.23667162  0.89222750
   0.23282772  0.28856798  0.78039661
   0.25573563  0.73667165  0.39222753
   0.23282772  0.78856795  0.28039664
   0.26211348  0.24198058 -0.00000164
   0.26211348  0.74198058  0.49999836
   0.76235979  0.75681196  1.00000168
   0.76235979  0.25681196  0.50000162
   0.78522163  0.75432077  0.34661210
   0.78522163  0.25432077  0.84661210
   0.78526109  0.75405421  0.65339884
   0.78526109  0.25405423  0.15339886
   0.80640351  0.75356675  0.45064218
   0.80640351  0.25356675  0.95064215
   0.30596645  0.24411954  0.54916109
   0.30596645  0.74411953  0.04916108
   0.30596143  0.24425137  0.45084235
   0.30596143  0.74425137  0.95084235
   0.80641370  0.75343492  0.54935401
   0.80641370  0.25343492  0.04935400
   0.62377085  0.55851986  0.05266249
   0.32035413  0.31463380  0.40640936
   0.52426749  0.48480861  0.13822844
   0.29574549  0.18785203  0.30208975
   0.50168847  0.49867488  0.25116642
   0.02813595  0.96068949  0.03791987
   0.06622194  0.02411072  0.14641004
   0.62377085  0.05851987  0.55266247
   0.32035413  0.81463380  0.90640936
   0.52426749  0.98480864  0.63822843
   0.29574549  0.68785200  0.80208975
   0.50168847  0.99867491  0.75116645
   0.02813595  0.46068952  0.53791986
   0.06622194  0.52411077  0.64641007
   0.12380602  0.43760319  0.94722236
   0.81500944  0.68687226  0.59441925
   0.02460836  0.51431578  0.86161174
   0.78520065  0.79944557  0.69612292
  -0.00538107  0.50925124  0.74918215
   0.52954774  0.03653774  0.96239878
   0.56239610  0.97399336  0.85392724
   0.12380602  0.93760322  0.44722233
   0.81500944  0.18687226  0.09441927
   0.02460836  0.01431580  0.36161174
   0.78520065  0.29944557  0.19612292
  -0.00538107  0.00925127  0.24918216
   0.52954774  0.53653777  0.46239875
   0.56239610  0.47399342  0.35392727
   0.12381391  0.43744213  0.05277572
   0.81496628  0.68708106  0.40557890
   0.02466035  0.51405211  0.13838162
   0.78519544  0.79962453  0.30387916
  -0.00535683  0.50926608  0.25081871
   0.52956597  0.03641755  0.03760128
   0.56249379  0.97367557  0.14606816
   0.12381391  0.93744210  0.55277576
   0.81496628  0.18708107  0.90557893
   0.02466035  0.01405208  0.63838159
   0.78519544  0.29962456  0.80387913
  -0.00535683  0.00926609  0.75081871
   0.52956597  0.53641756  0.53760126
   0.56249379  0.47367557  0.64606819
   0.62377377  0.55868737  0.94733741
   0.32035385  0.31441906  0.59359187
   0.52426853  0.48510468  0.86177359
   0.29577380  0.18786469  0.69790696
   0.50170243  0.49865957  0.74883867
   0.02814327  0.96080955  0.96207986
   0.06617340  0.02436094  0.85359615
   0.62377377  0.05868733  0.44733747
   0.32035385  0.81441906  0.09359188
   0.52426853  0.98510465  0.36177356
   0.29577380  0.68786469  0.19790692
   0.50170243  0.99865957  0.24883864
   0.02814327  0.46080958  0.46207986
   0.06617340  0.52436097  0.35359621
   0.33397997  0.16666834  0.50000111
   0.33397997  0.66666840  1.00000114
   0.83510571  0.83065020  0.49999859
   0.83510571  0.33065026 -0.00000141
   0.28224338  0.24169546  0.34480629
   0.28224338  0.74169546  0.84480632
   0.28228381  0.24144318  0.65517957
   0.28228381  0.74144318  0.15517957
