   0.25466461  0.24331032  0.10725509
   0.23710356  0.28650995  0.21958576
   0.25466461  0.74331032  0.60725510
   0.23710356  0.78650998  0.71958572
   0.74888109  0.75304458  0.89294593
   0.73403073  0.73567745  0.78029765
   0.74888109  0.25304458  0.39294596
   0.73403073  0.23567747  0.28029759
   0.74902259  0.75252719  0.10704731
   0.73369829  0.73574949  0.21967389
   0.74902259  0.25252722  0.60704733
   0.73369829  0.23574947  0.71967392
   0.25468949  0.24382630  0.89274163
   0.23693576  0.28647591  0.78041679
   0.25468949  0.74382633  0.39274166
   0.23693576  0.78647588  0.28041682
   0.25425026  0.24500865  0.00000831
   0.25425026  0.74500865  0.50000831
   0.75435676  0.75545365  1.00000037
   0.75435676  0.25545365  0.50000031
   0.79062934  0.75189137  0.34663496
   0.79062934  0.25189137  0.84663496
   0.79063076  0.75133455  0.65337603
   0.79063076  0.25133457  0.15337605
   0.79946141  0.75270203  0.45048063
   0.79946141  0.25270203  0.95048060
   0.29899934  0.24655094  0.54937485
   0.29899934  0.74655093  0.04937484
   0.29901266  0.24678324  0.45063905
   0.29901266  0.74678324  0.95063905
   0.79945738  0.75246477  0.54952463
   0.79945738  0.25246477  0.04952463
   0.61297108  0.55511588  0.05253964
   0.31873434  0.31658040  0.40602996
   0.52427333  0.47786305  0.13788886
   0.29718050  0.18540401  0.30219490
   0.50522656  0.49707189  0.25116872
   0.02100222  0.96192624  0.03803980
   0.08561430  0.03845671  0.14755214
   0.61297108  0.05511589  0.55253962
   0.31873434  0.81658040  0.90602996
   0.52427333  0.97786308  0.63788884
   0.29718050  0.68540398  0.80219490
   0.50522656  0.99707191  0.75116875
   0.02100222  0.46192627  0.53803979
   0.08561430  0.53845676  0.64755217
   0.11314406  0.44233310  0.94736007
   0.81451313  0.68561558  0.59475595
   0.02399679  0.52119909  0.86202955
   0.78759744  0.80066839  0.69603571
  -0.00177284  0.50714787  0.74913047
   0.52233166  0.03691206  0.96226347
   0.58200371  0.96049781  0.85268919
   0.11314406  0.94233313  0.44736004
   0.81451313  0.18561558  0.09475596
   0.02399679  0.02119911  0.36202955
   0.78759744  0.30066839  0.19603571
  -0.00177284  0.00714790  0.24913049
   0.52233166  0.53691208  0.46226344
   0.58200371  0.46049787  0.35268922
   0.11312039  0.44209560  0.05264108
   0.81426354  0.68606618  0.40524811
   0.02404473  0.52066606  0.13797811
   0.78796373  0.80105509  0.30396418
  -0.00174811  0.50715355  0.25084882
   0.52230887  0.03673518  0.03776282
   0.58214344  0.95987804  0.14729024
   0.11312039  0.94209557  0.55264112
   0.81426354  0.18606620  0.90524814
   0.02404473  0.02066603  0.63797808
   0.78796373  0.30105512  0.80396415
  -0.00174811  0.00715355  0.75084882
   0.52230887  0.53673519  0.53776279
   0.58214344  0.45987804  0.64729027
   0.61302824  0.55542186  0.94748305
   0.31854326  0.31610382  0.59398699
   0.52422631  0.47845239  0.86209155
   0.29773796  0.18528738  0.69778545
   0.50524142  0.49707848  0.74883107
   0.02098797  0.96209005  0.96196227
   0.08554254  0.03896339  0.85247189
   0.61302824  0.05542182  0.44748311
   0.31854326  0.81610382  0.09398701
   0.52422631  0.97845236  0.36209152
   0.29773796  0.68528738  0.19778540
   0.50524142  0.99707848  0.24883104
   0.02098797  0.46209008  0.46196227
   0.08554254  0.53896341  0.35247194
   0.32713211  0.16892932  0.50000678
   0.32713211  0.66892938  1.00000681
   0.82825995  0.83004353  0.50000403
   0.82825995  0.33004359  0.00000403
   0.28722322  0.24419830  0.34482886
   0.28722322  0.74419830  0.84482889
   0.28733983  0.24367913  0.65513332
   0.28733983  0.74367913  0.15513332
