   0.25536303  0.23785769  0.10766845
   0.23364172  0.28841734  0.21960426
   0.25536303  0.73785769  0.60766846
   0.23364172  0.78841737  0.71960421
   0.74939200  0.75716932  0.89265529
   0.73038894  0.73730185  0.78028649
   0.74939200  0.25716932  0.39265532
   0.73038894  0.23730187  0.28028643
   0.74941621  0.75700434  0.10733830
   0.73034554  0.73744103  0.21971422
   0.74941621  0.25700436  0.60733833
   0.73034554  0.23744102  0.71971425
   0.25531576  0.23801080  0.89233215
   0.23361336  0.28830011  0.78039862
   0.25531576  0.73801083  0.39233218
   0.23361336  0.78830008  0.28039865
   0.26069573  0.24250807 -0.00000114
   0.26069573  0.74250807  0.49999886
   0.76090996  0.75651996  1.00000181
   0.76090996  0.25651996  0.50000175
   0.78614068  0.75386026  0.34661862
   0.78614068  0.25386026  0.84661862
   0.78618868  0.75357588  0.65339387
   0.78618868  0.25357590  0.15339388
   0.80517440  0.75335987  0.45061974
   0.80517440  0.25335987  0.95061971
   0.30472080  0.24454142  0.54919136
   0.30472080  0.74454140  0.04919134
   0.30471858  0.24467959  0.45081254
   0.30471858  0.74467959  0.95081254
   0.80518217  0.75321861  0.54937687
   0.80518217  0.25321861  0.04937686
   0.62185061  0.55786084  0.05263014
   0.32007722  0.31493396  0.40635443
   0.52403998  0.48334478  0.13814862
   0.29602131  0.18732295  0.30211276
   0.50235067  0.49842691  0.25116301
   0.02688327  0.96087167  0.03793708
   0.07001588  0.02701975  0.14663243
   0.62185061  0.05786085  0.55263012
   0.32007722  0.81493396  0.90635443
   0.52403998  0.98334481  0.63814860
   0.29602131  0.68732292  0.80211276
   0.50235067  0.99842694  0.75116304
   0.02688327  0.46087170  0.53793707
   0.07001588  0.52701981  0.64663246
   0.12192873  0.43841353  0.94725819
   0.81505928  0.68664680  0.59446844
   0.02424887  0.51578904  0.86170280
   0.78558550  0.79982618  0.69609406
  -0.00472653  0.50892907  0.74917867
   0.52828843  0.03657148  0.96237433
   0.56614607  0.97129851  0.85370594
   0.12192873  0.93841356  0.44725816
   0.81505928  0.18664680  0.09446846
   0.02424887  0.01578906  0.36170280
   0.78558550  0.29982618  0.19609406
  -0.00472653  0.00892910  0.24917868
   0.52828843  0.53657150  0.46237430
   0.56614607  0.47129857  0.35370597
   0.12192879  0.43825086  0.05274124
   0.81500406  0.68687415  0.40553241
   0.02430504  0.51551103  0.13828996
   0.78559193  0.80001013  0.30390407
  -0.00470187  0.50894378  0.25082070
   0.52830506  0.03644394  0.03762794
   0.56627458  0.97095137  0.14628981
   0.12192879  0.93825083  0.55274128
   0.81500406  0.18687417  0.90553244
   0.02430504  0.01551100  0.63828993
   0.78559193  0.30001016  0.80390404
  -0.00470187  0.00894378  0.75082070
   0.52830506  0.53644395  0.53762791
   0.56627458  0.47095137  0.64628984
   0.62186310  0.55804333  0.94737210
   0.32007391  0.31470305  0.59364925
   0.52402906  0.48366866  0.86185134
   0.29608465  0.18732760  0.69788118
   0.50236482  0.49841334  0.74884140
   0.02689067  0.96099620  0.96206443
   0.06994498  0.02727148  0.85337576
   0.62186310  0.05804329  0.44737216
   0.32007391  0.81470305  0.09364927
   0.52402906  0.98366863  0.36185131
   0.29608465  0.68732760  0.19788113
   0.50236482  0.99841334  0.24884137
   0.02689067  0.46099623  0.46206443
   0.06994498  0.52727150  0.35337582
   0.33282202  0.16704197  0.50000193
   0.33282202  0.66704203  1.00000196
   0.83395741  0.83050696  0.49999951
   0.83395741  0.33050702 -0.00000049
   0.28311462  0.24214470  0.34481607
   0.28311462  0.74214470  0.84481610
   0.28317005  0.24187564  0.65516848
   0.28317005  0.74187564  0.15516848
