   0.25611175  0.23544274  0.10786310
   0.23223414  0.28894131  0.21961915
   0.25611175  0.73544274  0.60786311
   0.23223414  0.78894134  0.71961910
   0.75002688  0.75917701  0.89250714
   0.72892362  0.73785988  0.78028338
   0.75002688  0.25917701  0.39250717
   0.72892362  0.23785990  0.28028332
   0.75003511  0.75906110  0.10748962
   0.72891126  0.73801556  0.21972368
   0.75003511  0.25906113  0.60748964
   0.72891126  0.23801555  0.71972371
   0.25607171  0.23558158  0.89214008
   0.23221012  0.28881215  0.78038671
   0.25607171  0.73558161  0.39214011
   0.23221012  0.78881212  0.28038674
   0.26320112  0.24157559 -0.00000198
   0.26320112  0.74157559  0.49999802
   0.76347605  0.75706120  1.00000146
   0.76347605  0.25706120  0.50000140
   0.78448299  0.75469998  0.34659931
   0.78448299  0.25469998  0.84659931
   0.78451080  0.75444151  0.65340986
   0.78451080  0.25444152  0.15340988
   0.80738289  0.75376635  0.45066441
   0.80738289  0.25376635  0.95066438
   0.30696801  0.24377665  0.54913237
   0.30696801  0.74377664  0.04913236
   0.30695944  0.24390661  0.45087025
   0.30695944  0.74390661  0.95087025
   0.80739474  0.75363953  0.54933104
   0.80739474  0.25363953  0.04933103
   0.62532392  0.55906012  0.05268677
   0.32059633  0.31440831  0.40646475
   0.52454624  0.48606436  0.13830026
   0.29549409  0.18827317  0.30205792
   0.50118803  0.49887353  0.25116875
   0.02916788  0.96055713  0.03790855
   0.06301365  0.02161490  0.14621639
   0.62532392  0.05906013  0.55268675
   0.32059633  0.81440831  0.90646475
   0.52454624  0.98606439  0.63830024
   0.29549409  0.68827314  0.80205792
   0.50118803  0.99887355  0.75116878
   0.02916788  0.46055716  0.53790854
   0.06301365  0.52161495  0.64621642
   0.12530665  0.43698154  0.94719210
   0.81488413  0.68704905  0.59437052
   0.02500470  0.51299602  0.86153149
   0.78492087  0.79908106  0.69613758
  -0.00588998  0.50949765  0.74918570
   0.53058167  0.03653058  0.96241875
   0.55927981  0.97624861  0.85410566
   0.12530665  0.93698157  0.44719207
   0.81488413  0.18704905  0.09437054
   0.02500470  0.01299604  0.36153149
   0.78492087  0.29908106  0.19613758
  -0.00588998  0.00949768  0.24918571
   0.53058167  0.53653060  0.46241872
   0.55927981  0.47624867  0.35410569
   0.12532503  0.43681513  0.05280466
   0.81485402  0.68724617  0.40562602
   0.02504811  0.51272269  0.13846333
   0.78491663  0.79926786  0.30386723
  -0.00586687  0.50951307  0.25081715
   0.53060241  0.03641399  0.03757919
   0.55934593  0.97596720  0.14588847
   0.12532503  0.93681510  0.55280471
   0.81485402  0.18724618  0.90562605
   0.02504811  0.01272267  0.63846330
   0.78491663  0.29926789  0.80386720
  -0.00586687  0.00951307  0.75081715
   0.53060241  0.53641400  0.53757917
   0.55934593  0.47596720  0.64588850
   0.62531592  0.55921552  0.94731095
   0.32059725  0.31420173  0.59353473
   0.52454834  0.48634724  0.86170365
   0.29550074  0.18829623  0.69793989
   0.50120207  0.49885714  0.74883807
   0.02917379  0.96067613  0.96208937
   0.06300825  0.02187733  0.85378715
   0.62531592  0.05921547  0.44731101
   0.32059725  0.81420173  0.09353475
   0.52454834  0.98634721  0.36170362
   0.29550074  0.68829623  0.19793984
   0.50120207  0.99885714  0.24883804
   0.02917379  0.46067616  0.46208937
   0.06300825  0.52187736  0.35378721
   0.33493326  0.16636783  0.50000039
   0.33493326  0.66636789  1.00000042
   0.83605580  0.83079120  0.49999774
   0.83605580  0.33079126 -0.00000226
   0.28154635  0.24133885  0.34479175
   0.28154635  0.74133885  0.84479178
   0.28157406  0.24108972  0.65519539
   0.28157406  0.74108972  0.15519539
