   0.25467190  0.24340856  0.10725124
   0.23715667  0.28645243  0.21958593
   0.25467190  0.74340856  0.60725125
   0.23715667  0.78645246  0.71958589
   0.74889040  0.75297857  0.89294821
   0.73408630  0.73564086  0.78029806
   0.74889040  0.25297857  0.39294824
   0.73408630  0.23564087  0.28029800
   0.74903757  0.75244826  0.10704534
   0.73374578  0.73571088  0.21967259
   0.74903757  0.25244829  0.60704537
   0.73374578  0.23571086  0.71967262
   0.25470059  0.24393756  0.89274529
   0.23698568  0.28642035  0.78041649
   0.25470059  0.74393758  0.39274532
   0.23698568  0.78642032  0.28041652
   0.25412243  0.24505094  0.00000855
   0.25412243  0.74505094  0.50000855
   0.75422748  0.75544260  1.00000032
   0.75422748  0.25544260  0.50000026
   0.79074324  0.75185463  0.34663082
   0.79074324  0.25185463  0.84663082
   0.79074231  0.75128826  0.65338025
   0.79074231  0.25128828  0.15338027
   0.79934496  0.75267996  0.45046987
   0.79934496  0.25267996  0.95046984
   0.29888610  0.24660486  0.54938730
   0.29888610  0.74660484  0.04938729
   0.29889982  0.24683882  0.45062691
   0.29889982  0.74683882  0.95062691
   0.79934114  0.75244072  0.54953547
   0.79934114  0.25244072  0.04953546
   0.61278291  0.55506396  0.05253826
   0.31870877  0.31660891  0.40602596
   0.52429335  0.47777755  0.13788512
   0.29720124  0.18537835  0.30219661
   0.50526920  0.49704073  0.25116941
   0.02087054  0.96195039  0.03804154
   0.08594304  0.03867297  0.14757151
   0.61278291  0.05506396  0.55253824
   0.31870877  0.81660891  0.90602596
   0.52429335  0.97777758  0.63788510
   0.29720124  0.68537833  0.80219661
   0.50526920  0.99704076  0.75116944
   0.02087054  0.46195042  0.53804153
   0.08594304  0.53867302  0.64757154
   0.11295947  0.44241029  0.94736239
   0.81450388  0.68560164  0.59475977
   0.02402751  0.52131150  0.86203482
   0.78764094  0.80067602  0.69603718
  -0.00172882  0.50710612  0.74912900
   0.52219897  0.03691703  0.96226186
   0.58231620  0.96028067  0.85266802
   0.11295947  0.94241032  0.44736236
   0.81450388  0.18560164  0.09475978
   0.02402751  0.02131152  0.36203482
   0.78764094  0.30067602  0.19603718
  -0.00172882  0.00710615  0.24912902
   0.52219897  0.53691706  0.46226183
   0.58231620  0.46028073  0.35266805
   0.11293465  0.44217265  0.05263872
   0.81424238  0.68605905  0.40524417
   0.02407512  0.52077035  0.13797327
   0.78801789  0.80107129  0.30396286
  -0.00170413  0.50711227  0.25084988
   0.52217491  0.03674068  0.03776564
   0.58245528  0.95965186  0.14731056
   0.11293465  0.94217262  0.55263876
   0.81424238  0.18605907  0.90524420
   0.02407512  0.02077032  0.63797324
   0.78801789  0.30107132  0.80396283
  -0.00170413  0.00711228  0.75084988
   0.52217491  0.53674068  0.53776562
   0.58245528  0.45965186  0.64731059
   0.61284093  0.55537286  0.94748538
   0.31850728  0.31612490  0.59399146
   0.52424464  0.47837579  0.86209432
   0.29777439  0.18525630  0.69778300
   0.50528397  0.49704762  0.74883043
   0.02085377  0.96211276  0.96196029
   0.08587099  0.03918896  0.85245279
   0.61284093  0.05537282  0.44748544
   0.31850728  0.81612490  0.09399148
   0.52424464  0.97837576  0.36209429
   0.29777439  0.68525630  0.19778296
   0.50528397  0.99704762  0.24883040
   0.02085377  0.46211279  0.46196029
   0.08587099  0.53918898  0.35245285
   0.32701072  0.16896687  0.50000707
   0.32701072  0.66896693  1.00000710
   0.82813774  0.83003626  0.50000425
   0.82813774  0.33003632  0.00000425
   0.28729644  0.24423589  0.34482601
   0.28729644  0.74423589  0.84482604
   0.28741316  0.24370907  0.65513570
   0.28741316  0.74370907  0.15513570
