   0.25475321  0.24422526  0.10720939
   0.23751718  0.28600753  0.21959075
   0.25475321  0.74422526  0.60720940
   0.23751718  0.78600756  0.71959071
   0.74896695  0.75241241  0.89297602
   0.73446496  0.73531312  0.78030196
   0.74896695  0.25241241  0.39297605
   0.73446496  0.23531313  0.28030190
   0.74916760  0.75177096  0.10701959
   0.73405573  0.73537216  0.21966318
   0.74916760  0.25177099  0.60701961
   0.73405573  0.23537214  0.71966321
   0.25482821  0.24486818  0.89278251
   0.23732013  0.28598742  0.78041259
   0.25482821  0.74486821  0.39278254
   0.23732013  0.78598739  0.28041262
   0.25306412  0.24546282  0.00001034
   0.25306412  0.74546282  0.50001034
   0.75315409  0.75527991  1.00000102
   0.75315409  0.25527991  0.50000096
   0.79160859  0.75155300  0.34663616
   0.79160859  0.25155300  0.84663616
   0.79158950  0.75090646  0.65337840
   0.79158950  0.25090648  0.15337841
   0.79839788  0.75256373  0.45042401
   0.79839788  0.25256373  0.95042398
   0.29794345  0.24695751  0.54944216
   0.29794345  0.74695749  0.04944215
   0.29795743  0.24720127  0.45057563
   0.29795743  0.74720127  0.95057563
   0.79839977  0.75231196  0.54958193
   0.79839977  0.25231196  0.04958193
   0.61131954  0.55462994  0.05253957
   0.31851949  0.31689409  0.40597019
   0.52457063  0.47702742  0.13786628
   0.29734206  0.18514497  0.30218667
   0.50556320  0.49678135  0.25117647
   0.01986933  0.96211816  0.03806472
   0.08842185  0.04043105  0.14773461
   0.61131954  0.05462995  0.55253954
   0.31851949  0.81689409  0.90597019
   0.52457063  0.97702745  0.63786626
   0.29734206  0.68514494  0.80218667
   0.50556320  0.99678137  0.75117650
   0.01986933  0.46211819  0.53806472
   0.08842185  0.54043111  0.64773464
   0.11151668  0.44302781  0.94737018
   0.81445357  0.68544498  0.59481562
   0.02420518  0.52209760  0.86206572
   0.78796993  0.80072354  0.69604762
  -0.00140639  0.50675759  0.74911601
   0.52119382  0.03697686  0.96223905
   0.58487049  0.95872892  0.85249141
   0.11151668  0.94302784  0.44737015
   0.81445357  0.18544498  0.09481564
   0.02420518  0.02209762  0.36206572
   0.78796993  0.30072354  0.19604762
  -0.00140639  0.00675762  0.24911602
   0.52119382  0.53697689  0.46223902
   0.58487049  0.45872898  0.35249144
   0.11147798  0.44280005  0.05263028
   0.81407049  0.68595653  0.40518886
   0.02424086  0.52148461  0.13794657
   0.78843151  0.80119201  0.30395020
  -0.00138051  0.50676646  0.25086025
   0.52115736  0.03681203  0.03779928
   0.58499624  0.95803758  0.14747989
   0.11147798  0.94280002  0.55263032
   0.81407049  0.18595654  0.90518889
   0.02424086  0.02148458  0.63794654
   0.78843151  0.30119204  0.80395017
  -0.00138051  0.00676647  0.75086025
   0.52115736  0.53681204  0.53779925
   0.58499624  0.45803758  0.64747992
   0.61138292  0.55495191  0.94749306
   0.31821448  0.31635661  0.59405271
   0.52450571  0.47770016  0.86210485
   0.29804314  0.18497582  0.69778596
   0.50557927  0.49678780  0.74882371
   0.01982919  0.96225887  0.96193370
   0.08836548  0.04102260  0.85229270
   0.61138292  0.05495186  0.44749312
   0.31821448  0.81635661  0.09405273
   0.52450571  0.97770013  0.36210482
   0.29804314  0.68497582  0.19778592
   0.50557927  0.99678780  0.24882368
   0.01982919  0.46225890  0.46193370
   0.08836548  0.54102262  0.35229276
   0.32605917  0.16927372  0.50000922
   0.32605917  0.66927378  1.00000925
   0.82716236  0.82995901  0.50000558
   0.82716236  0.32995907  0.00000558
   0.28806585  0.24464421  0.34481354
   0.28806585  0.74464421  0.84481357
   0.28820002  0.24404183  0.65513980
   0.28820002  0.74404183  0.15513980
