   0.25510923  0.23886912  0.10758371
   0.23429036  0.28818404  0.21959925
   0.25510923  0.73886912  0.60758373
   0.23429036  0.78818407  0.71959921
   0.74916676  0.75634341  0.89271634
   0.73107091  0.73705834  0.78028745
   0.74916676  0.25634341  0.39271637
   0.73107091  0.23705836  0.28028739
   0.74919730  0.75614369  0.10727703
   0.73099989  0.73719002  0.21971150
   0.74919730  0.25614372  0.60727705
   0.73099989  0.23719001  0.71971153
   0.25506839  0.23905146  0.89241698
   0.23424647  0.28807283  0.78040445
   0.25506839  0.73905149  0.39241701
   0.23424647  0.78807280  0.28040448
   0.25958532  0.24293759 -0.00000066
   0.25958532  0.74293759  0.49999934
   0.75977900  0.75630569  1.00000160
   0.75977900  0.25630569  0.50000154
   0.78689189  0.75347668  0.34662427
   0.78689189  0.25347668  0.84662427
   0.78693830  0.75315874  0.65338224
   0.78693830  0.25315875  0.15338225
   0.80416462  0.75322305  0.45060042
   0.80416462  0.25322305  0.95060039
   0.30370512  0.24488842  0.54921733
   0.30370512  0.74488841  0.04921732
   0.30370465  0.24503837  0.45078602
   0.30370465  0.74503837  0.95078602
   0.80417025  0.75306731  0.54939690
   0.80417025  0.25306731  0.04939690
   0.62029307  0.55735100  0.05260382
   0.31985037  0.31519044  0.40630292
   0.52392081  0.48222016  0.13808706
   0.29622120  0.18691803  0.30213442
   0.50289309  0.49822880  0.25116164
   0.02587815  0.96105990  0.03795040
   0.07295686  0.02923899  0.14680338
   0.62029307  0.05735101  0.55260379
   0.31985037  0.81519044  0.90630292
   0.52392081  0.98222019  0.63808705
   0.29622120  0.68691800  0.80213442
   0.50289309  0.99822883  0.75116167
   0.02587815  0.46105993  0.53795039
   0.07295686  0.52923904  0.64680341
   0.12039090  0.43909923  0.94728416
   0.81501754  0.68645620  0.59451334
   0.02404221  0.51687132  0.86177745
   0.78593174  0.80010658  0.69607946
  -0.00418717  0.50867046  0.74917368
   0.52727127  0.03660120  0.96235610
   0.56908641  0.96919464  0.85352478
   0.12039090  0.93909926  0.44728413
   0.81501754  0.18645620  0.09451335
   0.02404221  0.01687134  0.36177745
   0.78593174  0.30010658  0.19607946
  -0.00418717  0.00867049  0.24917369
   0.52727127  0.53660122  0.46235607
   0.56908641  0.46919470  0.35352481
   0.12038829  0.43892311  0.05271532
   0.81495710  0.68670732  0.40548894
   0.02409349  0.51656786  0.13821677
   0.78597007  0.80029938  0.30392034
  -0.00416168  0.50868015  0.25082393
   0.52728358  0.03646526  0.03764698
   0.56922840  0.96881278  0.14647094
   0.12038829  0.93892308  0.55271536
   0.81495710  0.18670734  0.90548897
   0.02409349  0.01656783  0.63821674
   0.78597007  0.30029941  0.80392031
  -0.00416168  0.00868015  0.75082393
   0.52728358  0.53646527  0.53764696
   0.56922840  0.46881278  0.64647097
   0.62030986  0.55754450  0.94739943
   0.31983676  0.31493843  0.59370264
   0.52390886  0.48257665  0.86191162
   0.29632607  0.18691897  0.69785820
   0.50290873  0.49821708  0.74884237
   0.02588782  0.96119348  0.96205134
   0.07288013  0.02950612  0.85320711
   0.62030986  0.05754446  0.44739949
   0.31983676  0.81493843  0.09370266
   0.52390886  0.98257662  0.36191159
   0.29632607  0.68691897  0.19785816
   0.50290873  0.99821708  0.24884234
   0.02588782  0.46119351  0.46205134
   0.07288013  0.52950614  0.35320717
   0.33186494  0.16736820  0.50000227
   0.33186494  0.66736826  1.00000230
   0.83301055  0.83040402  0.49999998
   0.83301055  0.33040408 -0.00000002
   0.28379449  0.24247631  0.34482995
   0.28379449  0.74247631  0.84482998
   0.28385733  0.24218447  0.65515434
   0.28385733  0.74218447  0.15515434
