   0.25514423  0.23874387  0.10759272
   0.23421269  0.28819889  0.21959643
   0.25514423  0.73874387  0.60759274
   0.23421269  0.78819892  0.71959639
   0.74920459  0.75644895  0.89271012
   0.73098731  0.73709541  0.78028980
   0.74920459  0.25644895  0.39271015
   0.73098731  0.23709543  0.28028974
   0.74923144  0.75625184  0.10728293
   0.73092293  0.73722909  0.21970812
   0.74923144  0.25625187  0.60728295
   0.73092293  0.23722908  0.71970815
   0.25510452  0.23891913  0.89240761
   0.23416840  0.28808907  0.78040591
   0.25510452  0.73891916  0.39240764
   0.23416840  0.78808904  0.28040594
   0.25973771  0.24288444 -0.00000009
   0.25973771  0.74288444  0.49999991
   0.75993238  0.75632808  1.00000232
   0.75993238  0.25632808  0.50000226
   0.78679241  0.75352789  0.34662033
   0.78679241  0.25352789  0.84662033
   0.78684071  0.75321582  0.65338695
   0.78684071  0.25321584  0.15338697
   0.80430273  0.75323195  0.45060062
   0.80430273  0.25323195  0.95060059
   0.30384503  0.24484604  0.54921790
   0.30384503  0.74484602  0.04921789
   0.30384555  0.24499752  0.45078696
   0.30384555  0.74499752  0.95078696
   0.80430879  0.75308250  0.54939781
   0.80430879  0.25308250  0.04939780
   0.62051415  0.55742078  0.05261056
   0.31986996  0.31514922  0.40630569
   0.52391830  0.48237704  0.13809590
   0.29619222  0.18698177  0.30213093
   0.50281522  0.49825749  0.25116214
   0.02600718  0.96102383  0.03795004
   0.07256787  0.02893291  0.14678112
   0.62051415  0.05742079  0.55261054
   0.31986996  0.81514922  0.90630569
   0.52391830  0.98237707  0.63809589
   0.29619222  0.68698174  0.80213093
   0.50281522  0.99825752  0.75116217
   0.02600718  0.46102386  0.53795003
   0.07256787  0.52893296  0.64678115
   0.12060862  0.43899633  0.94727887
   0.81502040  0.68648221  0.59450997
   0.02406746  0.51673740  0.86176492
   0.78587893  0.80006982  0.69608654
  -0.00426473  0.50870533  0.74917408
   0.52739621  0.03660140  0.96235850
   0.56868399  0.96946999  0.85354755
   0.12060862  0.93899636  0.44727884
   0.81502040  0.18648221  0.09450998
   0.02406746  0.01673742  0.36176492
   0.78587893  0.30006982  0.19608654
  -0.00426473  0.00870536  0.24917409
   0.52739621  0.53660143  0.46235847
   0.56868399  0.46947005  0.35354758
   0.12060644  0.43882811  0.05272211
   0.81495863  0.68673131  0.40549033
   0.02412241  0.51644230  0.13822731
   0.78591504  0.80025862  0.30391585
  -0.00424040  0.50871918  0.25082386
   0.52741176  0.03646837  0.03764582
   0.56882135  0.96909028  0.14644692
   0.12060644  0.93882808  0.55272215
   0.81495863  0.18673133  0.90549036
   0.02412241  0.01644227  0.63822728
   0.78591504  0.30025865  0.80391582
  -0.00424040  0.00871919  0.75082386
   0.52741176  0.53646837  0.53764580
   0.56882135  0.46909028  0.64644695
   0.62052932  0.55761980  0.94739405
   0.31986087  0.31490092  0.59369835
   0.52390944  0.48272568  0.86190141
   0.29629019  0.18698200  0.69786258
   0.50282903  0.49824686  0.74884199
   0.02601486  0.96115729  0.96205312
   0.07248648  0.02920030  0.85322764
   0.62052932  0.05761975  0.44739411
   0.31986087  0.81490092  0.09369836
   0.52390944  0.98272565  0.36190138
   0.29629019  0.68698200  0.19786254
   0.50282903  0.99824686  0.24884196
   0.02601486  0.46115732  0.46205312
   0.07248648  0.52920032  0.35322770
   0.33197659  0.16732713  0.50000212
   0.33197659  0.66732719  1.00000215
   0.83311949  0.83041332  0.49999971
   0.83311949  0.33041338 -0.00000029
   0.28373153  0.24243993  0.34482652
   0.28373153  0.74243993  0.84482655
   0.28379942  0.24215243  0.65515697
   0.28379942  0.74215243  0.15515697
