   0.25584512  0.23626426  0.10779702
   0.23268237  0.28878290  0.21961436
   0.25584512  0.73626426  0.60779703
   0.23268237  0.78878293  0.71961432
   0.74979262  0.75848503  0.89255870
   0.72938230  0.73766649  0.78028334
   0.74979262  0.25848503  0.39255873
   0.72938230  0.23766650  0.28028328
   0.74980470  0.75835393  0.10743658
   0.72936419  0.73781364  0.21972069
   0.74980470  0.25835396  0.60743660
   0.72936419  0.23781363  0.71972072
   0.25580029  0.23640178  0.89220489
   0.23266137  0.28865872  0.78038963
   0.25580029  0.73640181  0.39220492
   0.23266137  0.78865869  0.28038966
   0.26235346  0.24188781 -0.00000163
   0.26235346  0.74188781  0.49999837
   0.76260622  0.75686607  1.00000189
   0.76260622  0.25686607  0.50000183
   0.78504262  0.75441091  0.34661651
   0.78504262  0.25441091  0.84661651
   0.78508196  0.75415104  0.65339565
   0.78508196  0.25415105  0.15339566
   0.80663489  0.75362627  0.45065108
   0.80663489  0.25362627  0.95065105
   0.30619947  0.24402210  0.54915015
   0.30619947  0.74402208  0.04915014
   0.30619520  0.24415408  0.45085333
   0.30619520  0.74415408  0.95085333
   0.80664564  0.75349735  0.54934473
   0.80664564  0.25349735  0.04934473
   0.62415690  0.55864413  0.05266831
   0.32042425  0.31457948  0.40642900
   0.52435758  0.48512247  0.13824398
   0.29570416  0.18792827  0.30208033
   0.50156078  0.49872238  0.25116646
   0.02840770  0.96065435  0.03791718
   0.06541219  0.02347848  0.14635862
   0.62415690  0.05864414  0.55266829
   0.32042425  0.81457948  0.90642900
   0.52435758  0.98512250  0.63824397
   0.29570416  0.68792824  0.80208033
   0.50156078  0.99872241  0.75116649
   0.02840770  0.46065438  0.53791717
   0.06541219  0.52347853  0.64635865
   0.12417982  0.43745513  0.94721593
   0.81499233  0.68691168  0.59440249
   0.02471577  0.51397876  0.86159333
   0.78513959  0.79936423  0.69612214
  -0.00551762  0.50931446  0.74918483
   0.52982215  0.03653239  0.96240344
   0.56160955  0.97457945  0.85397631
   0.12417982  0.93745516  0.44721590
   0.81499233  0.18691168  0.09440250
   0.02471577  0.01397878  0.36159333
   0.78513959  0.29936423  0.19612214
  -0.00551762  0.00931449  0.24918485
   0.52982215  0.53653241  0.46240341
   0.56160955  0.47457951  0.35397634
   0.12419001  0.43729206  0.05278216
   0.81495198  0.68711643  0.40559654
   0.02476444  0.51371159  0.13840029
   0.78512895  0.79954494  0.30387669
  -0.00549345  0.50933269  0.25081730
   0.52984035  0.03641379  0.03759628
   0.56170293  0.97427512  0.14601863
   0.12419001  0.93729203  0.55278220
   0.81495198  0.18711645  0.90559657
   0.02476444  0.01371156  0.63840026
   0.78512895  0.29954497  0.80387666
  -0.00549345  0.00933270  0.75081730
   0.52984035  0.53641380  0.53759625
   0.56170293  0.47427512  0.64601866
   0.62415726  0.55880762  0.94733139
   0.32042460  0.31436840  0.59357249
   0.52435476  0.48541785  0.86175861
   0.29572566  0.18794443  0.69791640
   0.50157480  0.49870496  0.74883969
   0.02841584  0.96077417  0.96208225
   0.06537625  0.02372872  0.85364676
   0.62415726  0.05880758  0.44733145
   0.32042460  0.81436840  0.09357251
   0.52435476  0.98541782  0.36175858
   0.29572566  0.68794443  0.19791636
   0.50157480  0.99870496  0.24883966
   0.02841584  0.46077420  0.46208225
   0.06537625  0.52372875  0.35364681
   0.33424388  0.16658421  0.50000086
   0.33424388  0.66658427  1.00000089
   0.83536766  0.83068947  0.49999828
   0.83536766  0.33068953 -0.00000172
   0.28208819  0.24161771  0.34480559
   0.28208819  0.74161771  0.84480562
   0.28212799  0.24136763  0.65518045
   0.28212799  0.74136763  0.15518045
