   0.25562171  0.23695899  0.10773984
   0.23309857  0.28862450  0.21960859
   0.25562171  0.73695899  0.60773985
   0.23309857  0.78862453  0.71960855
   0.74959779  0.75790986  0.89260259
   0.72981250  0.73750741  0.78028700
   0.74959779  0.25790986  0.39260262
   0.72981250  0.23750743  0.28028694
   0.74961091  0.75776404  0.10739200
   0.72978315  0.73765301  0.21971587
   0.74961091  0.25776407  0.60739202
   0.72978315  0.23765299  0.71971590
   0.25557922  0.23710164  0.89226170
   0.23307178  0.28850227  0.78039520
   0.25557922  0.73710167  0.39226173
   0.23307178  0.78850224  0.28039523
   0.26164236  0.24215143 -0.00000157
   0.26164236  0.74215143  0.49999843
   0.76187837  0.75671667  1.00000176
   0.76187837  0.25671667  0.50000170
   0.78550763  0.75416285  0.34662333
   0.78550763  0.25416285  0.84662333
   0.78554999  0.75388964  0.65338676
   0.78554999  0.25388965  0.15338678
   0.80601413  0.75350824  0.45063637
   0.80601413  0.25350824  0.95063634
   0.30556878  0.24424524  0.54917017
   0.30556878  0.74424522  0.04917016
   0.30556596  0.24437930  0.45083353
   0.30556596  0.74437930  0.95083353
   0.80602394  0.75337428  0.54936012
   0.80602394  0.25337428  0.04936012
   0.62314940  0.55829150  0.05265215
   0.32028239  0.31473755  0.40639407
   0.52417167  0.48433843  0.13820172
   0.29584831  0.18765008  0.30209067
   0.50190279  0.49858795  0.25116527
   0.02775258  0.96074234  0.03792418
   0.06747264  0.02506404  0.14648328
   0.62314940  0.05829151  0.55265213
   0.32028239  0.81473755  0.90639407
   0.52417167  0.98433846  0.63820171
   0.29584831  0.68765005  0.80209067
   0.50190279  0.99858798  0.75116530
   0.02775258  0.46074237  0.53792417
   0.06747264  0.52506410  0.64648331
   0.12320344  0.43787958  0.94723405
   0.81504916  0.68678889  0.59443251
   0.02448621  0.51481170  0.86164207
   0.78532801  0.79960003  0.69612949
  -0.00518316  0.50915071  0.74918115
   0.52916036  0.03654615  0.96239143
   0.56360757  0.97310452  0.85385688
   0.12320344  0.93787961  0.44723402
   0.81504916  0.18678889  0.09443252
   0.02448621  0.01481172  0.36164207
   0.78532801  0.29960003  0.19612949
  -0.00518316  0.00915074  0.24918116
   0.52916036  0.53654617  0.46239140
   0.56360757  0.47310458  0.35385691
   0.12320946  0.43771718  0.05276428
   0.81500214  0.68700469  0.40556637
   0.02453519  0.51454318  0.13835144
   0.78532928  0.79978199  0.30387231
  -0.00515843  0.50916625  0.25081929
   0.52917804  0.03642407  0.03760903
   0.56371897  0.97277805  0.14613908
   0.12320946  0.93771715  0.55276432
   0.81500214  0.18700471  0.90556640
   0.02453519  0.01454316  0.63835141
   0.78532928  0.29978202  0.80387228
  -0.00515843  0.00916625  0.75081929
   0.52917804  0.53642407  0.53760901
   0.56371897  0.47277805  0.64613911
   0.62315497  0.55846272  0.94734831
   0.32028025  0.31451817  0.59360786
   0.52416902  0.48464698  0.86180006
   0.29588571  0.18765966  0.69790524
   0.50191707  0.49857243  0.74883968
   0.02776029  0.96086386  0.96207576
   0.06741763  0.02531008  0.85352408
   0.62315497  0.05846268  0.44734837
   0.32028025  0.81451817  0.09360787
   0.52416902  0.98464695  0.36180003
   0.29588571  0.68765966  0.19790519
   0.50191707  0.99857243  0.24883965
   0.02776029  0.46086389  0.46207576
   0.06741763  0.52531010  0.35352414
   0.33362857  0.16677785  0.50000123
   0.33362857  0.66677791  1.00000126
   0.83475615  0.83061160  0.49999868
   0.83475615  0.33061166 -0.00000132
   0.28250673  0.24183720  0.34481377
   0.28250673  0.74183720  0.84481380
   0.28255047  0.24158104  0.65517128
   0.28255047  0.74158104  0.15517128
