   0.25493676  0.23971906  0.10751140
   0.23491006  0.28792368  0.21959393
   0.25493676  0.73971906  0.60751142
   0.23491006  0.78792371  0.71959389
   0.74904863  0.75568659  0.89276665
   0.73170557  0.73684066  0.78028823
   0.74904863  0.25568659  0.39276668
   0.73170557  0.23684068  0.28028817
   0.74908692  0.75545305  0.10722643
   0.73160015  0.73696698  0.21970634
   0.74908692  0.25545307  0.60722645
   0.73160015  0.23696697  0.71970637
   0.25490348  0.23993785  0.89248937
   0.23484790  0.28782357  0.78040899
   0.25490348  0.73993788  0.39248940
   0.23484790  0.78782354  0.28040902
   0.25865254  0.24330790  0.00000066
   0.25865254  0.74330790  0.50000066
   0.75882585  0.75613992  1.00000221
   0.75882585  0.25613992  0.50000215
   0.78755022  0.75315542  0.34664492
   0.78755022  0.25315542  0.84664492
   0.78759093  0.75280118  0.65335837
   0.78759093  0.25280119  0.15335838
   0.80330026  0.75311761  0.45058840
   0.80330026  0.25311761  0.95058837
   0.30283945  0.24518604  0.54923495
   0.30283945  0.74518602  0.04923494
   0.30284017  0.24534907  0.45077215
   0.30284017  0.74534907  0.95077215
   0.80330660  0.75294864  0.54941269
   0.80330660  0.25294864  0.04941269
   0.61889333  0.55691396  0.05258380
   0.31961360  0.31544093  0.40624746
   0.52384812  0.48126218  0.13804003
   0.29641979  0.18658568  0.30214799
   0.50342028  0.49802490  0.25115853
   0.02492200  0.96120419  0.03796759
   0.07552741  0.03116830  0.14695384
   0.61889333  0.05691396  0.55258378
   0.31961360  0.81544093  0.90624746
   0.52384812  0.98126221  0.63804001
   0.29641979  0.68658565  0.80214799
   0.50342028  0.99802493  0.75115856
   0.02492200  0.46120422  0.53796758
   0.07552741  0.53116835  0.64695387
   0.11900137  0.43972351  0.94730397
   0.81492772  0.68631307  0.59455661
   0.02387498  0.51780327  0.86183367
   0.78623857  0.80029114  0.69608141
  -0.00365926  0.50839967  0.74916850
   0.52629692  0.03667939  0.96233727
   0.57168669  0.96735221  0.85335876
   0.11900137  0.93972354  0.44730394
   0.81492772  0.18631307  0.09455662
   0.02387498  0.01780329  0.36183367
   0.78623857  0.30029114  0.19608141
  -0.00365926  0.00839970  0.24916851
   0.52629692  0.53667941  0.46233724
   0.57168669  0.46735227  0.35335879
   0.11899660  0.43953951  0.05269596
   0.81485206  0.68659038  0.40544333
   0.02393088  0.51747214  0.13816234
   0.78632945  0.80050707  0.30392478
  -0.00363507  0.50840886  0.25082558
   0.52630504  0.03653381  0.03766832
   0.57182752  0.96693093  0.14663539
   0.11899660  0.93953948  0.55269600
   0.81485206  0.18659039  0.90544336
   0.02393088  0.01747211  0.63816231
   0.78632945  0.30050710  0.80392475
  -0.00363507  0.00840887  0.75082558
   0.52630504  0.53653381  0.53766829
   0.57182752  0.46693093  0.64663542
   0.61891590  0.55712698  0.94742145
   0.31958348  0.31515143  0.59375753
   0.52383561  0.48164730  0.86195650
   0.29658742  0.18656737  0.69784544
   0.50343611  0.49801701  0.74884384
   0.02493033  0.96134762  0.96203508
   0.07544458  0.03147164  0.85305830
   0.61891590  0.05712694  0.44742151
   0.31958348  0.81515143  0.09375755
   0.52383561  0.98164727  0.36195647
   0.29658742  0.68656737  0.19784540
   0.50343611  0.99801701  0.24884381
   0.02493033  0.46134765  0.46203508
   0.07544458  0.53147166  0.35305836
   0.33092164  0.16767466  0.50000241
   0.33092164  0.66767472  1.00000244
   0.83207410  0.83032498  0.50000009
   0.83207410  0.33032504  0.00000009
   0.28432057  0.24274000  0.34483806
   0.28432057  0.74274000  0.84483809
   0.28438642  0.24242851  0.65514039
   0.28438642  0.74242851  0.15514039
