   0.25613355  0.23538367  0.10786901
   0.23219566  0.28895550  0.21961804
   0.25613355  0.73538367  0.60786903
   0.23219566  0.78895553  0.71961799
   0.75004985  0.75922708  0.89250209
   0.72888842  0.73787362  0.78028466
   0.75004985  0.25922708  0.39250212
   0.72888842  0.23787364  0.28028460
   0.75005785  0.75911294  0.10749465
   0.72887740  0.73802999  0.21972256
   0.75005785  0.25911297  0.60749467
   0.72887740  0.23802998  0.71972259
   0.25609403  0.23552231  0.89213410
   0.23217133  0.28882561  0.78038791
   0.25609403  0.73552234  0.39213413
   0.23217133  0.78882558  0.28038794
   0.26326806  0.24155065 -0.00000179
   0.26326806  0.74155065  0.49999821
   0.76354481  0.75707628  1.00000162
   0.76354481  0.25707628  0.50000156
   0.78443903  0.75473177  0.34659036
   0.78443903  0.25473177  0.84659036
   0.78446603  0.75447439  0.65341870
   0.78446603  0.25447441  0.15341871
   0.80743973  0.75377694  0.45066274
   0.80743973  0.25377694  0.95066271
   0.30702754  0.24375867  0.54913444
   0.30702754  0.74375866  0.04913443
   0.30701855  0.24388876  0.45086862
   0.30701855  0.74388876  0.95086862
   0.80745180  0.75365108  0.54933294
   0.80745180  0.25365108  0.04933293
   0.62541403  0.55909930  0.05268864
   0.32060520  0.31439458  0.40646374
   0.52455473  0.48614274  0.13830490
   0.29547844  0.18830294  0.30205790
   0.50115974  0.49888536  0.25116915
   0.02922163  0.96054846  0.03790740
   0.06283583  0.02146197  0.14620629
   0.62541403  0.05909931  0.55268862
   0.32060520  0.81439458  0.90646374
   0.52455473  0.98614277  0.63830488
   0.29547844  0.68830291  0.80205790
   0.50115974  0.99888539  0.75116918
   0.02922163  0.46054849  0.53790740
   0.06283583  0.52146202  0.64620632
   0.12539622  0.43693963  0.94718988
   0.81487149  0.68705777  0.59437065
   0.02503369  0.51292688  0.86152612
   0.78490055  0.79905164  0.69613951
  -0.00591828  0.50951192  0.74918527
   0.53063339  0.03652987  0.96242067
   0.55909717  0.97637009  0.85411400
   0.12539622  0.93693966  0.44718985
   0.81487149  0.18705777  0.09437067
   0.02503369  0.01292690  0.36152612
   0.78490055  0.29905164  0.19613951
  -0.00591828  0.00951195  0.24918528
   0.53063339  0.53652990  0.46242064
   0.55909717  0.47637015  0.35411403
   0.12541531  0.43677369  0.05280701
   0.81484207  0.68725427  0.40562567
   0.02507997  0.51265510  0.13846855
   0.78489536  0.79923715  0.30386551
  -0.00589509  0.50952719  0.25081752
   0.53065375  0.03641330  0.03757733
   0.55915810  0.97608920  0.14587980
   0.12541531  0.93677366  0.55280705
   0.81484207  0.18725429  0.90562570
   0.02507997  0.01265507  0.63846852
   0.78489536  0.29923718  0.80386548
  -0.00589509  0.00952720  0.75081752
   0.53065375  0.53641331  0.53757730
   0.55915810  0.47608920  0.64587983
   0.62540610  0.55925388  0.94730918
   0.32060605  0.31418791  0.59353561
   0.52455874  0.48642176  0.86169884
   0.29548406  0.18832577  0.69794019
   0.50117382  0.49886966  0.74883759
   0.02922745  0.96066773  0.96209059
   0.06283158  0.02172872  0.85379680
   0.62540610  0.05925384  0.44730924
   0.32060605  0.81418791  0.09353562
   0.52455874  0.98642173  0.36169881
   0.29548406  0.68832577  0.19794015
   0.50117382  0.99886966  0.24883756
   0.02922745  0.46066776  0.46209059
   0.06283158  0.52172874  0.35379686
   0.33498492  0.16634751  0.50000036
   0.33498492  0.66634757  1.00000039
   0.83610766  0.83080256  0.49999763
   0.83610766  0.33080262 -0.00000237
   0.28151784  0.24131556  0.34478533
   0.28151784  0.74131556  0.84478536
   0.28154456  0.24106640  0.65520165
   0.28154456  0.74106640  0.15520165
