   0.25591673  0.24716487  0.10715857
   0.23801296  0.28401236  0.21964399
   0.25591673  0.74716487  0.60715858
   0.23801296  0.78401239  0.71964394
   0.75032953  0.75070583  0.89295953
   0.73505256  0.73353010  0.78031642
   0.75032953  0.25070583  0.39295956
   0.73505256  0.23353011  0.28031636
   0.75078125  0.74962893  0.10709182
   0.73421242  0.73351575  0.21961318
   0.75078125  0.24962896  0.60709184
   0.73421242  0.23351574  0.71961321
   0.25641061  0.24814466  0.89277328
   0.23759594  0.28407841  0.78036826
   0.25641061  0.74814469  0.39277331
   0.23759594  0.78407838  0.28036829
   0.24894125  0.24667139  0.00015176
   0.24894125  0.74667139  0.50015176
   0.74889424  0.75441363  0.99985770
   0.74889424  0.25441363  0.49985764
   0.79505520  0.75084355  0.34650792
   0.79505520  0.25084355  0.84650792
   0.79496512  0.74981474  0.65351396
   0.79496512  0.24981475  0.15351398
   0.79519778  0.75199407  0.45017888
   0.79519778  0.25199407  0.95017885
   0.29472077  0.24817085  0.54972722
   0.29472077  0.74817083  0.04972721
   0.29452678  0.24811088  0.45029684
   0.29452678  0.74811088  0.95029684
   0.79498997  0.75202858  0.54982355
   0.79498997  0.25202858  0.04982354
   0.60637962  0.55344092  0.05278533
   0.31760469  0.31774184  0.40554658
   0.52635839  0.47473732  0.13786588
   0.29717782  0.18369007  0.30215959
   0.50569366  0.49570821  0.25125181
   0.01596029  0.96244256  0.03819094
   0.09769657  0.04681585  0.14848419
   0.60637962  0.05344093  0.55278530
   0.31760469  0.81774184  0.90554658
   0.52635839  0.97473735  0.63786587
   0.29717782  0.68369005  0.80215959
   0.50569366  0.99570824  0.75125184
   0.01596029  0.46244259  0.53819093
   0.09769657  0.54681590  0.64848422
   0.10643925  0.44494530  0.94718310
   0.81451990  0.68475184  0.59518898
   0.02570830  0.52464884  0.86214376
   0.78902450  0.80256321  0.69612912
  -0.00106979  0.50538057  0.74900109
   0.51715436  0.03736220  0.96204620
   0.59429343  0.95353560  0.85169652
   0.10643925  0.94494533  0.44718307
   0.81451990  0.18475184  0.09518899
   0.02570830  0.02464886  0.36214376
   0.78902450  0.30256321  0.19612912
  -0.00106979  0.00538060  0.24900110
   0.51715436  0.53736222  0.46204617
   0.59429343  0.45353566  0.35169655
   0.10671918  0.44462661  0.05269059
   0.81339991  0.68538995  0.40479543
   0.02567866  0.52370192  0.13790003
   0.78974303  0.80314286  0.30389078
  -0.00103275  0.50537711  0.25095104
   0.51665907  0.03792234  0.03812646
   0.59470351  0.95220673  0.14834369
   0.10671918  0.94462658  0.55269063
   0.81339991  0.18538997  0.90479546
   0.02567866  0.02370189  0.63790000
   0.78974303  0.30314289  0.80389075
  -0.00103275  0.00537711  0.75095104
   0.51665907  0.53792235  0.53812644
   0.59470351  0.45220673  0.64834372
   0.60663547  0.55375547  0.94737334
   0.31650740  0.31706705  0.59450741
   0.52632001  0.47593432  0.86208025
   0.29848579  0.18338225  0.69779860
   0.50568139  0.49574082  0.74875132
   0.01550011  0.96192096  0.96167777
   0.09769111  0.04777102  0.85151137
   0.60663547  0.05375543  0.44737340
   0.31650740  0.81706705  0.09450742
   0.52632001  0.97593429  0.36208022
   0.29848579  0.68338225  0.19779855
   0.50568139  0.99574082  0.24875129
   0.01550011  0.46192099  0.46167777
   0.09769111  0.54777104  0.35151143
   0.32288474  0.16982386  0.50002066
   0.32288474  0.66982392  1.00002069
   0.82341766  0.82998964  0.49999762
   0.82341766  0.32998970 -0.00000238
   0.29113802  0.24627213  0.34471333
   0.29113802  0.74627213  0.84471336
   0.29132328  0.24538184  0.65521428
   0.29132328  0.74538184  0.15521428
