   0.25619772  0.23516820  0.10788875
   0.23208364  0.28901136  0.21962159
   0.25619772  0.73516820  0.60788877
   0.23208364  0.78901139  0.71962155
   0.75011733  0.75941396  0.89248580
   0.72876606  0.73793032  0.78028246
   0.75011733  0.25941396  0.39248582
   0.72876606  0.23793034  0.28028240
   0.75012632  0.75930786  0.10751175
   0.72875530  0.73809166  0.21972597
   0.75012632  0.25930789  0.60751178
   0.72875530  0.23809165  0.71972600
   0.25615844  0.23530763  0.89211495
   0.23205704  0.28887747  0.78038499
   0.25615844  0.73530766  0.39211498
   0.23205704  0.78887744  0.28038502
   0.26347540  0.24147354 -0.00000160
   0.26347540  0.74147354  0.49999840
   0.76375628  0.75712134  1.00000176
   0.76375628  0.25712134  0.50000170
   0.78429166  0.75479574  0.34659542
   0.78429166  0.25479574  0.84659542
   0.78431429  0.75453469  0.65341001
   0.78431429  0.25453470  0.15341003
   0.80763710  0.75382082  0.45067011
   0.80763710  0.25382082  0.95067008
   0.30722941  0.24368389  0.54912601
   0.30722941  0.74368387  0.04912600
   0.30721987  0.24381304  0.45087767
   0.30721987  0.74381304  0.95087767
   0.80764906  0.75369549  0.54932645
   0.80764906  0.25369549  0.04932644
   0.62573995  0.55922236  0.05269676
   0.32065126  0.31435510  0.40646789
   0.52462900  0.48640513  0.13832431
   0.29542332  0.18839873  0.30204714
   0.50106009  0.49892817  0.25116928
   0.02942226  0.96051442  0.03790840
   0.06216589  0.02093731  0.14616765
   0.62573995  0.05922236  0.55269674
   0.32065126  0.81435510  0.90646789
   0.52462900  0.98640516  0.63832429
   0.29542332  0.68839870  0.80204714
   0.50106009  0.99892820  0.75116931
   0.02942226  0.46051445  0.53790839
   0.06216589  0.52093737  0.64616768
   0.12570935  0.43680233  0.94717934
   0.81483489  0.68708710  0.59436391
   0.02512343  0.51263550  0.86150451
   0.78483285  0.79896687  0.69615791
  -0.00601785  0.50956182  0.74918541
   0.53083549  0.03653786  0.96242169
   0.55847013  0.97684216  0.85414782
   0.12570935  0.93680236  0.44717931
   0.81483489  0.18708710  0.09436392
   0.02512343  0.01263552  0.36150451
   0.78483285  0.29896687  0.19615791
  -0.00601785  0.00956185  0.24918542
   0.53083549  0.53653789  0.46242166
   0.55847013  0.47684222  0.35414785
   0.12573068  0.43663517  0.05281673
   0.81480934  0.68728043  0.40563093
   0.02517353  0.51236534  0.13849042
   0.78482872  0.79915091  0.30385306
  -0.00599500  0.50957321  0.25081661
   0.53085530  0.03642225  0.03757566
   0.55851455  0.97656414  0.14584598
   0.12573068  0.93663514  0.55281677
   0.81480934  0.18728045  0.90563096
   0.02517353  0.01236531  0.63849039
   0.78482872  0.29915094  0.80385303
  -0.00599500  0.00957322  0.75081661
   0.53085530  0.53642226  0.53757564
   0.55851455  0.47656414  0.64584601
   0.62573041  0.55937340  0.94730008
   0.32065014  0.31414774  0.59353044
   0.52463915  0.48667437  0.86167974
   0.29542394  0.18842143  0.69795167
   0.50107399  0.49891550  0.74883679
   0.02942806  0.96063364  0.96208894
   0.06216989  0.02121538  0.85383490
   0.62573041  0.05937336  0.44730014
   0.32065014  0.81414774  0.09353046
   0.52463915  0.98667434  0.36167971
   0.29542394  0.68842143  0.19795162
   0.50107399  0.99891550  0.24883676
   0.02942806  0.46063367  0.46208894
   0.06216989  0.52121540  0.35383496
   0.33517665  0.16627978  0.50000026
   0.33517665  0.66627984  1.00000029
   0.83630137  0.83083718  0.49999747
   0.83630137  0.33083724 -0.00000253
   0.28137717  0.24125838  0.34478909
   0.28137717  0.74125838  0.84478911
   0.28139681  0.24100970  0.65519706
   0.28139681  0.74100970  0.15519706
