   0.25465432  0.24177486  0.10735542
   0.23623661  0.28723833  0.21958594
   0.25465432  0.74177486  0.60735543
   0.23623661  0.78723836  0.71958590
   0.74885677  0.75414767  0.89287655
   0.73310933  0.73620658  0.78029054
   0.74885677  0.25414767  0.39287658
   0.73310933  0.23620659  0.28029048
   0.74893873  0.75378225  0.10711581
   0.73289168  0.73630471  0.21969191
   0.74893873  0.25378228  0.60711583
   0.73289168  0.23630470  0.71969194
   0.25464250  0.24212988  0.89264420
   0.23612184  0.28717183  0.78041638
   0.25464250  0.74212991  0.39264423
   0.23612184  0.78717180  0.28041641
   0.25615525  0.24425394  0.00000395
   0.25615525  0.74425394  0.50000395
   0.75629227  0.75575405  1.00000131
   0.75629227  0.25575405  0.50000125
   0.78924083  0.75240668  0.34665894
   0.78924083  0.25240668  0.84665894
   0.78926156  0.75195943  0.65335146
   0.78926156  0.25195944  0.15335147
   0.80112294  0.75287604  0.45053239
   0.80112294  0.25287604  0.95053236
   0.30066418  0.24595741  0.54930762
   0.30066418  0.74595740  0.04930761
   0.30067356  0.24615831  0.45070196
   0.30067356  0.74615831  0.95070196
   0.80112039  0.75267027  0.54947004
   0.80112039  0.25267027  0.04947003
   0.61560575  0.55591930  0.05254919
   0.31912709  0.31605494  0.40613867
   0.52398064  0.47930237  0.13794289
   0.29687260  0.18586633  0.30218375
   0.50451363  0.49751217  0.25116128
   0.02276363  0.96162153  0.03800212
   0.08115592  0.03524060  0.14727523
   0.61560575  0.05591931  0.55254917
   0.31912709  0.81605494  0.90613867
   0.52398064  0.97930240  0.63794288
   0.29687260  0.68586630  0.80218375
   0.50451363  0.99751220  0.75116131
   0.02276363  0.46162156  0.53800211
   0.08115592  0.53524066  0.64727526
   0.11575266  0.44116818  0.94734231
   0.81468973  0.68592349  0.59465493
   0.02386472  0.51973666  0.86195438
   0.78700389  0.80056494  0.69604964
  -0.00253837  0.50772946  0.74915153
   0.52411164  0.03678744  0.96230160
   0.57742985  0.96345849  0.85299567
   0.11575266  0.94116821  0.44734228
   0.81468973  0.18592349  0.09465494
   0.02386472  0.01973668  0.36195438
   0.78700389  0.30056494  0.19604964
  -0.00253837  0.00772949  0.24915155
   0.52411164  0.53678746  0.46230157
   0.57742985  0.46345855  0.35299570
   0.11573705  0.44095153  0.05265916
   0.81455283  0.68628521  0.40534822
   0.02391644  0.51930872  0.13804669
   0.78723217  0.80086029  0.30394972
  -0.00251513  0.50773676  0.25083526
   0.52410595  0.03661993  0.03771273
   0.57757343  0.96293973  0.14699207
   0.11573705  0.94095150  0.55265920
   0.81455283  0.18628522  0.90534825
   0.02391644  0.01930870  0.63804666
   0.78723217  0.30086032  0.80394969
  -0.00251513  0.00773677  0.75083526
   0.52410595  0.53661994  0.53771270
   0.57757343  0.46293973  0.64699210
   0.61564648  0.55618215  0.94746370
   0.31903625  0.31567501  0.59387222
   0.52395342  0.47978488  0.86204639
   0.29722765  0.18580871  0.69780291
   0.50452870  0.49751275  0.74883986
   0.02276813  0.96178409  0.96200211
   0.08107799  0.03564083  0.85274249
   0.61564648  0.05618210  0.44746376
   0.31903625  0.81567501  0.09387223
   0.52395342  0.97978485  0.36204636
   0.29722765  0.68580871  0.19780286
   0.50452870  0.99751275  0.24883983
   0.02276813  0.46178412  0.46200211
   0.08107799  0.53564085  0.35274255
   0.32885078  0.16836545  0.50000468
   0.32885078  0.66836551  1.00000470
   0.83000328  0.83016861  0.50000241
   0.83000328  0.33016867  0.00000241
   0.28594911  0.24355528  0.34484743
   0.28594911  0.74355528  0.84484745
   0.28603902  0.24314174  0.65512429
   0.28603902  0.74314174  0.15512429
