   0.25580089  0.23639803  0.10778457
   0.23276178  0.28874813  0.21961273
   0.25580089  0.73639803  0.60778458
   0.23276178  0.78874816  0.71961269
   0.74975852  0.75837134  0.89256869
   0.72947045  0.73763135  0.78028535
   0.74975852  0.25837134  0.39256872
   0.72947045  0.23763136  0.28028529
   0.74977067  0.75823883  0.10742669
   0.72944868  0.73778103  0.21971905
   0.74977067  0.25823886  0.60742671
   0.72944868  0.23778102  0.71971908
   0.25575847  0.23653663  0.89221752
   0.23273730  0.28862396  0.78039173
   0.25575847  0.73653666  0.39221755
   0.23273730  0.78862393  0.28039176
   0.26222182  0.24193961 -0.00000168
   0.26222182  0.74193961  0.49999832
   0.76247154  0.75683417  1.00000177
   0.76247154  0.25683417  0.50000171
   0.78513004  0.75437690  0.34660951
   0.78513004  0.25437690  0.84660951
   0.78516993  0.75410899  0.65339796
   0.78516993  0.25410901  0.15339797
   0.80652412  0.75359953  0.45065014
   0.80652412  0.25359953  0.95065011
   0.30608800  0.24406839  0.54915346
   0.30608800  0.74406837  0.04915345
   0.30608386  0.24420003  0.45085031
   0.30608386  0.74420003  0.95085031
   0.80653456  0.75346860  0.54934646
   0.80653456  0.25346860  0.04934646
   0.62395348  0.55857187  0.05266524
   0.32039147  0.31461143  0.40642004
   0.52430785  0.48495699  0.13823569
   0.29572874  0.18787751  0.30208268
   0.50162844  0.49869791  0.25116609
   0.02827343  0.96067049  0.03791891
   0.06584216  0.02380821  0.14638478
   0.62395348  0.05857188  0.55266522
   0.32039147  0.81461143  0.90642004
   0.52430785  0.98495702  0.63823568
   0.29572874  0.68787748  0.80208268
   0.50162844  0.99869794  0.75116612
   0.02827343  0.46067052  0.53791891
   0.06584216  0.52380826  0.64638481
   0.12398196  0.43753930  0.94721924
   0.81500474  0.68688714  0.59440938
   0.02466151  0.51416284  0.86160318
   0.78517281  0.79941185  0.69612138
  -0.00544450  0.50928307  0.74918322
   0.52968638  0.03653722  0.96240035
   0.56202024  0.97426764  0.85395182
   0.12398196  0.93753933  0.44721921
   0.81500474  0.18688714  0.09440939
   0.02466151  0.01416287  0.36160318
   0.78517281  0.29941185  0.19612138
  -0.00544450  0.00928310  0.24918324
   0.52968638  0.53653724  0.46240032
   0.56202024  0.47426770  0.35395185
   0.12399135  0.43737803  0.05277859
   0.81496252  0.68709333  0.40558808
   0.02470998  0.51389541  0.13839069
   0.78516570  0.79958781  0.30388334
  -0.00542024  0.50929777  0.25081788
   0.52970477  0.03641749  0.03759937
   0.56211921  0.97395983  0.14604369
   0.12399135  0.93737800  0.55277863
   0.81496252  0.18709335  0.90558811
   0.02470998  0.01389538  0.63839066
   0.78516570  0.29958784  0.80388331
  -0.00542024  0.00929778  0.75081788
   0.52970477  0.53641750  0.53759934
   0.56211921  0.47395983  0.64604372
   0.62395576  0.55873749  0.94733429
   0.32039139  0.31439752  0.59358075
   0.52430434  0.48525462  0.86176692
   0.29575429  0.18789044  0.69791411
   0.50164286  0.49868242  0.74883921
   0.02828061  0.96079051  0.96208049
   0.06580228  0.02405572  0.85362132
   0.62395576  0.05873744  0.44733435
   0.32039139  0.81439752  0.09358077
   0.52430434  0.98525459  0.36176689
   0.29575429  0.68789044  0.19791406
   0.50164286  0.99868242  0.24883918
   0.02828061  0.46079054  0.46208049
   0.06580228  0.52405574  0.35362138
   0.33411404  0.16662733  0.50000096
   0.33411404  0.66662739  1.00000099
   0.83523865  0.83066959  0.49999834
   0.83523865  0.33066965 -0.00000166
   0.28215151  0.24165289  0.34480699
   0.28215151  0.74165289  0.84480702
   0.28219134  0.24140264  0.65517867
   0.28219134  0.74140264  0.15517867
