   0.25463456  0.24246410  0.10730910
   0.23665434  0.28692954  0.21958440
   0.25463456  0.74246410  0.60730911
   0.23665434  0.78692957  0.71958436
   0.74885568  0.75364773  0.89290872
   0.73355154  0.73597937  0.78029393
   0.74885568  0.25364773  0.39290875
   0.73355154  0.23597939  0.28029387
   0.74895964  0.75322170  0.10708389
   0.73328468  0.73606628  0.21968369
   0.74895964  0.25322173  0.60708391
   0.73328468  0.23606626  0.71968372
   0.25463473  0.24288482  0.89268984
   0.23651610  0.28687732  0.78041795
   0.25463473  0.74288485  0.39268987
   0.23651610  0.78687729  0.28041798
   0.25531109  0.24458580  0.00000562
   0.25531109  0.74458580  0.50000562
   0.75543391  0.75562458  1.00000078
   0.75543391  0.25562458  0.50000072
   0.78985461  0.75217486  0.34664370
   0.78985461  0.25217486  0.84664370
   0.78986685  0.75168325  0.65336701
   0.78986685  0.25168327  0.15336703
   0.80038177  0.75279568  0.45050592
   0.80038177  0.25279568  0.95050589
   0.29992254  0.24622824  0.54934189
   0.29992254  0.74622822  0.04934188
   0.29993481  0.24644351  0.45066919
   0.29993481  0.74644351  0.95066919
   0.80037765  0.75257539  0.54949771
   0.80037765  0.25257539  0.04949771
   0.61442529  0.55557034  0.05254361
   0.31894248  0.31627963  0.40609241
   0.52408607  0.47864144  0.13791634
   0.29701336  0.18565076  0.30218885
   0.50485913  0.49731808  0.25116366
   0.02196976  0.96176392  0.03801821
   0.08317614  0.03669850  0.14739952
   0.61442529  0.05557035  0.55254358
   0.31894248  0.81627963  0.90609241
   0.52408607  0.97864147  0.63791632
   0.29701336  0.68565073  0.80218885
   0.50485913  0.99731811  0.75116369
   0.02196976  0.46176395  0.53801820
   0.08317614  0.53669855  0.64739955
   0.11458536  0.44168508  0.94735075
   0.81460055  0.68579115  0.59469858
   0.02390735  0.52040923  0.86199007
   0.78726277  0.80061605  0.69604160
  -0.00217458  0.50747479  0.74914318
   0.52330968  0.03684029  0.96228530
   0.57949379  0.96209869  0.85285756
   0.11458536  0.94168511  0.44735072
   0.81460055  0.18579115  0.09469859
   0.02390735  0.02040925  0.36199007
   0.78726277  0.30061605  0.19604160
  -0.00217458  0.00747482  0.24914319
   0.52330968  0.53684031  0.46228527
   0.57949379  0.46209875  0.35285759
   0.11456718  0.44145607  0.05265077
   0.81442370  0.68619051  0.40530518
   0.02395763  0.51993715  0.13801360
   0.78755031  0.80094784  0.30395734
  -0.00215093  0.50748103  0.25084036
   0.52329729  0.03666614  0.03773360
   0.57963590  0.96153826  0.14712682
   0.11456718  0.94145604  0.55265081
   0.81442370  0.18619053  0.90530521
   0.02395763  0.01993712  0.63801357
   0.78755031  0.30094786  0.80395731
  -0.00215093  0.00748103  0.75084036
   0.52329729  0.53666615  0.53773358
   0.57963590  0.46153826  0.64712685
   0.61447299  0.55585312  0.94747307
   0.31881572  0.31585844  0.59392105
   0.52405126  0.47916785  0.86206946
   0.29745390  0.18557129  0.69779492
   0.50487385  0.49732162  0.74883691
   0.02196865  0.96193076  0.96198562
   0.08310061  0.03714294  0.85262083
   0.61447299  0.05585307  0.44747313
   0.31881572  0.81585844  0.09392107
   0.52405126  0.97916782  0.36206943
   0.29745390  0.68557129  0.19779487
   0.50487385  0.99732162  0.24883688
   0.02196865  0.46193079  0.46198562
   0.08310061  0.53714296  0.35262089
   0.32807733  0.16861626  0.50000561
   0.32807733  0.66861632  1.00000564
   0.82922260  0.83011679  0.50000322
   0.82922260  0.33011685  0.00000322
   0.28647513  0.24381904  0.34484232
   0.28647513  0.74381904  0.84484235
   0.28657493  0.24336459  0.65512623
   0.28657493  0.74336459  0.15512623
