   0.25487131  0.24491001  0.10717262
   0.23775199  0.28563032  0.21959885
   0.25487131  0.74491001  0.60717263
   0.23775199  0.78563035  0.71959881
   0.74906090  0.75196678  0.89300517
   0.73472022  0.73501138  0.78030367
   0.74906090  0.25196678  0.39300520
   0.73472022  0.23501139  0.28030361
   0.74930277  0.75119373  0.10699752
   0.73425635  0.73506408  0.21965692
   0.74930277  0.25119376  0.60699754
   0.73425635  0.23506406  0.71965695
   0.25501085  0.24564455  0.89281583
   0.23753642  0.28561721  0.78040809
   0.25501085  0.74564458  0.39281586
   0.23753642  0.78561718  0.28040812
   0.25217663  0.24582195  0.00000841
   0.25217663  0.74582195  0.50000841
   0.75225353  0.75512962  1.00000627
   0.75225353  0.25512962  0.50000621
   0.79234909  0.75135008  0.34662926
   0.79234909  0.25135008  0.84662926
   0.79230161  0.75062459  0.65338593
   0.79230161  0.25062461  0.15338594
   0.79766107  0.75247273  0.45040542
   0.79766107  0.25247273  0.95040539
   0.29719480  0.24721611  0.54946172
   0.29719480  0.74721609  0.04946171
   0.29721285  0.24746415  0.45056613
   0.29721285  0.74746415  0.95056613
   0.79767143  0.75222695  0.54960052
   0.79767143  0.25222695  0.04960052
   0.61003443  0.55424123  0.05255092
   0.31837636  0.31716384  0.40589712
   0.52479837  0.47643015  0.13785636
   0.29746564  0.18495977  0.30217783
   0.50576672  0.49652838  0.25118511
   0.01897423  0.96223640  0.03809021
   0.09067548  0.04195773  0.14788368
   0.61003443  0.05424124  0.55255090
   0.31837636  0.81716384  0.90589712
   0.52479837  0.97643018  0.63785635
   0.29746564  0.68495975  0.80217783
   0.50576672  0.99652841  0.75118514
   0.01897423  0.46223643  0.53809020
   0.09067548  0.54195778  0.64788371
   0.11025196  0.44357586  0.94737040
   0.81446792  0.68529975  0.59488622
   0.02441777  0.52281239  0.86208737
   0.78826368  0.80077303  0.69604954
  -0.00119411  0.50641927  0.74910402
   0.52029184  0.03704946  0.96221289
   0.58709839  0.95732749  0.85232978
   0.11025196  0.94357589  0.44737037
   0.81446792  0.18529975  0.09488623
   0.02441777  0.02281241  0.36208737
   0.78826368  0.30077303  0.19604954
  -0.00119411  0.00641930  0.24910404
   0.52029184  0.53704948  0.46221286
   0.58709839  0.45732755  0.35232981
   0.11019406  0.44337365  0.05262803
   0.81390321  0.68587779  0.40511960
   0.02443775  0.52214741  0.13792951
   0.78880137  0.80132531  0.30394276
  -0.00116367  0.50643312  0.25087455
   0.52023747  0.03691583  0.03783738
   0.58719468  0.95656811  0.14763224
   0.11019406  0.94337362  0.55262807
   0.81390321  0.18587780  0.90511963
   0.02443775  0.02214738  0.63792948
   0.78880137  0.30132534  0.80394273
  -0.00116367  0.00643312  0.75087455
   0.52023747  0.53691583  0.53783735
   0.58719468  0.45656811  0.64763227
   0.61009332  0.55455855  0.94749246
   0.31794880  0.31659656  0.59413152
   0.52473301  0.47717225  0.86210393
   0.29828160  0.18475469  0.69778135
   0.50579002  0.49653288  0.74881747
   0.01890734  0.96233451  0.96190137
   0.09064082  0.04263761  0.85214522
   0.61009332  0.05455851  0.44749252
   0.31794880  0.81659656  0.09413153
   0.52473301  0.97717222  0.36210390
   0.29828160  0.68475469  0.19778130
   0.50579002  0.99653288  0.24881744
   0.01890734  0.46233454  0.46190137
   0.09064082  0.54263763  0.35214528
   0.32519353  0.16954410  0.50001190
   0.32519353  0.66954416  1.00001193
   0.82625121  0.82988322  0.50000682
   0.82625121  0.32988328  0.00000682
   0.28869154  0.24494122  0.34478606
   0.28869154  0.74494122  0.84478609
   0.28884311  0.24428405  0.65515397
   0.28884311  0.74428405  0.15515397
