   0.25609233  0.23549027  0.10785976
   0.23225849  0.28893857  0.21961921
   0.25609233  0.73549027  0.60785978
   0.23225849  0.78893860  0.71961917
   0.75000952  0.75913697  0.89250964
   0.72894665  0.73784853  0.78028296
   0.75000952  0.25913697  0.39250967
   0.72894665  0.23784854  0.28028290
   0.75001705  0.75901997  0.10748695
   0.72893442  0.73800319  0.21972396
   0.75001705  0.25902000  0.60748697
   0.72893442  0.23800318  0.71972399
   0.25605137  0.23562940  0.89214324
   0.23223444  0.28881011  0.78038672
   0.25605137  0.73562943  0.39214327
   0.23223444  0.78881008  0.28038675
   0.26315009  0.24159861 -0.00000204
   0.26315009  0.74159861  0.49999796
   0.76342300  0.75704465  1.00000146
   0.76342300  0.25704465  0.50000140
   0.78451137  0.75468207  0.34660527
   0.78451137  0.25468207  0.84660527
   0.78453980  0.75442441  0.65340515
   0.78453980  0.25442443  0.15340516
   0.80734335  0.75376397  0.45066439
   0.80734335  0.25376397  0.95066436
   0.30692591  0.24378334  0.54913138
   0.30692591  0.74378332  0.04913137
   0.30691758  0.24391375  0.45087118
   0.30691758  0.74391375  0.95087118
   0.80735508  0.75363701  0.54933085
   0.80735508  0.25363701  0.04933085
   0.62525869  0.55903517  0.05268629
   0.32058924  0.31442419  0.40646049
   0.52453679  0.48600501  0.13829749
   0.29550826  0.18824616  0.30205816
   0.50120897  0.49886336  0.25116860
   0.02912757  0.96056090  0.03790937
   0.06314829  0.02172284  0.14622464
   0.62525869  0.05903518  0.55268627
   0.32058924  0.81442419  0.90646049
   0.52453679  0.98600504  0.63829747
   0.29550826  0.68824613  0.80205816
   0.50120897  0.99886339  0.75116863
   0.02912757  0.46056093  0.53790936
   0.06314829  0.52172289  0.64622467
   0.12524519  0.43701077  0.94719299
   0.81489338  0.68703562  0.59437343
   0.02498087  0.51304759  0.86153459
   0.78493380  0.79910257  0.69614177
  -0.00586753  0.50948755  0.74918545
   0.53054009  0.03653084  0.96241741
   0.55941681  0.97616080  0.85409842
   0.12524519  0.93701080  0.44719296
   0.81489338  0.18703562  0.09437344
   0.02498087  0.01304762  0.36153459
   0.78493380  0.29910257  0.19614177
  -0.00586753  0.00948758  0.24918546
   0.53054009  0.53653086  0.46241738
   0.55941681  0.47616086  0.35409845
   0.12526323  0.43684424  0.05280379
   0.81486266  0.68723365  0.40562341
   0.02502663  0.51277730  0.13846015
   0.78493053  0.79929144  0.30386188
  -0.00584430  0.50950300  0.25081725
   0.53056093  0.03641412  0.03758054
   0.55948142  0.97587514  0.14589573
   0.12526323  0.93684421  0.55280384
   0.81486266  0.18723366  0.90562344
   0.02502663  0.01277727  0.63846012
   0.78493053  0.29929147  0.80386185
  -0.00584430  0.00950300  0.75081725
   0.53056093  0.53641413  0.53758051
   0.55948142  0.47587514  0.64589576
   0.62525101  0.55919090  0.94731147
   0.32059041  0.31421793  0.59353914
   0.52454158  0.48628664  0.86170634
   0.29551566  0.18826914  0.69793998
   0.50122317  0.49884755  0.74883806
   0.02913358  0.96067989  0.96208855
   0.06313849  0.02198738  0.85377907
   0.62525101  0.05919085  0.44731153
   0.32059041  0.81421793  0.09353915
   0.52454158  0.98628661  0.36170631
   0.29551566  0.68826914  0.19793993
   0.50122317  0.99884755  0.24883803
   0.02913358  0.46067992  0.46208855
   0.06313849  0.52198740  0.35377913
   0.33489821  0.16637826  0.50000040
   0.33489821  0.66637832  1.00000043
   0.83602078  0.83078759  0.49999776
   0.83602078  0.33078765 -0.00000224
   0.28157371  0.24135365  0.34479331
   0.28157371  0.74135365  0.84479334
   0.28160114  0.24110383  0.65519391
   0.28160114  0.74110383  0.15519391
