   0.25529558  0.23813238  0.10764616
   0.23382100  0.28835143  0.21960268
   0.25529558  0.73813238  0.60764618
   0.23382100  0.78835146  0.71960264
   0.74933443  0.75694670  0.89267128
   0.73057278  0.73724302  0.78028700
   0.74933443  0.25694670  0.39267131
   0.73057278  0.23724304  0.28028694
   0.74935884  0.75677588  0.10732245
   0.73052441  0.73738092  0.21971299
   0.74935884  0.25677591  0.60732248
   0.73052441  0.23738091  0.71971302
   0.25525138  0.23829215  0.89235462
   0.23378945  0.28823565  0.78040012
   0.25525138  0.73829218  0.39235465
   0.23378945  0.78823562  0.28040015
   0.26039883  0.24262230 -0.00000059
   0.26039883  0.74262230  0.49999941
   0.76060713  0.75646118  1.00000224
   0.76060713  0.25646118  0.50000218
   0.78635306  0.75374470  0.34662371
   0.78635306  0.25374470  0.84662371
   0.78640111  0.75345008  0.65338397
   0.78640111  0.25345009  0.15338398
   0.80488808  0.75331096  0.45061526
   0.80488808  0.25331096  0.95061523
   0.30443426  0.24464740  0.54919960
   0.30443426  0.74464738  0.04919959
   0.30443183  0.24478866  0.45080634
   0.30443183  0.74478866  0.95080634
   0.80489551  0.75316778  0.54938324
   0.80489551  0.25316778  0.04938323
   0.62144561  0.55773499  0.05262384
   0.32001245  0.31499814  0.40633882
   0.52401485  0.48304363  0.13813418
   0.29607318  0.18721984  0.30211626
   0.50249225  0.49837807  0.25116243
   0.02661444  0.96092077  0.03794130
   0.07079879  0.02761535  0.14667976
   0.62144561  0.05773500  0.55262382
   0.32001245  0.81499814  0.90633882
   0.52401485  0.98304366  0.63813416
   0.29607318  0.68721981  0.80211626
   0.50249225  0.99837810  0.75116246
   0.02661444  0.46092080  0.53794130
   0.07079879  0.52761540  0.64667979
   0.12153140  0.43858075  0.94726423
   0.81505241  0.68659927  0.59448055
   0.02419599  0.51608338  0.86172104
   0.78567104  0.79990249  0.69609774
  -0.00458732  0.50886141  0.74917821
   0.52801853  0.03657815  0.96236835
   0.56692580  0.97074044  0.85365743
   0.12153140  0.93858078  0.44726420
   0.81505241  0.18659927  0.09448056
   0.02419599  0.01608340  0.36172104
   0.78567104  0.29990249  0.19609774
  -0.00458732  0.00886144  0.24917822
   0.52801853  0.53657817  0.46236832
   0.56692580  0.47074050  0.35365746
   0.12152843  0.43841749  0.05273494
   0.81499355  0.68683178  0.40551953
   0.02424830  0.51579716  0.13827247
   0.78568261  0.80008248  0.30390241
  -0.00456258  0.50887657  0.25082118
   0.52803321  0.03644816  0.03763375
   0.56706322  0.97039117  0.14633885
   0.12152843  0.93841746  0.55273498
   0.81499355  0.18683179  0.90551956
   0.02424830  0.01579713  0.63827244
   0.78568261  0.30008251  0.80390238
  -0.00456258  0.00887658  0.75082118
   0.52803321  0.53644817  0.53763373
   0.56706322  0.47039117  0.64633888
   0.62146065  0.55792232  0.94737839
   0.32000807  0.31476094  0.59366396
   0.52399852  0.48337797  0.86186593
   0.29614621  0.18721721  0.69787892
   0.50250656  0.49836446  0.74884216
   0.02662322  0.96104650  0.96205994
   0.07072963  0.02786576  0.85332939
   0.62146065  0.05792228  0.44737845
   0.32000807  0.81476094  0.09366398
   0.52399852  0.98337794  0.36186590
   0.29614621  0.68721721  0.19787887
   0.50250656  0.99836446  0.24884213
   0.02662322  0.46104653  0.46205994
   0.07072963  0.52786578  0.35332945
   0.33257434  0.16712645  0.50000148
   0.33257434  0.66712651  1.00000151
   0.83371301  0.83047784  0.49999910
   0.83371301  0.33047790 -0.00000090
   0.28328912  0.24222916  0.34482046
   0.28328912  0.74222916  0.84482049
   0.28334653  0.24195854  0.65516185
   0.28334653  0.74195854  0.15516185
