   0.25581253  0.23636254  0.10778715
   0.23274453  0.28875738  0.21961192
   0.25581253  0.73636254  0.60778717
   0.23274453  0.78875741  0.71961188
   0.74976951  0.75840313  0.89256642
   0.72944340  0.73764443  0.78028644
   0.74976951  0.25840313  0.39256644
   0.72944340  0.23764444  0.28028638
   0.74978086  0.75827028  0.10742859
   0.72942381  0.73779202  0.21971817
   0.74978086  0.25827031  0.60742861
   0.72942381  0.23779201  0.71971820
   0.25576859  0.23650054  0.89221451
   0.23272242  0.28863414  0.78039286
   0.25576859  0.73650057  0.39221454
   0.23272242  0.78863411  0.28039289
   0.26225967  0.24192378 -0.00000214
   0.26225967  0.74192378  0.49999786
   0.76250814  0.75684479  1.00000135
   0.76250814  0.25684479  0.50000129
   0.78510942  0.75437559  0.34661709
   0.78510942  0.25437559  0.84661709
   0.78514854  0.75411505  0.65339602
   0.78514854  0.25411507  0.15339603
   0.80655078  0.75360156  0.45064711
   0.80655078  0.25360156  0.95064708
   0.30611478  0.24406116  0.54915435
   0.30611478  0.74406114  0.04915434
   0.30611131  0.24419277  0.45084808
   0.30611131  0.74419277  0.95084808
   0.80656107  0.75347127  0.54934796
   0.80656107  0.25347127  0.04934795
   0.62400618  0.55859159  0.05266601
   0.32039795  0.31459899  0.40642369
   0.52432559  0.48499084  0.13823874
   0.29572263  0.18788798  0.30208034
   0.50161122  0.49870380  0.25116606
   0.02830632  0.96066604  0.03791824
   0.06572496  0.02373681  0.14637940
   0.62400618  0.05859160  0.55266599
   0.32039795  0.81459899  0.90642369
   0.52432559  0.98499087  0.63823872
   0.29572263  0.68788795  0.80208034
   0.50161122  0.99870383  0.75116609
   0.02830632  0.46066607  0.53791824
   0.06572496  0.52373686  0.64637943
   0.12403417  0.43751637  0.94721867
   0.81500206  0.68689558  0.59440736
   0.02466315  0.51410761  0.86159969
   0.78516164  0.79939659  0.69612082
  -0.00546116  0.50929099  0.74918325
   0.52971802  0.03653585  0.96240176
   0.56192645  0.97435618  0.85395631
   0.12403417  0.93751640  0.44721864
   0.81500206  0.18689558  0.09440737
   0.02466315  0.01410763  0.36159969
   0.78516164  0.29939659  0.19612082
  -0.00546116  0.00929102  0.24918326
   0.52971802  0.53653587  0.46240173
   0.56192645  0.47435624  0.35395634
   0.12404314  0.43735453  0.05277950
   0.81495977  0.68710190  0.40559070
   0.02471376  0.51384124  0.13839385
   0.78515290  0.79957467  0.30388011
  -0.00543722  0.50930516  0.25081756
   0.52973790  0.03641673  0.03759833
   0.56202293  0.97404681  0.14603880
   0.12404314  0.93735450  0.55277954
   0.81495977  0.18710192  0.90559073
   0.02471376  0.01384121  0.63839382
   0.78515290  0.29957470  0.80388008
  -0.00543722  0.00930516  0.75081756
   0.52973790  0.53641673  0.53759830
   0.56202293  0.47404681  0.64603883
   0.62400739  0.55875766  0.94733387
   0.32039844  0.31438669  0.59357772
   0.52432326  0.48528607  0.86176357
   0.29574669  0.18790298  0.69791539
   0.50162545  0.49868857  0.74883902
   0.02831306  0.96078563  0.96208153
   0.06568374  0.02398645  0.85362629
   0.62400739  0.05875761  0.44733393
   0.32039844  0.81438669  0.09357773
   0.52432326  0.98528604  0.36176354
   0.29574669  0.68790298  0.19791535
   0.50162545  0.99868857  0.24883899
   0.02831306  0.46078566  0.46208153
   0.06568374  0.52398647  0.35362635
   0.33414484  0.16661515  0.50000133
   0.33414484  0.66661521  1.00000136
   0.83526913  0.83067508  0.49999876
   0.83526913  0.33067514 -0.00000124
   0.28214392  0.24165143  0.34480949
   0.28214392  0.74165143  0.84480952
   0.28218204  0.24139745  0.65517793
   0.28218204  0.74139745  0.15517793
