   0.25613927  0.24764717  0.10716703
   0.23804767  0.28369624  0.21965674
   0.25613927  0.74764717  0.60716704
   0.23804767  0.78369627  0.71965669
   0.75068231  0.75045967  0.89294122
   0.73507327  0.73313138  0.78032064
   0.75068231  0.25045967  0.39294125
   0.73507327  0.23313140  0.28032058
   0.75117723  0.74939072  0.10713151
   0.73410120  0.73315662  0.21960460
   0.75117723  0.24939075  0.60713153
   0.73410120  0.23315660  0.71960463
   0.25673725  0.24862849  0.89275708
   0.23752435  0.28374774  0.78036380
   0.25673725  0.74862852  0.39275711
   0.23752435  0.78374771  0.28036383
   0.24828302  0.24676240  0.00021539
   0.24828302  0.74676240  0.50021539
   0.74819131  0.75426836  0.99979971
   0.74819131  0.25426836  0.49979965
   0.79562099  0.75073949  0.34649713
   0.79562099  0.25073949  0.84649713
   0.79554492  0.74956489  0.65345329
   0.79554492  0.24956491  0.15345331
   0.79472762  0.75190991  0.45012631
   0.79472762  0.25190991  0.95012628
   0.29424700  0.24834021  0.54980002
   0.29424700  0.74834020  0.04980001
   0.29395615  0.24817566  0.45022775
   0.29395615  0.74817566  0.95022775
   0.79443434  0.75200757  0.54989228
   0.79443434  0.25200757  0.04989228
   0.60563123  0.55332026  0.05288258
   0.31738842  0.31785814  0.40544123
   0.52675984  0.47438864  0.13786977
   0.29704217  0.18322059  0.30215004
   0.50559208  0.49549385  0.25126710
   0.01525913  0.96241823  0.03821569
   0.09920046  0.04788125  0.14863551
   0.60563123  0.05332027  0.55288256
   0.31738842  0.81785814  0.90544123
   0.52675984  0.97438867  0.63786975
   0.29704217  0.68322057  0.80215004
   0.50559208  0.99549388  0.75126713
   0.01525913  0.46241826  0.53821568
   0.09920046  0.54788130  0.64863554
   0.10562407  0.44521257  0.94709870
   0.81457592  0.68455201  0.59526567
   0.02604253  0.52501441  0.86215717
   0.78916224  0.80336659  0.69622237
  -0.00111420  0.50516021  0.74897026
   0.51639199  0.03749532  0.96199918
   0.59591579  0.95273126  0.85152755
   0.10562407  0.94521260  0.44709867
   0.81457592  0.18455201  0.09526569
   0.02604253  0.02501444  0.36215717
   0.78916224  0.30336659  0.19622237
  -0.00111420  0.00516024  0.24897027
   0.51639199  0.53749535  0.46199915
   0.59591579  0.45273132  0.35152758
   0.10606842  0.44480643  0.05272204
   0.81336851  0.68519923  0.40470098
   0.02600509  0.52396901  0.13789131
   0.78996320  0.80389155  0.30386646
  -0.00107151  0.50514346  0.25096969
   0.51572320  0.03829816  0.03821819
   0.59640218  0.95125567  0.14854250
   0.10606842  0.94480640  0.55272208
   0.81336851  0.18519924  0.90470101
   0.02600509  0.02396899  0.63789128
   0.78996320  0.30389158  0.80386643
  -0.00107151  0.00514347  0.75096969
   0.51572320  0.53829816  0.53821816
   0.59640218  0.45125567  0.64854253
   0.60599552  0.55367411  0.94732546
   0.31616909  0.31714882  0.59462099
   0.52673502  0.47570193  0.86207499
   0.29848664  0.18286534  0.69780750
   0.50557267  0.49552909  0.74873334
   0.01463145  0.96167526  0.96160807
   0.09925868  0.04894708  0.85133478
   0.60599552  0.05367406  0.44732552
   0.31616909  0.81714882  0.09462100
   0.52673502  0.97570190  0.36207496
   0.29848664  0.68286534  0.19780745
   0.50557267  0.99552909  0.24873331
   0.01463145  0.46167529  0.46160807
   0.09925868  0.54894710  0.35133484
   0.32243123  0.16974229  0.50002466
   0.32243123  0.66974235  1.00002469
   0.82279544  0.83012051  0.49999139
   0.82279544  0.33012057 -0.00000861
   0.29166741  0.24660148  0.34472011
   0.29166741  0.74660148  0.84472014
   0.29183786  0.24569054  0.65519015
   0.29183786  0.74569054  0.15519015
