   0.25669292  0.24894293  0.10721565
   0.23805038  0.28279879  0.21969412
   0.25669292  0.74894293  0.60721567
   0.23805038  0.78279882  0.71969408
   0.75183812  0.74989317  0.89283484
   0.73501467  0.73166405  0.78032182
   0.75183812  0.24989317  0.39283487
   0.73501467  0.23166406  0.28032176
   0.75221198  0.74908724  0.10729946
   0.73363337  0.73187436  0.21956169
   0.75221198  0.24908727  0.60729948
   0.73363337  0.23187434  0.71956172
   0.25722161  0.24961267  0.89265655
   0.23710460  0.28265469  0.78034774
   0.25722161  0.74961270  0.39265658
   0.23710460  0.78265466  0.28034777
   0.24654111  0.24644948  0.00048603
   0.24654111  0.74644948  0.50048603
   0.74625660  0.75435300  0.99952003
   0.74625660  0.25435300  0.49951997
   0.79678173  0.75059043  0.34641020
   0.79678173  0.25059043  0.84641020
   0.79665106  0.74945983  0.65367030
   0.79665106  0.24945984  0.15367032
   0.79376127  0.75175824  0.44989352
   0.79376127  0.25175824  0.94989349
   0.29329869  0.24857170  0.55008060
   0.29329869  0.74857169  0.05008059
   0.29252366  0.24814355  0.44994454
   0.29252366  0.74814355  0.94994454
   0.79298876  0.75216692  0.55010261
   0.79298876  0.25216692  0.05010261
   0.60412280  0.55317726  0.05332042
   0.31691743  0.31804165  0.40512642
   0.52784709  0.47353826  0.13780729
   0.29644721  0.18188384  0.30226799
   0.50523651  0.49494929  0.25131588
   0.01340281  0.96198018  0.03830326
   0.10249296  0.05065328  0.14904081
   0.60412280  0.05317727  0.55332040
   0.31691743  0.81804165  0.90512642
   0.52784709  0.97353829  0.63780728
   0.29644721  0.68188381  0.80226799
   0.50523651  0.99494932  0.75131591
   0.01340281  0.46198021  0.53830325
   0.10249296  0.55065333  0.64904084
   0.10384551  0.44579536  0.94669064
   0.81500744  0.68372419  0.59547214
   0.02682118  0.52565496  0.86226146
   0.78960923  0.80606753  0.69623026
  -0.00105890  0.50460853  0.74887699
   0.51428095  0.03812365  0.96184602
   0.59986862  0.95077192  0.85105156
   0.10384551  0.94579539  0.44669061
   0.81500744  0.18372419  0.09547215
   0.02682118  0.02565498  0.36226146
   0.78960923  0.30606753  0.19623026
  -0.00105890  0.00460856  0.24887700
   0.51428095  0.53812368  0.46184599
   0.59986862  0.45077198  0.35105159
   0.10498599  0.44478522  0.05289784
   0.81406357  0.68437527  0.40446627
   0.02678267  0.52429743  0.13779053
   0.79070446  0.80682531  0.30381277
  -0.00104245  0.50466653  0.25104411
   0.51290706  0.03983186  0.03854566
   0.60066563  0.94890493  0.14915632
   0.10498599  0.94478519  0.55289788
   0.81406357  0.18437528  0.90446630
   0.02678267  0.02429740  0.63779050
   0.79070446  0.30682534  0.80381274
  -0.00104245  0.00466654  0.75104411
   0.51290706  0.53983187  0.53854564
   0.60066563  0.44890493  0.64915635
   0.60493575  0.55395813  0.94710935
   0.31588232  0.31728388  0.59499087
   0.52792085  0.47521570  0.86214621
   0.29827135  0.18146493  0.69763442
   0.50513326  0.49490918  0.74870219
   0.01210444  0.96044770  0.96134909
   0.10283588  0.05207476  0.85080134
   0.60493575  0.05395809  0.44710941
   0.31588232  0.81728388  0.09499089
   0.52792085  0.97521567  0.36214618
   0.29827135  0.68146493  0.19763437
   0.50513326  0.99490918  0.24870216
   0.01210444  0.46044773  0.46134909
   0.10283588  0.55207479  0.35080140
   0.32149799  0.16879510  0.50005209
   0.32149799  0.66879516  1.00005212
   0.82141014  0.83111337  0.49997186
   0.82141014  0.33111343 -0.00002814
   0.29274216  0.24749553  0.34474322
   0.29274216  0.74749553  0.84474325
   0.29278725  0.24656402  0.65513491
   0.29278725  0.74656402  0.15513491
