   0.25606997  0.23557853  0.10785297
   0.23230781  0.28891208  0.21961854
   0.25606997  0.73557853  0.60785299
   0.23230781  0.78891211  0.71961849
   0.74998638  0.75906273  0.89251523
   0.72900229  0.73783053  0.78028339
   0.74998638  0.25906273  0.39251526
   0.72900229  0.23783055  0.28028333
   0.74999297  0.75894349  0.10748138
   0.72898900  0.73798368  0.21972318
   0.74999297  0.25894352  0.60748140
   0.72898900  0.23798367  0.71972321
   0.25602831  0.23571829  0.89215009
   0.23228344  0.28878478  0.78038721
   0.25602831  0.73571832  0.39215012
   0.23228344  0.78878475  0.28038724
   0.26305811  0.24163226 -0.00000204
   0.26305811  0.74163226  0.49999796
   0.76332876  0.75702447  1.00000147
   0.76332876  0.25702447  0.50000141
   0.78455527  0.75465744  0.34660557
   0.78455527  0.25465744  0.84660557
   0.78458330  0.75439799  0.65340392
   0.78458330  0.25439801  0.15340394
   0.80728490  0.75375628  0.45066292
   0.80728490  0.25375628  0.95066289
   0.30686332  0.24380018  0.54913286
   0.30686332  0.74380016  0.04913285
   0.30685517  0.24393025  0.45086974
   0.30685517  0.74393025  0.95086974
   0.80729693  0.75362878  0.54933248
   0.80729693  0.25362878  0.04933248
   0.62511678  0.55897499  0.05268363
   0.32056498  0.31443844  0.40645775
   0.52450418  0.48589329  0.13828943
   0.29553187  0.18820864  0.30206100
   0.50125396  0.49884500  0.25116833
   0.02903669  0.96056407  0.03791044
   0.06344527  0.02196998  0.14624147
   0.62511678  0.05897500  0.55268361
   0.32056498  0.81443844  0.90645775
   0.52450418  0.98589332  0.63828941
   0.29553187  0.68820861  0.80206100
   0.50125396  0.99884503  0.75116836
   0.02903669  0.46056410  0.53791044
   0.06344527  0.52197003  0.64624150
   0.12510971  0.43708061  0.94719617
   0.81490655  0.68702839  0.59437609
   0.02493607  0.51316534  0.86154364
   0.78495856  0.79913887  0.69614027
  -0.00581911  0.50946655  0.74918501
   0.53044765  0.03654027  0.96241510
   0.55970127  0.97594496  0.85408379
   0.12510971  0.93708064  0.44719614
   0.81490655  0.18702839  0.09437611
   0.02493607  0.01316536  0.36154364
   0.78495856  0.29913887  0.19614027
  -0.00581911  0.00946658  0.24918502
   0.53044765  0.53654029  0.46241507
   0.55970127  0.47594502  0.35408382
   0.12512712  0.43691394  0.05280051
   0.81487421  0.68722731  0.40562080
   0.02498097  0.51289443  0.13845121
   0.78495621  0.79932773  0.30386364
  -0.00579583  0.50948199  0.25081749
   0.53046912  0.03642352  0.03758278
   0.55976946  0.97565656  0.14591063
   0.12512712  0.93691391  0.55280055
   0.81487421  0.18722733  0.90562082
   0.02498097  0.01289440  0.63845118
   0.78495621  0.29932776  0.80386361
  -0.00579583  0.00948199  0.75081749
   0.53046912  0.53642352  0.53758275
   0.55976946  0.47565656  0.64591066
   0.62510918  0.55913198  0.94731406
   0.32056667  0.31423224  0.59354188
   0.52450840  0.48617674  0.86171450
   0.29554054  0.18823074  0.69793778
   0.50126805  0.49883002  0.74883818
   0.02904271  0.96068265  0.96208738
   0.06343218  0.02223107  0.85376266
   0.62510918  0.05913194  0.44731412
   0.32056667  0.81423224  0.09354190
   0.52450840  0.98617671  0.36171447
   0.29554054  0.68823074  0.19793773
   0.50126805  0.99883002  0.24883815
   0.02904271  0.46068268  0.46208738
   0.06343218  0.52223109  0.35376272
   0.33480873  0.16640639  0.50000031
   0.33480873  0.66640645  1.00000034
   0.83592976  0.83077469  0.49999775
   0.83592976  0.33077475 -0.00000225
   0.28160059  0.24136347  0.34479253
   0.28160059  0.74136347  0.84479256
   0.28163127  0.24111317  0.65519481
   0.28163127  0.74111317  0.15519481
