   0.25608895  0.23550005  0.10785917
   0.23226380  0.28893755  0.21961968
   0.25608895  0.73550005  0.60785918
   0.23226380  0.78893758  0.71961964
   0.75000492  0.75912794  0.89251010
   0.72895153  0.73784456  0.78028249
   0.75000492  0.25912794  0.39251013
   0.72895153  0.23784458  0.28028243
   0.75001227  0.75901089  0.10748652
   0.72893920  0.73799937  0.21972445
   0.75001227  0.25901092  0.60748654
   0.72893920  0.23799936  0.71972448
   0.25604809  0.23563935  0.89214388
   0.23223955  0.28880931  0.78038627
   0.25604809  0.73563938  0.39214391
   0.23223955  0.78880928  0.28038630
   0.26313869  0.24160304 -0.00000204
   0.26313869  0.74160304  0.49999796
   0.76341157  0.75704144  1.00000145
   0.76341157  0.25704144  0.50000139
   0.78451914  0.75467980  0.34660325
   0.78451914  0.25467980  0.84660325
   0.78454763  0.75442121  0.65340651
   0.78454763  0.25442122  0.15340653
   0.80733215  0.75376173  0.45066389
   0.80733215  0.25376173  0.95066386
   0.30691441  0.24378769  0.54913226
   0.30691441  0.74378767  0.04913225
   0.30690607  0.24391801  0.45087043
   0.30690607  0.74391801  0.95087043
   0.80734386  0.75363463  0.54933151
   0.80734386  0.25363463  0.04933150
   0.62524688  0.55903000  0.05268600
   0.32058791  0.31442547  0.40646092
   0.52453892  0.48599296  0.13829678
   0.29550939  0.18824581  0.30206079
   0.50121237  0.49886148  0.25116848
   0.02911983  0.96056177  0.03790933
   0.06317119  0.02174757  0.14622618
   0.62524688  0.05903000  0.55268598
   0.32058791  0.81442547  0.90646092
   0.52453892  0.98599299  0.63829677
   0.29550939  0.68824578  0.80206079
   0.50121237  0.99886151  0.75116851
   0.02911983  0.46056180  0.53790932
   0.06317119  0.52174762  0.64622621
   0.12523398  0.43701639  0.94719333
   0.81489490  0.68703487  0.59437331
   0.02497462  0.51305287  0.86153542
   0.78493638  0.79910299  0.69613907
  -0.00586241  0.50948578  0.74918550
   0.53053175  0.03653020  0.96241735
   0.55944536  0.97614578  0.85409710
   0.12523398  0.93701642  0.44719330
   0.81489490  0.18703487  0.09437333
   0.02497462  0.01305289  0.36153542
   0.78493638  0.29910299  0.19613907
  -0.00586241  0.00948581  0.24918551
   0.53053175  0.53653022  0.46241732
   0.55944536  0.47614584  0.35409713
   0.12525182  0.43684995  0.05280342
   0.81486400  0.68723275  0.40562333
   0.02502033  0.51278262  0.13845933
   0.78493315  0.79929114  0.30386516
  -0.00583917  0.50950114  0.25081711
   0.53055273  0.03641357  0.03758058
   0.55951064  0.97585987  0.14589707
   0.12525182  0.93684992  0.55280346
   0.81486400  0.18723277  0.90562336
   0.02502033  0.01278259  0.63845930
   0.78493315  0.29929117  0.80386513
  -0.00583917  0.00950115  0.75081711
   0.53055273  0.53641358  0.53758055
   0.55951064  0.47585987  0.64589710
   0.62523921  0.55918605  0.94731174
   0.32058913  0.31421899  0.59353851
   0.52454356  0.48627489  0.86170705
   0.29551702  0.18826820  0.69793769
   0.50122672  0.49884574  0.74883809
   0.02912586  0.96068075  0.96208857
   0.06316093  0.02201166  0.85377757
   0.62523921  0.05918601  0.44731180
   0.32058913  0.81421899  0.09353853
   0.52454356  0.98627486  0.36170702
   0.29551702  0.68826820  0.19793764
   0.50122672  0.99884574  0.24883806
   0.02912586  0.46068078  0.46208857
   0.06316093  0.52201168  0.35377763
   0.33489118  0.16638047  0.50000038
   0.33489118  0.66638053  1.00000041
   0.83601402  0.83078637  0.49999776
   0.83601402  0.33078643 -0.00000224
   0.28158408  0.24135752  0.34479268
   0.28158408  0.74135752  0.84479271
   0.28161154  0.24110765  0.65519450
   0.28161154  0.74110765  0.15519450
