   0.25566642  0.24669760  0.10715168
   0.23800197  0.28435745  0.21962886
   0.25566642  0.74669760  0.60715170
   0.23800197  0.78435748  0.71962881
   0.75004121  0.75093555  0.89298830
   0.73501549  0.73388343  0.78032178
   0.75004121  0.25093555  0.39298833
   0.73501549  0.23388345  0.28032172
   0.75041718  0.74990679  0.10705385
   0.73428691  0.73387401  0.21961867
   0.75041718  0.24990682  0.60705388
   0.73428691  0.23387399  0.71961870
   0.25610453  0.24766668  0.89279982
   0.23765192  0.28442637  0.78038271
   0.25610453  0.74766671  0.39279985
   0.23765192  0.78442634  0.28038274
   0.24956352  0.24654711  0.00009585
   0.24956352  0.74654711  0.50009585
   0.74955688  0.75457465  0.99990508
   0.74955688  0.25457465  0.49990502
   0.79445739  0.75096201  0.34652316
   0.79445739  0.25096201  0.84652316
   0.79439711  0.74997967  0.65348248
   0.79439711  0.24997968  0.15348249
   0.79566650  0.75209918  0.45022933
   0.79566650  0.25209918  0.95022930
   0.29518153  0.24799959  0.54966242
   0.29518153  0.74799957  0.04966241
   0.29506740  0.24801310  0.45035800
   0.29506740  0.74801310  0.95035800
   0.79550909  0.75204084  0.54976381
   0.79550909  0.25204084  0.04976381
   0.60711313  0.55355681  0.05270636
   0.31779708  0.31760971  0.40564424
   0.52601859  0.47511535  0.13785933
   0.29731815  0.18409593  0.30215400
   0.50578937  0.49590559  0.25123476
   0.01664633  0.96245199  0.03817140
   0.09612665  0.04571932  0.14832810
   0.60711313  0.05355682  0.55270634
   0.31779708  0.81760971  0.90564424
   0.52601859  0.97511538  0.63785932
   0.29731815  0.68409590  0.80215400
   0.50578937  0.99590562  0.75123479
   0.01664633  0.46245202  0.53817139
   0.09612665  0.54571937  0.64832813
   0.10723132  0.44466423  0.94725615
   0.81447636  0.68492435  0.59510943
   0.02536031  0.52418164  0.86211820
   0.78887270  0.80189533  0.69611336
  -0.00102457  0.50559498  0.74902561
   0.51788406  0.03723929  0.96209505
   0.59273715  0.95454235  0.85184885
   0.10723132  0.94466426  0.44725612
   0.81447636  0.18492435  0.09510945
   0.02536031  0.02418166  0.36211820
   0.78887270  0.30189533  0.19611336
  -0.00102457  0.00559501  0.24902563
   0.51788406  0.53723931  0.46209502
   0.59273715  0.45454241  0.35184888
   0.10738219  0.44442716  0.05267056
   0.81345316  0.68556205  0.40488102
   0.02541479  0.52338232  0.13790623
   0.78954971  0.80238417  0.30395967
  -0.00098836  0.50560479  0.25092953
   0.51754995  0.03757223  0.03804480
   0.59298969  0.95321514  0.14814867
   0.10738219  0.94442713  0.55267060
   0.81345316  0.18556206  0.90488105
   0.02541479  0.02338229  0.63790620
   0.78954971  0.30238420  0.80395964
  -0.00098836  0.00560480  0.75092953
   0.51754995  0.53757224  0.53804478
   0.59298969  0.45321514  0.64814870
   0.60729632  0.55386422  0.94741807
   0.31686644  0.31697485  0.59439896
   0.52605648  0.47611747  0.86207330
   0.29849554  0.18382246  0.69780088
   0.50579381  0.49592262  0.74876349
   0.01630829  0.96213698  0.96174556
   0.09596035  0.04664383  0.85167099
   0.60729632  0.05386418  0.44741813
   0.31686644  0.81697485  0.09439897
   0.52605648  0.97611744  0.36207327
   0.29849554  0.68382246  0.19780083
   0.50579381  0.99592262  0.24876346
   0.01630829  0.46213701  0.46174556
   0.09596035  0.54664385  0.35167105
   0.32333946  0.16984822  0.50002145
   0.32333946  0.66984828  1.00002148
   0.82403356  0.82989838  0.50000433
   0.82403356  0.32989844  0.00000433
   0.29069148  0.24599973  0.34472647
   0.29069148  0.74599973  0.84472649
   0.29087516  0.24516227  0.65520530
   0.29087516  0.74516227  0.15520530
