   0.25469300  0.24140283  0.10737929
   0.23599823  0.28736764  0.21958191
   0.25469300  0.74140283  0.60737931
   0.23599823  0.78736767  0.71958186
   0.74889069  0.75442285  0.89286102
   0.73286968  0.73632659  0.78029470
   0.74889069  0.25442285  0.39286105
   0.73286968  0.23632660  0.28029464
   0.74896258  0.75408663  0.10713137
   0.73267535  0.73643078  0.21969013
   0.74896258  0.25408666  0.60713139
   0.73267535  0.23643076  0.71969016
   0.25467636  0.24172862  0.89262067
   0.23589389  0.28729424  0.78042053
   0.25467636  0.74172865  0.39262070
   0.23589389  0.78729421  0.28042056
   0.25662561  0.24406985  0.00000313
   0.25662561  0.74406985  0.50000313
   0.75676858  0.75583003  1.00000159
   0.75676858  0.25583003  0.50000153
   0.78892640  0.75256483  0.34664378
   0.78892640  0.25256483  0.84664378
   0.78894880  0.75213927  0.65336559
   0.78894880  0.25213928  0.15336560
   0.80152243  0.75290427  0.45054181
   0.80152243  0.25290427  0.95054178
   0.30106495  0.24582992  0.54929667
   0.30106495  0.74582991  0.04929666
   0.30107437  0.24602221  0.45071270
   0.30107437  0.74602221  0.95071270
   0.80152009  0.75270747  0.54946050
   0.80152009  0.25270747  0.04946049
   0.61622559  0.55612490  0.05255505
   0.31921413  0.31592917  0.40615813
   0.52393233  0.47966777  0.13795982
   0.29679073  0.18601029  0.30218253
   0.50431665  0.49761173  0.25116006
   0.02315999  0.96154736  0.03799436
   0.08011138  0.03446361  0.14721311
   0.61622559  0.05612491  0.55255503
   0.31921413  0.81592917  0.90615813
   0.52393233  0.97966780  0.63795980
   0.29679073  0.68601026  0.80218253
   0.50431665  0.99761176  0.75116009
   0.02315999  0.46154739  0.53799436
   0.08011138  0.53446366  0.64721314
   0.11636969  0.44087842  0.94733524
   0.81473132  0.68600054  0.59463769
   0.02386709  0.51939379  0.86193318
   0.78685976  0.80050352  0.69604314
  -0.00273749  0.50785987  0.74915509
   0.52451203  0.03675886  0.96230974
   0.57634598  0.96417121  0.85306480
   0.11636969  0.94087845  0.44733521
   0.81473132  0.18600054  0.09463770
   0.02386709  0.01939381  0.36193318
   0.78685976  0.30050352  0.19604314
  -0.00273749  0.00785990  0.24915511
   0.52451203  0.53675889  0.46230971
   0.57634598  0.46417127  0.35306483
   0.11635551  0.44066901  0.05266604
   0.81460996  0.68634414  0.40536474
   0.02391925  0.51898662  0.13806673
   0.78706041  0.80078148  0.30395733
  -0.00271432  0.50786787  0.25083311
   0.52450932  0.03659548  0.03770263
   0.57648847  0.96367306  0.14692433
   0.11635551  0.94066898  0.55266608
   0.81460996  0.18634415  0.90536477
   0.02391925  0.01898659  0.63806670
   0.78706041  0.30078151  0.80395730
  -0.00271432  0.00786788  0.75083311
   0.52450932  0.53659549  0.53770261
   0.57648847  0.46367306  0.64692436
   0.61626281  0.55637757  0.94745615
   0.31913785  0.31556829  0.59385128
   0.52390875  0.48012907  0.86203101
   0.29710598  0.18596139  0.69780550
   0.50433186  0.49761088  0.74884120
   0.02316615  0.96170634  0.96200983
   0.08003295  0.03484386  0.85280335
   0.61626281  0.05637753  0.44745621
   0.31913785  0.81556829  0.09385129
   0.52390875  0.98012904  0.36203098
   0.29710598  0.68596139  0.19780546
   0.50433186  0.99761088  0.24884117
   0.02316615  0.46170637  0.46200983
   0.08003295  0.53484388  0.35280341
   0.32923329  0.16823547  0.50000428
   0.32923329  0.66823553  1.00000431
   0.83038831  0.83019554  0.50000202
   0.83038831  0.33019560  0.00000202
   0.28565391  0.24339844  0.34484375
   0.28565391  0.74339844  0.84484378
   0.28573907  0.24300624  0.65512936
   0.28573907  0.74300624  0.15512936
