   0.25613319  0.23536930  0.10787016
   0.23219191  0.28896268  0.21961903
   0.25613319  0.73536930  0.60787018
   0.23219191  0.78896271  0.71961899
   0.75005152  0.75924105  0.89250099
   0.72887654  0.73787826  0.78028373
   0.75005152  0.25924105  0.39250102
   0.72887654  0.23787828  0.28028367
   0.75005981  0.75912702  0.10749558
   0.72886605  0.73803459  0.21972355
   0.75005981  0.25912705  0.60749560
   0.72886605  0.23803458  0.71972358
   0.25609315  0.23550732  0.89213281
   0.23216798  0.28883272  0.78038687
   0.25609315  0.73550734  0.39213284
   0.23216798  0.78883269  0.28038690
   0.26327881  0.24154924 -0.00000188
   0.26327881  0.74154924  0.49999812
   0.76355517  0.75707626  1.00000150
   0.76355517  0.25707626  0.50000144
   0.78443039  0.75472239  0.34660261
   0.78443039  0.25472239  0.84660261
   0.78445710  0.75446757  0.65340867
   0.78445710  0.25446758  0.15340868
   0.80745217  0.75378046  0.45066322
   0.80745217  0.25378046  0.95066319
   0.30703974  0.24375224  0.54913260
   0.30703974  0.74375223  0.04913259
   0.30703084  0.24388213  0.45087007
   0.30703084  0.74388213  0.95087007
   0.80746406  0.75365492  0.54933192
   0.80746406  0.25365492  0.04933192
   0.62543251  0.55910560  0.05269006
   0.32060908  0.31439754  0.40646226
   0.52456329  0.48615230  0.13830703
   0.29547707  0.18830173  0.30205239
   0.50115565  0.49888655  0.25116920
   0.02923404  0.96054647  0.03790798
   0.06279517  0.02143559  0.14620491
   0.62543251  0.05910560  0.55269003
   0.32060908  0.81439754  0.90646226
   0.52456329  0.98615233  0.63830702
   0.29547707  0.68830170  0.80205239
   0.50115565  0.99888658  0.75116923
   0.02923404  0.46054650  0.53790797
   0.06279517  0.52143564  0.64620494
   0.12541474  0.43693341  0.94718856
   0.81487103  0.68705447  0.59437158
   0.02503533  0.51290852  0.86152369
   0.78489687  0.79905751  0.69615065
  -0.00592589  0.50951339  0.74918555
   0.53064535  0.03653028  0.96242044
   0.55906755  0.97640213  0.85411505
   0.12541474  0.93693344  0.44718853
   0.81487103  0.18705447  0.09437160
   0.02503533  0.01290854  0.36152369
   0.78489687  0.29905751  0.19615065
  -0.00592589  0.00951342  0.24918557
   0.53064535  0.53653030  0.46242041
   0.55906755  0.47640219  0.35411508
   0.12543360  0.43676714  0.05280849
   0.81484192  0.68725101  0.40562526
   0.02508180  0.51263686  0.13847084
   0.78489164  0.79924550  0.30385212
  -0.00590280  0.50952932  0.25081738
   0.53066621  0.03641403  0.03757775
   0.55912743  0.97612116  0.14587868
   0.12543360  0.93676711  0.55280853
   0.81484192  0.18725102  0.90562529
   0.02508180  0.01263683  0.63847081
   0.78489164  0.29924552  0.80385209
  -0.00590280  0.00952933  0.75081738
   0.53066621  0.53641403  0.53757772
   0.55912743  0.47612116  0.64587871
   0.62542432  0.55926024  0.94730792
   0.32060989  0.31419122  0.59353744
   0.52456781  0.48643077  0.86169660
   0.29548224  0.18832506  0.69794525
   0.50116937  0.49887044  0.74883769
   0.02923979  0.96066561  0.96209020
   0.06279118  0.02170305  0.85379806
   0.62542432  0.05926020  0.44730798
   0.32060989  0.81419122  0.09353745
   0.52456781  0.98643074  0.36169657
   0.29548224  0.68832506  0.19794521
   0.50116937  0.99887044  0.24883766
   0.02923979  0.46066564  0.46209020
   0.06279118  0.52170307  0.35379812
   0.33499730  0.16634149  0.50000053
   0.33499730  0.66634155  1.00000056
   0.83611983  0.83080680  0.49999782
   0.83611983  0.33080686 -0.00000218
   0.28150558  0.24131291  0.34478658
   0.28150558  0.74131291  0.84478661
   0.28153234  0.24106357  0.65520054
   0.28153234  0.74106357  0.15520054
