   0.25454343  0.24855073  0.10725225
   0.23828519  0.27709744  0.21920924
   0.25454343  0.74855073  0.60725226
   0.23828519  0.77709747  0.71920919
   0.75336867  0.75054442  0.89269218
   0.73549963  0.72577294  0.78077039
   0.75336867  0.25054442  0.39269220
   0.73549963  0.22577296  0.28077033
   0.75096021  0.75081638  0.10750831
   0.73319090  0.72762996  0.21902409
   0.75096021  0.25081641  0.60750833
   0.73319090  0.22762994  0.71902412
   0.25275307  0.24882942  0.89242779
   0.23608460  0.27570970  0.78089931
   0.25275307  0.74882944  0.39242782
   0.23608460  0.77570967  0.28089934
   0.24389947  0.24237237  0.00128680
   0.24389947  0.74237237  0.50128680
   0.74401594  0.75807333  0.99918429
   0.74401594  0.25807333  0.49918423
   0.79594515  0.74916215  0.34692994
   0.79594515  0.24916215  0.84692994
   0.79681570  0.74915859  0.65353830
   0.79681570  0.24915860  0.15353832
   0.79234483  0.75318107  0.44936463
   0.79234483  0.25318107  0.94936460
   0.29226023  0.24734578  0.55091284
   0.29226023  0.74734576  0.05091283
   0.29065699  0.24508489  0.44911477
   0.29065699  0.74508489  0.94911477
   0.79100366  0.75486599  0.55082744
   0.79100366  0.25486599  0.05082744
   0.60322591  0.55462106  0.05510621
   0.31956265  0.32054008  0.40402742
   0.52780439  0.47147832  0.13724169
   0.29324448  0.18418095  0.30300723
   0.50321594  0.49503846  0.25140112
   0.00738896  0.96054373  0.03791626
   0.10526999  0.05564843  0.15012469
   0.60322591  0.05462106  0.55510619
   0.31956265  0.82054008  0.90402742
   0.52780439  0.97147835  0.63724167
   0.29324448  0.68418092  0.80300723
   0.50321594  0.99503849  0.75140115
   0.00738896  0.46054376  0.53791626
   0.10526999  0.55564848  0.65012472
   0.10099288  0.44438445  0.94487240
   0.81906978  0.67957572  0.59628648
   0.02611158  0.52695127  0.86285778
   0.79152608  0.81348642  0.69666738
   0.00184684  0.50442389  0.74861848
   0.50997260  0.04103165  0.96183936
   0.60628268  0.94691794  0.84987645
   0.10099288  0.94438448  0.44487237
   0.81906978  0.17957572  0.09628650
   0.02611158  0.02695129  0.36285778
   0.79152608  0.31348642  0.19666738
   0.00184684  0.00442392  0.24861849
   0.50997260  0.54103167  0.46183933
   0.60628268  0.44691800  0.34987648
   0.10883644  0.43704732  0.05344606
   0.82379610  0.67974828  0.40330675
   0.02588355  0.52425543  0.13735666
   0.79390686  0.81454101  0.30347329
   0.00180236  0.50462394  0.25128418
   0.50434172  0.04702216  0.03917230
   0.60884872  0.94499176  0.15083449
   0.10883644  0.93704729  0.55344610
   0.82379610  0.17974829  0.90330678
   0.02588355  0.02425540  0.63735663
   0.79390686  0.31454104  0.80347326
   0.00180236  0.00462394  0.75128418
   0.50434172  0.54702217  0.53917228
   0.60884872  0.44499176  0.65083452
   0.61014570  0.56000100  0.94641907
   0.32483819  0.32080589  0.59701602
   0.52760018  0.47436398  0.86265776
   0.29580196  0.18400950  0.69648645
   0.50317490  0.49469046  0.74866662
   0.00311348  0.95455694  0.96064185
   0.10742928  0.05737535  0.84929480
   0.61014570  0.06000095  0.44641913
   0.32483819  0.82080589  0.09701603
   0.52760018  0.97436395  0.36265773
   0.29580196  0.68400950  0.19648641
   0.50317490  0.99469046  0.24866659
   0.00311348  0.45455697  0.46064185
   0.10742928  0.55737538  0.34929486
   0.31808083  0.16023657  0.49993378
   0.31808083  0.66023663  0.99993381
   0.81783004  0.83980738  0.49968353
   0.81783004  0.33980744 -0.00031647
   0.29415412  0.24951019  0.34605183
   0.29415412  0.74951019  0.84605186
   0.29327282  0.24939516  0.65348891
   0.29327282  0.74939516  0.15348891
