   0.25591218  0.24981587  0.10758371
   0.23846157  0.27902982  0.21963903
   0.25591218  0.74981587  0.60758373
   0.23846157  0.77902985  0.71963898
   0.75388827  0.74959407  0.89258800
   0.73473159  0.72717102  0.78047138
   0.75388827  0.24959407  0.39258803
   0.73473159  0.22717103  0.28047132
   0.75255853  0.74949890  0.10784376
   0.73251568  0.72859436  0.21940264
   0.75255853  0.24949893  0.60784378
   0.73251568  0.22859435  0.71940267
   0.25481715  0.24982551  0.89234035
   0.23629830  0.27783014  0.78052105
   0.25481715  0.74982554  0.39234038
   0.23629830  0.77783011  0.28052108
   0.24407875  0.24339778  0.00093309
   0.24407875  0.74339778  0.50093309
   0.74396901  0.75719313  0.99895405
   0.74396901  0.25719313  0.49895399
   0.79624649  0.75052261  0.34615699
   0.79624649  0.25052261  0.84615699
   0.79674584  0.74980778  0.65398882
   0.79674584  0.24980779  0.15398883
   0.79232348  0.75248765  0.44936688
   0.79232348  0.25248765  0.94936685
   0.29212253  0.24770208  0.55084325
   0.29212253  0.74770206  0.05084324
   0.29043008  0.24606154  0.44928613
   0.29043008  0.74606154  0.94928613
   0.79058364  0.75365520  0.55060239
   0.79058364  0.25365520  0.05060239
   0.60229375  0.55448286  0.05469994
   0.31851212  0.31931488  0.40439989
   0.52868291  0.47131603  0.13723235
   0.29398859  0.18331794  0.30305614
   0.50406404  0.49469318  0.25134092
   0.01012503  0.95973590  0.03824477
   0.10501370  0.05551163  0.14983421
   0.60229375  0.05448286  0.55469992
   0.31851212  0.81931488  0.90439989
   0.52868291  0.97131606  0.63723234
   0.29398859  0.68331791  0.80305614
   0.50406404  0.99469321  0.75134095
   0.01012503  0.45973593  0.53824476
   0.10501370  0.55551168  0.64983424
   0.10237425  0.44603766  0.94529099
   0.81782565  0.68106319  0.59585661
   0.02600579  0.52610681  0.86281500
   0.79106306  0.81166270  0.69625340
   0.00135125  0.50417947  0.74865421
   0.51036091  0.04023040  0.96177011
   0.60571413  0.94813236  0.85011065
   0.10237425  0.94603769  0.44529096
   0.81782565  0.18106319  0.09585662
   0.02600579  0.02610683  0.36281500
   0.79106306  0.31166270  0.19625340
   0.00135125  0.00417950  0.24865423
   0.51036091  0.54023042  0.46177008
   0.60571413  0.44813242  0.35011068
   0.10790905  0.44134763  0.05336523
   0.82081552  0.68115608  0.40375755
   0.02566256  0.52390059  0.13726129
   0.79323700  0.81231135  0.30412018
   0.00121383  0.50435281  0.25118745
   0.50606696  0.04445425  0.03924918
   0.60791803  0.94585143  0.15045773
   0.10790905  0.94134760  0.55336528
   0.82081552  0.18115609  0.90375758
   0.02566256  0.02390056  0.63726126
   0.79323700  0.31231138  0.80412015
   0.00121383  0.00435282  0.75118745
   0.50606696  0.54445426  0.53924915
   0.60791803  0.44585143  0.65045776
   0.60736860  0.55828412  0.94652911
   0.32168902  0.31891930  0.59602157
   0.52876409  0.47401261  0.86264113
   0.29646564  0.18294447  0.69657567
   0.50396466  0.49439151  0.74864433
   0.00604309  0.95525199  0.96076156
   0.10616444  0.05723198  0.84961116
   0.60736860  0.05828407  0.44652917
   0.32168902  0.81891930  0.09602159
   0.52876409  0.97401258  0.36264110
   0.29646564  0.68294447  0.19657563
   0.50396466  0.99439151  0.24864430
   0.00604309  0.45525202  0.46076156
   0.10616444  0.55723200  0.34961122
   0.31880501  0.16292279  0.50019551
   0.31880501  0.66292285  1.00019553
   0.81866282  0.83736779  0.49992556
   0.81866282  0.33736785 -0.00007444
   0.29347831  0.24875868  0.34535164
   0.29347831  0.74875868  0.84535167
   0.29271279  0.24856799  0.65426335
   0.29271279  0.74856799  0.15426335
