   0.25464176  0.24268024  0.10729484
   0.23677715  0.28682344  0.21958471
   0.25464176  0.74268024  0.60729486
   0.23677715  0.78682347  0.71958467
   0.74885789  0.75349445  0.89291832
   0.73368197  0.73590599  0.78029476
   0.74885789  0.25349445  0.39291835
   0.73368197  0.23590600  0.28029470
   0.74897028  0.75304650  0.10707443
   0.73339882  0.73598867  0.21968127
   0.74897028  0.25304653  0.60707445
   0.73339882  0.23598866  0.71968130
   0.25464686  0.24312296  0.89270375
   0.23663166  0.28677554  0.78041767
   0.25464686  0.74312299  0.39270378
   0.23663166  0.78677551  0.28041770
   0.25504316  0.24468946  0.00000630
   0.25504316  0.74468946  0.50000630
   0.75516123  0.75558548  1.00000068
   0.75516123  0.25558548  0.50000062
   0.79004459  0.75209871  0.34664118
   0.79004459  0.25209871  0.84664118
   0.79005450  0.75159200  0.65336947
   0.79005450  0.25159201  0.15336949
   0.80014748  0.75276956  0.45049793
   0.80014748  0.25276956  0.95049790
   0.29968776  0.24631378  0.54935187
   0.29968776  0.74631377  0.04935186
   0.29970023  0.24653378  0.45065989
   0.29970023  0.74653378  0.95065989
   0.80014316  0.75254451  0.54950618
   0.80014316  0.25254451  0.04950618
   0.61405508  0.55545164  0.05254137
   0.31888797  0.31635121  0.40607923
   0.52412381  0.47844551  0.13790773
   0.29705684  0.18558744  0.30219276
   0.50495858  0.49725602  0.25116494
   0.02172618  0.96180764  0.03802325
   0.08379725  0.03714518  0.14743660
   0.61405508  0.05545165  0.55254135
   0.31888797  0.81635121  0.90607923
   0.52412381  0.97844554  0.63790771
   0.29705684  0.68558741  0.80219276
   0.50495858  0.99725605  0.75116497
   0.02172618  0.46180767  0.53802324
   0.08379725  0.53714523  0.64743663
   0.11421683  0.44185191  0.94735407
   0.81457600  0.68575303  0.59471087
   0.02392560  0.52061119  0.86200159
   0.78734943  0.80063346  0.69603881
  -0.00206770  0.50739217  0.74914001
   0.52306465  0.03685833  0.96228014
   0.58012461  0.96168204  0.85281634
   0.11421683  0.94185194  0.44735404
   0.81457600  0.18575303  0.09471088
   0.02392560  0.02061121  0.36200159
   0.78734943  0.30063346  0.19603881
  -0.00206770  0.00739220  0.24914002
   0.52306465  0.53685835  0.46228011
   0.58012461  0.46168210  0.35281637
   0.11419741  0.44161989  0.05264736
   0.81438360  0.68616500  0.40529295
   0.02397663  0.52012549  0.13800307
   0.78765668  0.80097796  0.30396040
  -0.00204373  0.50739819  0.25084244
   0.52304981  0.03668270  0.03774037
   0.58026621  0.96110627  0.14716696
   0.11419741  0.94161986  0.55264740
   0.81438360  0.18616501  0.90529298
   0.02397663  0.02012547  0.63800304
   0.78765668  0.30097799  0.80396037
  -0.00204373  0.00739819  0.75084244
   0.52304981  0.53668271  0.53774034
   0.58026621  0.46110627  0.64716699
   0.61410536  0.55574075  0.94747662
   0.31874742  0.31591636  0.59393507
   0.52408669  0.47898655  0.86207688
   0.29752654  0.18549965  0.69779041
   0.50497328  0.49726024  0.74883543
   0.02172262  0.96197479  0.96198024
   0.08372137  0.03760501  0.85258478
   0.61410536  0.05574070  0.44747668
   0.31874742  0.81591636  0.09393509
   0.52408669  0.97898652  0.36207685
   0.29752654  0.68549965  0.19779036
   0.50497328  0.99726024  0.24883540
   0.02172262  0.46197482  0.46198024
   0.08372137  0.53760503  0.35258484
   0.32783779  0.16869747  0.50000585
   0.32783779  0.66869753  1.00000588
   0.82897848  0.83009693  0.50000339
   0.82897848  0.33009699  0.00000339
   0.28666370  0.24391232  0.34483696
   0.28666370  0.74391232  0.84483699
   0.28676622  0.24344246  0.65512979
   0.28676622  0.74344246  0.15512979
