   0.25465433  0.24291396  0.10728046
   0.23690312  0.28670855  0.21958231
   0.25465433  0.74291396  0.60728048
   0.23690312  0.78670858  0.71958227
   0.74887416  0.75332883  0.89292790
   0.73381734  0.73582511  0.78029833
   0.74887416  0.25332883  0.39292793
   0.73381734  0.23582512  0.28029827
   0.74899612  0.75285672  0.10706492
   0.73351695  0.73590381  0.21967595
   0.74899612  0.25285675  0.60706494
   0.73351695  0.23590380  0.71967598
   0.25466565  0.24338191  0.89271757
   0.23674942  0.28666604  0.78042004
   0.25466565  0.74338194  0.39271760
   0.23674942  0.78666601  0.28042007
   0.25475874  0.24480237  0.00000705
   0.25475874  0.74480237  0.50000705
   0.75487252  0.75554002  1.00000053
   0.75487252  0.25554002  0.50000047
   0.79026985  0.75201786  0.34663975
   0.79026985  0.25201786  0.84663975
   0.79027679  0.75149242  0.65337106
   0.79027679  0.25149244  0.15337108
   0.79987874  0.75273790  0.45048903
   0.79987874  0.25273790  0.95048900
   0.29941996  0.24641086  0.54936296
   0.29941996  0.74641084  0.04936294
   0.29943267  0.24663612  0.45064969
   0.29943267  0.74663612  0.95064969
   0.79987441  0.75250796  0.54951561
   0.79987441  0.25250796  0.04951561
   0.61365016  0.55534088  0.05254002
   0.31883081  0.31643167  0.40606097
   0.52418254  0.47822863  0.13790109
   0.29710386  0.18552285  0.30219549
   0.50506086  0.49719038  0.25116634
   0.02145026  0.96186158  0.03802871
   0.08446994  0.03762104  0.14748016
   0.61365016  0.05534089  0.55254000
   0.31883081  0.81643167  0.90606097
   0.52418254  0.97822866  0.63790108
   0.29710386  0.68552282  0.80219549
   0.50506086  0.99719041  0.75116637
   0.02145026  0.46186161  0.53802870
   0.08446994  0.53762109  0.64748019
   0.11381770  0.44201937  0.94735687
   0.81455242  0.68570567  0.59472736
   0.02396007  0.52083439  0.86201155
   0.78743977  0.80064047  0.69603501
  -0.00195729  0.50730410  0.74913661
   0.52278580  0.03686804  0.96227457
   0.58081734  0.96124483  0.85276838
   0.11381770  0.94201940  0.44735684
   0.81455242  0.18570567  0.09472737
   0.02396007  0.02083442  0.36201155
   0.78743977  0.30064047  0.19603501
  -0.00195729  0.00730413  0.24913663
   0.52278580  0.53686806  0.46227454
   0.58081734  0.46124489  0.35276841
   0.11379681  0.44178436  0.05264448
   0.81434076  0.68613171  0.40527653
   0.02400954  0.52033121  0.13799409
   0.78776844  0.80099881  0.30396479
  -0.00193289  0.50731010  0.25084471
   0.52276793  0.03669141  0.03774788
   0.58095869  0.96065284  0.14721356
   0.11379681  0.94178433  0.55264452
   0.81434076  0.18613172  0.90527656
   0.02400954  0.02033118  0.63799406
   0.78776844  0.30099884  0.80396476
  -0.00193289  0.00731010  0.75084471
   0.52276793  0.53669142  0.53774785
   0.58095869  0.46065284  0.64721359
   0.61370278  0.55563680  0.94747955
   0.31867344  0.31598158  0.59395413
   0.52414110  0.47878782  0.86208202
   0.29760542  0.18542479  0.69778670
   0.50507572  0.49719578  0.74883382
   0.02144316  0.96202835  0.96197432
   0.08439460  0.03809773  0.85254218
   0.61370278  0.05563676  0.44747961
   0.31867344  0.81598158  0.09395414
   0.52414110  0.97878779  0.36208199
   0.29760542  0.68542479  0.19778666
   0.50507572  0.99719578  0.24883379
   0.02144316  0.46202838  0.46197432
   0.08439460  0.53809775  0.35254223
   0.32757751  0.16878544  0.50000616
   0.32757751  0.66878550  1.00000619
   0.82871502  0.83007460  0.50000362
   0.82871502  0.33007466  0.00000362
   0.28686444  0.24401465  0.34483401
   0.28686444  0.74401465  0.84483404
   0.28697222  0.24352751  0.65513109
   0.28697222  0.74352751  0.15513109
