   0.25623137  0.23507200  0.10789700
   0.23203318  0.28903452  0.21962108
   0.25623137  0.73507200  0.60789702
   0.23203318  0.78903455  0.71962103
   0.75014436  0.75949875  0.89248017
   0.72871500  0.73795264  0.78028299
   0.75014436  0.25949875  0.39248020
   0.72871500  0.23795266  0.28028293
   0.75015675  0.75939428  0.10751860
   0.72870199  0.73812111  0.21972592
   0.75015675  0.25939431  0.60751862
   0.72870199  0.23812110  0.71972595
   0.25619040  0.23520916  0.89210812
   0.23200288  0.28889626  0.78038526
   0.25619040  0.73520919  0.39210815
   0.23200288  0.78889623  0.28038529
   0.26357612  0.24142916 -0.00000193
   0.26357612  0.74142916  0.49999807
   0.76386108  0.75715000  1.00000148
   0.76386108  0.25715000  0.50000142
   0.78422805  0.75483744  0.34658608
   0.78422805  0.25483744  0.84658608
   0.78424612  0.75456949  0.65341425
   0.78424612  0.25456950  0.15341427
   0.80772349  0.75383623  0.45066913
   0.80772349  0.25383623  0.95066910
   0.30731980  0.24366042  0.54912756
   0.30731980  0.74366040  0.04912755
   0.30731136  0.24378898  0.45087575
   0.30731136  0.74378898  0.95087575
   0.80773512  0.75370952  0.54932765
   0.80773512  0.25370952  0.04932765
   0.62587515  0.55927143  0.05269742
   0.32067444  0.31432827  0.40647760
   0.52466288  0.48651657  0.13833092
   0.29539706  0.18844345  0.30204690
   0.50101252  0.49894881  0.25116984
   0.02951279  0.96050618  0.03790646
   0.06186174  0.02070557  0.14614948
   0.62587515  0.05927144  0.55269740
   0.32067444  0.81432827  0.90647760
   0.52466288  0.98651660  0.63833091
   0.29539706  0.68844342  0.80204690
   0.50101252  0.99894884  0.75116987
   0.02951279  0.46050621  0.53790645
   0.06186174  0.52070562  0.64614951
   0.12583962  0.43675054  0.94717795
   0.81481779  0.68710790  0.59435758
   0.02516759  0.51251128  0.86149739
   0.78480368  0.79891694  0.69615368
  -0.00606297  0.50958421  0.74918542
   0.53092452  0.03653264  0.96242501
   0.55819202  0.97704911  0.85416321
   0.12583962  0.93675057  0.44717792
   0.81481779  0.18710790  0.09435759
   0.02516759  0.01251130  0.36149739
   0.78480368  0.29891694  0.19615368
  -0.00606297  0.00958424  0.24918544
   0.53092452  0.53653266  0.46242498
   0.55819202  0.47704917  0.35416324
   0.12586137  0.43657951  0.05281820
   0.81479785  0.68729826  0.40563802
   0.02521159  0.51223340  0.13849787
   0.78480870  0.79911585  0.30385595
  -0.00603879  0.50959807  0.25081701
   0.53094490  0.03641834  0.03757263
   0.55822868  0.97677806  0.14582999
   0.12586137  0.93657948  0.55281824
   0.81479785  0.18729827  0.90563805
   0.02521159  0.01223337  0.63849784
   0.78480870  0.29911588  0.80385592
  -0.00603879  0.00959808  0.75081701
   0.53094490  0.53641835  0.53757260
   0.55822868  0.47677806  0.64583002
   0.62586235  0.55942164  0.94729936
   0.32066956  0.31412032  0.59352166
   0.52467271  0.48678852  0.86167369
   0.29539820  0.18846842  0.69795130
   0.50102758  0.49893494  0.74883655
   0.02952012  0.96062511  0.96209107
   0.06187966  0.02098804  0.85385248
   0.62586235  0.05942160  0.44729942
   0.32066956  0.81412032  0.09352167
   0.52467271  0.98678849  0.36167366
   0.29539820  0.68846842  0.19795126
   0.50102758  0.99893494  0.24883652
   0.02952012  0.46062514  0.46209107
   0.06187966  0.52098806  0.35385254
   0.33525937  0.16625517  0.50000052
   0.33525937  0.66625523  1.00000055
   0.83638495  0.83084883  0.49999774
   0.83638495  0.33084889 -0.00000226
   0.28131845  0.24122270  0.34478559
   0.28131845  0.74122270  0.84478562
   0.28133652  0.24097177  0.65520227
   0.28133652  0.74097177  0.15520227
