   0.25550573  0.23733367  0.10771211
   0.23331875  0.28854371  0.21960893
   0.25550573  0.73733367  0.60771212
   0.23331875  0.78854374  0.71960889
   0.74950274  0.75759860  0.89262298
   0.73004809  0.73741715  0.78028449
   0.74950274  0.25759860  0.39262301
   0.73004809  0.23741717  0.28028443
   0.74951659  0.75744591  0.10737131
   0.73001306  0.73756324  0.21971790
   0.74951659  0.25744593  0.60737133
   0.73001306  0.23756323  0.71971793
   0.25546211  0.23748102  0.89228922
   0.23328572  0.28842513  0.78039470
   0.25546211  0.73748105  0.39228925
   0.23328572  0.78842510  0.28039473
   0.26124244  0.24229946 -0.00000190
   0.26124244  0.74229946  0.49999810
   0.76146799  0.75663273  1.00000123
   0.76146799  0.25663273  0.50000117
   0.78577852  0.75404880  0.34661359
   0.78577852  0.25404880  0.84661359
   0.78582019  0.75377105  0.65339969
   0.78582019  0.25377106  0.15339971
   0.80565372  0.75344921  0.45063017
   0.80565372  0.25344921  0.95063014
   0.30520344  0.24436744  0.54917794
   0.30520344  0.74436742  0.04917792
   0.30520146  0.24450336  0.45082504
   0.30520146  0.74450336  0.95082504
   0.80566146  0.75331179  0.54936578
   0.80566146  0.25331179  0.04936578
   0.62260869  0.55810563  0.05264273
   0.32020611  0.31482173  0.40638027
   0.52412963  0.48391068  0.13817938
   0.29592619  0.18750783  0.30210199
   0.50208268  0.49852044  0.25116354
   0.02739880  0.96079792  0.03792984
   0.06851713  0.02588936  0.14654431
   0.62260869  0.05810564  0.55264271
   0.32020611  0.81482173  0.90638027
   0.52412963  0.98391071  0.63817936
   0.29592619  0.68750781  0.80210199
   0.50208268  0.99852047  0.75116357
   0.02739880  0.46079795  0.53792983
   0.06851713  0.52588941  0.64654434
   0.12267021  0.43810180  0.94724471
   0.81506344  0.68672618  0.59444416
   0.02437546  0.51520798  0.86166766
   0.78543490  0.79968642  0.69610450
  -0.00499209  0.50906254  0.74918055
   0.52880737  0.03655192  0.96238424
   0.56467557  0.97237718  0.85379623
   0.12267021  0.93810183  0.44724468
   0.81506344  0.18672618  0.09444418
   0.02437546  0.01520800  0.36166766
   0.78543490  0.29968642  0.19610450
  -0.00499209  0.00906257  0.24918056
   0.52880737  0.53655195  0.46238421
   0.56467557  0.47237724  0.35379626
   0.12267496  0.43793981  0.05275419
   0.81501441  0.68694789  0.40555437
   0.02442506  0.51493697  0.13832535
   0.78544090  0.79987051  0.30389671
  -0.00496809  0.50907758  0.25081880
   0.52882507  0.03642794  0.03761723
   0.56479075  0.97203649  0.14619995
   0.12267496  0.93793978  0.55275423
   0.81501441  0.18694790  0.90555440
   0.02442506  0.01493694  0.63832532
   0.78544090  0.29987054  0.80389668
  -0.00496809  0.00907758  0.75081880
   0.52882507  0.53642795  0.53761720
   0.56479075  0.47203649  0.64619998
   0.62261640  0.55828162  0.94735859
   0.32020191  0.31459710  0.59362192
   0.52412688  0.48422521  0.86182177
   0.29597309  0.18751435  0.69789256
   0.50209644  0.49850705  0.74884089
   0.02740528  0.96092140  0.96207099
   0.06845127  0.02613671  0.85346376
   0.62261640  0.05828158  0.44735865
   0.32020191  0.81459710  0.09362194
   0.52412688  0.98422518  0.36182174
   0.29597309  0.68751435  0.19789252
   0.50209644  0.99850705  0.24884086
   0.02740528  0.46092143  0.46207099
   0.06845127  0.52613674  0.35346382
   0.33330997  0.16688249  0.50000189
   0.33330997  0.66688255  1.00000192
   0.83444099  0.83056944  0.49999933
   0.83444099  0.33056950 -0.00000067
   0.28277329  0.24196429  0.34481112
   0.28277329  0.74196429  0.84481115
   0.28281502  0.24170308  0.65517322
   0.28281502  0.74170308  0.15517322
