   0.25559782  0.23702479  0.10773582
   0.23313150  0.28861646  0.21961027
   0.25559782  0.73702479  0.60773583
   0.23313150  0.78861649  0.71961022
   0.74958227  0.75785457  0.89260566
   0.72984909  0.73748823  0.78028476
   0.74958227  0.25785457  0.39260569
   0.72984909  0.23748825  0.28028470
   0.74959568  0.75770776  0.10738888
   0.72981889  0.73763369  0.21971803
   0.74959568  0.25770779  0.60738890
   0.72981889  0.23763367  0.71971806
   0.25555612  0.23716823  0.89226571
   0.23310373  0.28849459  0.78039352
   0.25555612  0.73716826  0.39226574
   0.23310373  0.78849456  0.28039355
   0.26156979  0.24218164 -0.00000157
   0.26156979  0.74218164  0.49999843
   0.76180168  0.75669880  1.00000173
   0.76180168  0.25669880  0.50000167
   0.78555876  0.75415419  0.34661478
   0.78555876  0.25415419  0.84661478
   0.78560161  0.75387894  0.65339466
   0.78560161  0.25387896  0.15339467
   0.80594647  0.75350016  0.45063748
   0.80594647  0.25350016  0.95063745
   0.30549870  0.24426389  0.54916865
   0.30549870  0.74426388  0.04916864
   0.30549609  0.24439825  0.45083521
   0.30549609  0.74439825  0.95083521
   0.80595615  0.75336540  0.54935922
   0.80595615  0.25336540  0.04935921
   0.62305660  0.55825874  0.05265044
   0.32027203  0.31475570  0.40639259
   0.52418624  0.48425231  0.13819785
   0.29586354  0.18762689  0.30209469
   0.50193300  0.49857656  0.25116464
   0.02769225  0.96075775  0.03792542
   0.06763269  0.02520903  0.14649254
   0.62305660  0.05825875  0.55265042
   0.32027203  0.81475570  0.90639259
   0.52418624  0.98425234  0.63819783
   0.29586354  0.68762686  0.80209469
   0.50193300  0.99857659  0.75116467
   0.02769225  0.46075778  0.53792541
   0.06763269  0.52520908  0.64649257
   0.12310867  0.43791576  0.94723595
   0.81505356  0.68677798  0.59443397
   0.02446232  0.51486389  0.86164676
   0.78534704  0.79960076  0.69611298
  -0.00514637  0.50913587  0.74918162
   0.52910407  0.03654417  0.96238981
   0.56379859  0.97300387  0.85384759
   0.12310867  0.93791579  0.44723592
   0.81505356  0.18677798  0.09443398
   0.02446232  0.01486392  0.36164676
   0.78534704  0.29960076  0.19611298
  -0.00514637  0.00913590  0.24918164
   0.52910407  0.53654419  0.46238978
   0.56379859  0.47300393  0.35384762
   0.12311435  0.43775331  0.05276238
   0.81500618  0.68699475  0.40556466
   0.02451077  0.51459459  0.13834682
   0.78534926  0.79978219  0.30388956
  -0.00512149  0.50915129  0.25081868
   0.52912146  0.03642174  0.03761069
   0.56391189  0.97267606  0.14614847
   0.12311435  0.93775328  0.55276242
   0.81500618  0.18699477  0.90556469
   0.02451077  0.01459456  0.63834679
   0.78534926  0.29978222  0.80388953
  -0.00512149  0.00915130  0.75081868
   0.52912146  0.53642175  0.53761066
   0.56391189  0.47267606  0.64614850
   0.62306248  0.55843054  0.94735007
   0.32026961  0.31453538  0.59360927
   0.52418282  0.48456276  0.86180395
   0.29590213  0.18763579  0.69790106
   0.50194736  0.49856117  0.74884024
   0.02769987  0.96087955  0.96207453
   0.06757641  0.02545459  0.85351502
   0.62306248  0.05843050  0.44735013
   0.32026961  0.81453538  0.09360929
   0.52418282  0.98456273  0.36180392
   0.29590213  0.68763579  0.19790101
   0.50194736  0.99856117  0.24884021
   0.02769987  0.46087958  0.46207453
   0.06757641  0.52545461  0.35351508
   0.33357853  0.16679589  0.50000126
   0.33357853  0.66679595  1.00000129
   0.83470697  0.83060346  0.49999870
   0.83470697  0.33060352 -0.00000130
   0.28255353  0.24185722  0.34481237
   0.28255353  0.74185722  0.84481240
   0.28259895  0.24160068  0.65517255
   0.28259895  0.74160068  0.15517255
