   0.25571907  0.23667041  0.10776383
   0.23291929  0.28867306  0.21961002
   0.25571907  0.73667041  0.60776384
   0.23291929  0.78867309  0.71960998
   0.74968125  0.75814426  0.89258452
   0.72963971  0.73757395  0.78028702
   0.74968125  0.25814426  0.39258455
   0.72963971  0.23757397  0.28028696
   0.74969436  0.75800528  0.10741045
   0.72961356  0.73772198  0.21971672
   0.74969436  0.25800531  0.60741048
   0.72961356  0.23772196  0.71971675
   0.25567603  0.23681069  0.89223800
   0.23289339  0.28854915  0.78039413
   0.25567603  0.73681072  0.39223803
   0.23289339  0.78854912  0.28039416
   0.26195762  0.24204167 -0.00000154
   0.26195762  0.74204167  0.49999846
   0.76219867  0.75677819  1.00000189
   0.76219867  0.25677819  0.50000183
   0.78530825  0.75429017  0.34660121
   0.78530825  0.25429017  0.84660121
   0.78534915  0.75401832  0.65340659
   0.78534915  0.25401834  0.15340661
   0.80628049  0.75355872  0.45064371
   0.80628049  0.25355872  0.95064368
   0.30583846  0.24415131  0.54916108
   0.30583846  0.74415130  0.04916107
   0.30583418  0.24428361  0.45084294
   0.30583418  0.74428361  0.95084294
   0.80629004  0.75342580  0.54935324
   0.80629004  0.25342580  0.04935324
   0.62358519  0.55844852  0.05265994
   0.32034125  0.31467556  0.40640469
   0.52423393  0.48466475  0.13822069
   0.29577913  0.18777945  0.30208562
   0.50175282  0.49864725  0.25116591
   0.02802714  0.96070811  0.03792146
   0.06661160  0.02439636  0.14643227
   0.62358519  0.05844853  0.55265992
   0.32034125  0.81467556  0.90640469
   0.52423393  0.98466478  0.63822067
   0.29577913  0.68777942  0.80208562
   0.50175282  0.99864727  0.75116594
   0.02802714  0.46070814  0.53792145
   0.06661160  0.52439642  0.64643230
   0.12362360  0.43768816  0.94722534
   0.81502731  0.68683970  0.59442287
   0.02457285  0.51447349  0.86162057
   0.78524058  0.79948902  0.69611707
  -0.00532181  0.50922409  0.74918195
   0.52944122  0.03654109  0.96239619
   0.56275771  0.97371995  0.85390651
   0.12362360  0.93768819  0.44722531
   0.81502731  0.18683970  0.09442288
   0.02457285  0.01447351  0.36162057
   0.78524058  0.29948902  0.19611707
  -0.00532181  0.00922412  0.24918197
   0.52944122  0.53654111  0.46239616
   0.56275771  0.47372001  0.35390654
   0.12363123  0.43752639  0.05277273
   0.81498290  0.68704969  0.40557522
   0.02462269  0.51420796  0.13837288
   0.78523784  0.79966787  0.30388705
  -0.00529739  0.50923889  0.25081875
   0.52945914  0.03642014  0.03760392
   0.56286225  0.97340080  0.14608919
   0.12363123  0.93752636  0.55277277
   0.81498290  0.18704971  0.90557525
   0.02462269  0.01420793  0.63837285
   0.78523784  0.29966790  0.80388702
  -0.00529739  0.00923890  0.75081875
   0.52945914  0.53642015  0.53760389
   0.56286225  0.47340080  0.64608921
   0.62358923  0.55861669  0.94734001
   0.32033978  0.31445879  0.59359660
   0.52423261  0.48496654  0.86178136
   0.29581028  0.18779107  0.69791081
   0.50176721  0.49863239  0.74883909
   0.02803480  0.96082869  0.96207824
   0.06656146  0.02464325  0.85357443
   0.62358923  0.05861664  0.44734007
   0.32033978  0.81445879  0.09359661
   0.52423261  0.98496651  0.36178133
   0.29581028  0.68779107  0.19791076
   0.50176721  0.99863239  0.24883906
   0.02803480  0.46082872  0.46207824
   0.06656146  0.52464328  0.35357449
   0.33389076  0.16669690  0.50000108
   0.33389076  0.66669696  1.00000111
   0.83501587  0.83064271  0.49999850
   0.83501587  0.33064277 -0.00000150
   0.28232513  0.24173593  0.34480182
   0.28232513  0.74173593  0.84480184
   0.28236785  0.24148301  0.65518334
   0.28236785  0.74148301  0.15518334
