   0.25470697  0.24118878  0.10739792
   0.23586478  0.28743376  0.21958582
   0.25470697  0.74118878  0.60739794
   0.23586478  0.78743379  0.71958577
   0.74889797  0.75457741  0.89284708
   0.73272586  0.73639416  0.78029128
   0.74889797  0.25457741  0.39284711
   0.73272586  0.23639417  0.28029122
   0.74896528  0.75425655  0.10714538
   0.73254372  0.73650100  0.21969485
   0.74896528  0.25425658  0.60714540
   0.73254372  0.23650099  0.71969488
   0.25468806  0.24149927  0.89260216
   0.23576614  0.28735664  0.78041664
   0.25468806  0.74149930  0.39260219
   0.23576614  0.78735661  0.28041667
   0.25686774  0.24397276  0.00000282
   0.25686774  0.74397276  0.50000282
   0.75701438  0.75586457  1.00000175
   0.75701438  0.25586457  0.50000169
   0.78874717  0.75262857  0.34664440
   0.78874717  0.25262857  0.84664440
   0.78877388  0.75221101  0.65336439
   0.78877388  0.25221103  0.15336440
   0.80174400  0.75291873  0.45054453
   0.80174400  0.25291873  0.95054450
   0.30128757  0.24575577  0.54929239
   0.30128757  0.74575575  0.04929238
   0.30129509  0.24594497  0.45071633
   0.30129509  0.74594497  0.95071633
   0.80174349  0.75272479  0.54945737
   0.80174349  0.25272479  0.04945737
   0.61656724  0.55623569  0.05255730
   0.31926189  0.31585016  0.40617523
   0.52390907  0.47987107  0.13796783
   0.29673729  0.18608653  0.30218042
   0.50419648  0.49766406  0.25115957
   0.02337582  0.96151205  0.03799073
   0.07952345  0.03403591  0.14717674
   0.61656724  0.05623569  0.55255728
   0.31926189  0.81585016  0.90617523
   0.52390907  0.97987110  0.63796781
   0.29673729  0.68608650  0.80218042
   0.50419648  0.99766409  0.75115960
   0.02337582  0.46151208  0.53799072
   0.07952345  0.53403596  0.64717677
   0.11670258  0.44070883  0.94733246
   0.81475154  0.68605144  0.59462167
   0.02386842  0.51919675  0.86192268
   0.78677658  0.80048584  0.69605236
  -0.00285967  0.50793097  0.74915750
   0.52474137  0.03674224  0.96231346
   0.57574753  0.96456913  0.85310521
   0.11670258  0.94070886  0.44733243
   0.81475154  0.18605144  0.09462169
   0.02386842  0.01919677  0.36192268
   0.78677658  0.30048584  0.19605236
  -0.00285967  0.00793100  0.24915752
   0.52474137  0.53674226  0.46231343
   0.57574753  0.46456919  0.35310524
   0.11668914  0.44050282  0.05266873
   0.81463790  0.68638532  0.40538057
   0.02392017  0.51880000  0.13807670
   0.78696191  0.80075445  0.30394881
  -0.00283637  0.50793926  0.25083166
   0.52473972  0.03658097  0.03769791
   0.57588919  0.96408283  0.14688466
   0.11668914  0.94050279  0.55266877
   0.81463790  0.18638533  0.90538060
   0.02392017  0.01879997  0.63807667
   0.78696191  0.30075448  0.80394878
  -0.00283637  0.00793926  0.75083166
   0.52473972  0.53658098  0.53769788
   0.57588919  0.46408283  0.64688469
   0.61660270  0.55648194  0.94745306
   0.31919285  0.31550006  0.59383384
   0.52388674  0.48032154  0.86202391
   0.29703073  0.18604282  0.69780802
   0.50421181  0.49766187  0.74884199
   0.02338283  0.96166884  0.96201339
   0.07944561  0.03440528  0.85283912
   0.61660270  0.05648189  0.44745312
   0.31919285  0.81550006  0.09383385
   0.52388674  0.98032151  0.36202388
   0.29703073  0.68604282  0.19780797
   0.50421181  0.99766187  0.24884196
   0.02338283  0.46166887  0.46201339
   0.07944561  0.53440530  0.35283918
   0.32944950  0.16816446  0.50000407
   0.32944950  0.66816452  1.00000410
   0.83060572  0.83020256  0.50000180
   0.83060572  0.33020262  0.00000180
   0.28558662  0.24336109  0.34484298
   0.28558662  0.74336109  0.84484301
   0.28567123  0.24297432  0.65513046
   0.28567123  0.74297432  0.15513046
