   0.25616243  0.23528858  0.10787268
   0.23215576  0.28896514  0.21961472
   0.25616243  0.73528858  0.60787269
   0.23215576  0.78896517  0.71961467
   0.75008295  0.75931268  0.89249937
   0.72883139  0.73790801  0.78028836
   0.75008295  0.25931268  0.39249940
   0.72883139  0.23790803  0.28028830
   0.75009363  0.75919903  0.10749729
   0.72882348  0.73806308  0.21971874
   0.75009363  0.25919906  0.60749731
   0.72882348  0.23806306  0.71971877
   0.25612401  0.23542565  0.89213040
   0.23213321  0.28883474  0.78039053
   0.25612401  0.73542568  0.39213043
   0.23213321  0.78883471  0.28039056
   0.26337163  0.24152576 -0.00000158
   0.26337163  0.74152576  0.49999842
   0.76365066  0.75708531  1.00000162
   0.76365066  0.25708531  0.50000156
   0.78436217  0.75475410  0.34659880
   0.78436217  0.25475410  0.84659880
   0.78438810  0.75450033  0.65341147
   0.78438810  0.25450034  0.15341149
   0.80755188  0.75379133  0.45066386
   0.80755188  0.25379133  0.95066383
   0.30714247  0.24372502  0.54913024
   0.30714247  0.74372501  0.04913022
   0.30713303  0.24385450  0.45087221
   0.30713303  0.74385450  0.95087221
   0.80756427  0.75366707  0.54933131
   0.80756427  0.25366707  0.04933131
   0.62556653  0.55916822  0.05269553
   0.32061241  0.31436912  0.40645811
   0.52454622  0.48626882  0.13831573
   0.29544145  0.18836125  0.30204895
   0.50111866  0.49890550  0.25117035
   0.02930082  0.96052984  0.03790922
   0.06258526  0.02122306  0.14619280
   0.62556653  0.05916823  0.55269551
   0.32061241  0.81436912  0.90645811
   0.52454622  0.98626885  0.63831572
   0.29544145  0.68836122  0.80204895
   0.50111866  0.99890553  0.75117038
   0.02930082  0.46052987  0.53790921
   0.06258526  0.52122311  0.64619283
   0.12554685  0.43686683  0.94718250
   0.81484657  0.68707568  0.59437460
   0.02508733  0.51284979  0.86151441
   0.78486145  0.79902370  0.69616209
  -0.00597219  0.50952856  0.74918555
   0.53070978  0.03653438  0.96242034
   0.55880579  0.97652187  0.85412512
   0.12554685  0.93686686  0.44718247
   0.81484657  0.18707568  0.09437461
   0.02508733  0.01284981  0.36151441
   0.78486145  0.29902370  0.19616209
  -0.00597219  0.00952859  0.24918557
   0.53070978  0.53653441  0.46242031
   0.55880579  0.47652193  0.35412515
   0.12556684  0.43670076  0.05281459
   0.81481861  0.68727139  0.40562270
   0.02512835  0.51257011  0.13848046
   0.78485571  0.79921247  0.30384009
  -0.00594857  0.50954728  0.25081808
   0.53073033  0.03641851  0.03757784
   0.55886700  0.97625159  0.14586840
   0.12556684  0.93670073  0.55281463
   0.81481861  0.18727140  0.90562273
   0.02512835  0.01257008  0.63848043
   0.78485571  0.29921250  0.80384006
  -0.00594857  0.00954728  0.75081808
   0.53073033  0.53641851  0.53757781
   0.55886700  0.47625159  0.64586843
   0.62555773  0.55932175  0.94730246
   0.32061319  0.31416389  0.59354159
   0.52454425  0.48655064  0.86168824
   0.29544559  0.18838491  0.69794877
   0.50113241  0.49888763  0.74883716
   0.02930675  0.96064888  0.96208896
   0.06259313  0.02148844  0.85380978
   0.62555773  0.05932170  0.44730252
   0.32061319  0.81416389  0.09354160
   0.52454425  0.98655061  0.36168821
   0.29544559  0.68838491  0.19794873
   0.50113241  0.99888763  0.24883713
   0.02930675  0.46064891  0.46208896
   0.06259313  0.52148846  0.35380984
   0.33504715  0.16632588  0.50000031
   0.33504715  0.66632594  1.00000034
   0.83616811  0.83080987  0.49999756
   0.83616811  0.33080993 -0.00000244
   0.28145904  0.24128398  0.34478613
   0.28145904  0.74128398  0.84478616
   0.28148605  0.24103492  0.65520145
   0.28148605  0.74103492  0.15520145
