   0.25492275  0.23980631  0.10750818
   0.23497411  0.28787842  0.21959078
   0.25492275  0.73980631  0.60750819
   0.23497411  0.78787845  0.71959073
   0.74904098  0.75562303  0.89276778
   0.73178567  0.73681768  0.78029062
   0.74904098  0.25562303  0.39276781
   0.73178567  0.23681770  0.28029056
   0.74907868  0.75538293  0.10722482
   0.73167828  0.73694034  0.21970261
   0.74907868  0.25538296  0.60722484
   0.73167828  0.23694032  0.71970264
   0.25488684  0.24002935  0.89249199
   0.23491182  0.28778149  0.78041142
   0.25488684  0.74002938  0.39249202
   0.23491182  0.78778146  0.28041145
   0.25855162  0.24334042  0.00000049
   0.25855162  0.74334042  0.50000049
   0.75872472  0.75612978  1.00000195
   0.75872472  0.25612978  0.50000189
   0.78760343  0.75312622  0.34662481
   0.78760343  0.25312622  0.84662481
   0.78764208  0.75277831  0.65338686
   0.78764208  0.25277833  0.15338688
   0.80322244  0.75309623  0.45057795
   0.80322244  0.25309623  0.95057792
   0.30277436  0.24523496  0.54925194
   0.30277436  0.74523494  0.04925193
   0.30277431  0.24540040  0.45075420
   0.30277431  0.74540040  0.95075420
   0.80322843  0.75292803  0.54942127
   0.80322843  0.25292803  0.04942126
   0.61872815  0.55689134  0.05258001
   0.31958385  0.31544492  0.40625488
   0.52385212  0.48115948  0.13803214
   0.29644042  0.18656536  0.30215694
   0.50347526  0.49800256  0.25115903
   0.02479438  0.96124353  0.03796804
   0.07579080  0.03135390  0.14696288
   0.61872815  0.05689135  0.55257999
   0.31958385  0.81544492  0.90625488
   0.52385212  0.98115951  0.63803212
   0.29644042  0.68656534  0.80215694
   0.50347526  0.99800259  0.75115906
   0.02479438  0.46124356  0.53796803
   0.07579080  0.53135395  0.64696291
   0.11883708  0.43976403  0.94730808
   0.81491215  0.68631329  0.59455610
   0.02388502  0.51791459  0.86184172
   0.78627770  0.80027948  0.69605639
  -0.00358931  0.50836485  0.74916798
   0.52617581  0.03666724  0.96233699
   0.57196204  0.96718597  0.85334708
   0.11883708  0.93976406  0.44730805
   0.81491215  0.18631329  0.09455612
   0.02388502  0.01791461  0.36184172
   0.78627770  0.30027948  0.19605639
  -0.00358931  0.00836488  0.24916800
   0.52617581  0.53666726  0.46233696
   0.57196204  0.46718603  0.35334711
   0.11882999  0.43957731  0.05269235
   0.81483529  0.68659430  0.40544585
   0.02393633  0.51757504  0.13815421
   0.78637324  0.80050652  0.30394160
  -0.00356562  0.50837637  0.25082664
   0.52618454  0.03652137  0.03766931
   0.57210410  0.96676468  0.14664649
   0.11882999  0.93957728  0.55269239
   0.81483529  0.18659432  0.90544588
   0.02393633  0.01757501  0.63815418
   0.78637324  0.30050654  0.80394157
  -0.00356562  0.00837637  0.75082664
   0.52618454  0.53652138  0.53766928
   0.57210410  0.46676468  0.64664652
   0.61874976  0.55710797  0.94742596
   0.31955208  0.31515367  0.59375109
   0.52383464  0.48155150  0.86196390
   0.29661493  0.18654859  0.69783466
   0.50348984  0.49799474  0.74884427
   0.02480311  0.96138691  0.96203516
   0.07571324  0.03165986  0.85304914
   0.61874976  0.05710792  0.44742602
   0.31955208  0.81515367  0.09375111
   0.52383464  0.98155147  0.36196387
   0.29661493  0.68654859  0.19783461
   0.50348984  0.99799474  0.24884424
   0.02480311  0.46138694  0.46203516
   0.07571324  0.53165988  0.35304920
   0.33082336  0.16770929  0.50000274
   0.33082336  0.66770935  1.00000276
   0.83197669  0.83031361  0.50000058
   0.83197669  0.33031367  0.00000058
   0.28437531  0.24276580  0.34483039
   0.28437531  0.74276580  0.84483042
   0.28444290  0.24244785  0.65514966
   0.28444290  0.74244785  0.15514966
