   0.25592184  0.23607134  0.10781033
   0.23258090  0.28880400  0.21961347
   0.25592184  0.73607134  0.60781035
   0.23258090  0.78880403  0.71961343
   0.74985639  0.75864723  0.89254926
   0.72927992  0.73771592  0.78028623
   0.74985639  0.25864723  0.39254929
   0.72927992  0.23771594  0.28028617
   0.74986958  0.75851963  0.10744670
   0.72926052  0.73786688  0.21971887
   0.74986958  0.25851966  0.60744672
   0.72926052  0.23786687  0.71971890
   0.25587788  0.23620815  0.89219225
   0.23255666  0.28867930  0.78039099
   0.25587788  0.73620818  0.39219228
   0.23255666  0.78867927  0.28039102
   0.26256503  0.24181247 -0.00000149
   0.26256503  0.74181247  0.49999851
   0.76282150  0.75691552  1.00000203
   0.76282150  0.25691552  0.50000197
   0.78490749  0.75447881  0.34661210
   0.78490749  0.25447881  0.84661210
   0.78494479  0.75421373  0.65339647
   0.78494479  0.25421374  0.15339649
   0.80681897  0.75365682  0.45065480
   0.80681897  0.25365682  0.95065477
   0.30638897  0.24396703  0.54914546
   0.30638897  0.74396701  0.04914545
   0.30638187  0.24409835  0.45085814
   0.30638187  0.74409835  0.95085814
   0.80683112  0.75352759  0.54934132
   0.80683112  0.25352759  0.04934131
   0.62442191  0.55874106  0.05267303
   0.32046008  0.31453831  0.40643395
   0.52438774  0.48533770  0.13825678
   0.29565328  0.18801259  0.30207133
   0.50147440  0.49875423  0.25116633
   0.02857517  0.96063425  0.03791509
   0.06488406  0.02306718  0.14632836
   0.62442191  0.05874106  0.55267301
   0.32046008  0.81453831  0.90643395
   0.52438774  0.98533773  0.63825677
   0.29565328  0.68801256  0.80207133
   0.50147440  0.99875426  0.75116636
   0.02857517  0.46063428  0.53791508
   0.06488406  0.52306724  0.64632839
   0.12443470  0.43734654  0.94720925
   0.81497002  0.68694630  0.59439745
   0.02477052  0.51376063  0.86158052
   0.78508601  0.79930150  0.69613060
  -0.00560149  0.50936097  0.74918376
   0.52999092  0.03653303  0.96240591
   0.56108296  0.97495052  0.85400547
   0.12443470  0.93734657  0.44720922
   0.81497002  0.18694630  0.09439747
   0.02477052  0.01376065  0.36158052
   0.78508601  0.29930150  0.19613060
  -0.00560149  0.00936100  0.24918377
   0.52999092  0.53653306  0.46240588
   0.56108296  0.47495058  0.35400550
   0.12444834  0.43718243  0.05278760
   0.81492993  0.68715298  0.40559980
   0.02482258  0.51349888  0.13841424
   0.78508553  0.79949603  0.30387177
  -0.00557821  0.50937297  0.25081677
   0.53000825  0.03641467  0.03759244
   0.56116957  0.97464580  0.14599039
   0.12444834  0.93718240  0.55278764
   0.81492993  0.18715299  0.90559983
   0.02482258  0.01349886  0.63841421
   0.78508553  0.29949606  0.80387174
  -0.00557821  0.00937298  0.75081677
   0.53000825  0.53641468  0.53759241
   0.56116957  0.47464580  0.64599042
   0.62441980  0.55890081  0.94732524
   0.32046079  0.31432919  0.59356620
   0.52438956  0.48562682  0.86174694
   0.29567301  0.18802652  0.69792850
   0.50148853  0.49874299  0.74883817
   0.02858313  0.96075375  0.96208301
   0.06484723  0.02332146  0.85367775
   0.62441980  0.05890077  0.44732530
   0.32046079  0.81432919  0.09356622
   0.52438956  0.98562679  0.36174691
   0.29567301  0.68802652  0.19792846
   0.50148853  0.99874299  0.24883814
   0.02858313  0.46075378  0.46208301
   0.06484723  0.52332148  0.35367781
   0.33439126  0.16653584  0.50000025
   0.33439126  0.66653590  1.00000028
   0.83551281  0.83071288  0.49999766
   0.83551281  0.33071294 -0.00000234
   0.28192904  0.24153384  0.34480246
   0.28192904  0.74153384  0.84480249
   0.28196479  0.24128434  0.65518595
   0.28196479  0.74128434  0.15518595
