   0.25598582  0.23586864  0.10782647
   0.23246686  0.28884428  0.21961553
   0.25598582  0.73586864  0.60782648
   0.23246686  0.78884431  0.71961549
   0.74990895  0.75881497  0.89253598
   0.72916870  0.73775938  0.78028546
   0.74990895  0.25881497  0.39253601
   0.72916870  0.23775940  0.28028540
   0.74991711  0.75868831  0.10745946
   0.72915374  0.73790680  0.21972028
   0.74991711  0.25868833  0.60745948
   0.72915374  0.23790678  0.71972031
   0.25593999  0.23600780  0.89217550
   0.23244512  0.28871949  0.78038972
   0.25593999  0.73600783  0.39217553
   0.23244512  0.78871946  0.28038975
   0.26276069  0.24173951 -0.00000208
   0.26276069  0.74173951  0.49999792
   0.76302431  0.75695772  1.00000147
   0.76302431  0.25695772  0.50000141
   0.78477654  0.75455377  0.34660232
   0.78477654  0.25455377  0.84660232
   0.78481016  0.75429852  0.65341400
   0.78481016  0.25429853  0.15341402
   0.80699234  0.75368900  0.45065697
   0.80699234  0.25368900  0.95065694
   0.30656757  0.24390781  0.54914113
   0.30656757  0.74390780  0.04914112
   0.30655971  0.24403857  0.45086074
   0.30655971  0.74403857  0.95086074
   0.80700465  0.75356157  0.54933737
   0.80700465  0.25356157  0.04933737
   0.62472176  0.55885053  0.05267772
   0.32050342  0.31449259  0.40644384
   0.52443736  0.48557821  0.13827077
   0.29559726  0.18810245  0.30206806
   0.50137987  0.49879542  0.25116734
   0.02877013  0.96061051  0.03791284
   0.06426877  0.02257752  0.14629018
   0.62472176  0.05885054  0.55267770
   0.32050342  0.81449259  0.90644384
   0.52443736  0.98557824  0.63827076
   0.29559726  0.68810242  0.80206806
   0.50137987  0.99879545  0.75116737
   0.02877013  0.46061054  0.53791283
   0.06426877  0.52257757  0.64629021
   0.12472466  0.43721939  0.94720412
   0.81494284  0.68697929  0.59438990
   0.02485172  0.51351609  0.86156457
   0.78503199  0.79922109  0.69612372
  -0.00569699  0.50940535  0.74918458
   0.53018388  0.03652822  0.96241049
   0.56048539  0.97538256  0.85403964
   0.12472466  0.93721942  0.44720409
   0.81494284  0.18697929  0.09438991
   0.02485172  0.01351611  0.36156457
   0.78503199  0.29922109  0.19612372
  -0.00569699  0.00940538  0.24918459
   0.53018388  0.53652824  0.46241046
   0.56048539  0.47538262  0.35403967
   0.12474078  0.43705437  0.05279320
   0.81490551  0.68718335  0.40560877
   0.02490228  0.51325062  0.13842979
   0.78502889  0.79941686  0.30387334
  -0.00567354  0.50941867  0.25081703
   0.53020510  0.03641088  0.03758796
   0.56055900  0.97508502  0.14595523
   0.12474078  0.93705434  0.55279324
   0.81490551  0.18718337  0.90560879
   0.02490228  0.01325059  0.63842976
   0.78502889  0.29941689  0.80387331
  -0.00567354  0.00941868  0.75081703
   0.53020510  0.53641088  0.53758794
   0.56055900  0.47508502  0.64595526
   0.62471649  0.55900924  0.94732083
   0.32050693  0.31428715  0.59355670
   0.52444172  0.48586157  0.86173258
   0.29561046  0.18812369  0.69793074
   0.50139372  0.49878039  0.74883844
   0.02877585  0.96072942  0.96208548
   0.06424289  0.02283789  0.85371469
   0.62471649  0.05900919  0.44732089
   0.32050693  0.81428715  0.09355671
   0.52444172  0.98586154  0.36173255
   0.29561046  0.68812369  0.19793070
   0.50139372  0.99878039  0.24883841
   0.02877585  0.46072945  0.46208548
   0.06424289  0.52283791  0.35371475
   0.33457146  0.16648054  0.50000056
   0.33457146  0.66648060  1.00000059
   0.83569297  0.83073730  0.49999810
   0.83569297  0.33073736 -0.00000190
   0.28183365  0.24148590  0.34480011
   0.28183365  0.74148590  0.84480014
   0.28186121  0.24123160  0.65518830
   0.28186121  0.74123160  0.15518830
