   0.25598750  0.23583161  0.10783156
   0.23244586  0.28886731  0.21961673
   0.25598750  0.73583161  0.60783158
   0.23244586  0.78886734  0.71961668
   0.74991804  0.75884723  0.89253251
   0.72913910  0.73776509  0.78028385
   0.74991804  0.25884723  0.39253254
   0.72913910  0.23776511  0.28028379
   0.74992616  0.75872198  0.10746363
   0.72912283  0.73791530  0.21972161
   0.74992616  0.25872201  0.60746365
   0.72912283  0.23791529  0.71972164
   0.25594273  0.23597056  0.89217113
   0.23242124  0.28874167  0.78038798
   0.25594273  0.73597059  0.39217116
   0.23242124  0.78874164  0.28038801
   0.26279338  0.24172858 -0.00000174
   0.26279338  0.74172858  0.49999826
   0.76305704  0.75696310  1.00000184
   0.76305704  0.25696310  0.50000178
   0.78475119  0.75456541  0.34660918
   0.78475119  0.25456541  0.84660918
   0.78478373  0.75430408  0.65340147
   0.78478373  0.25430409  0.15340148
   0.80702816  0.75370205  0.45065927
   0.80702816  0.25370205  0.95065924
   0.30660327  0.24388618  0.54913850
   0.30660327  0.74388617  0.04913849
   0.30659583  0.24401700  0.45086434
   0.30659583  0.74401700  0.95086434
   0.80704154  0.75357454  0.54933624
   0.80704154  0.25357454  0.04933624
   0.62477227  0.55886484  0.05267848
   0.32051348  0.31448923  0.40644460
   0.52445444  0.48561432  0.13827352
   0.29559222  0.18811213  0.30206743
   0.50136632  0.49879843  0.25116762
   0.02880584  0.96060323  0.03791236
   0.06415549  0.02249855  0.14628387
   0.62477227  0.05886485  0.55267846
   0.32051348  0.81448923  0.90644460
   0.52445444  0.98561435  0.63827351
   0.29559222  0.68811210  0.80206743
   0.50136632  0.99879846  0.75116765
   0.02880584  0.46060326  0.53791235
   0.06415549  0.52249860  0.64628390
   0.12477368  0.43720279  0.94720276
   0.81493945  0.68698138  0.59438761
   0.02486612  0.51346767  0.86156135
   0.78502086  0.79921454  0.69613405
  -0.00571211  0.50940930  0.74918504
   0.53021967  0.03652944  0.96241079
   0.56038487  0.97546414  0.85404558
   0.12477368  0.93720282  0.44720273
   0.81493945  0.18698138  0.09438762
   0.02486612  0.01346769  0.36156135
   0.78502086  0.29921454  0.19613405
  -0.00571211  0.00940933  0.24918505
   0.53021967  0.53652947  0.46241076
   0.56038487  0.47546420  0.35404561
   0.12479020  0.43703735  0.05279409
   0.81490295  0.68718392  0.40561015
   0.02491201  0.51319928  0.13843310
   0.78502007  0.79940707  0.30386869
  -0.00568879  0.50942493  0.25081713
   0.53023974  0.03641177  0.03758716
   0.56046082  0.97516971  0.14594940
   0.12479020  0.93703732  0.55279414
   0.81490295  0.18718393  0.90561018
   0.02491201  0.01319925  0.63843307
   0.78502007  0.29940710  0.80386866
  -0.00568879  0.00942494  0.75081713
   0.53023974  0.53641178  0.53758713
   0.56046082  0.47516971  0.64594943
   0.62476703  0.55902256  0.94731959
   0.32051621  0.31428278  0.59355514
   0.52445720  0.48590085  0.86172997
   0.29560524  0.18813307  0.69793164
   0.50138041  0.49878450  0.74883849
   0.02881220  0.96072233  0.96208545
   0.06413330  0.02275548  0.85372110
   0.62476703  0.05902251  0.44731965
   0.32051621  0.81428278  0.09355516
   0.52445720  0.98590082  0.36172994
   0.29560524  0.68813307  0.19793160
   0.50138041  0.99878450  0.24883846
   0.02881220  0.46072236  0.46208545
   0.06413330  0.52275550  0.35372116
   0.33460546  0.16646802  0.50000011
   0.33460546  0.66646808  1.00000014
   0.83572681  0.83074408  0.49999756
   0.83572681  0.33074414 -0.00000244
   0.28180949  0.24147657  0.34480102
   0.28180949  0.74147657  0.84480105
   0.28183912  0.24122387  0.65518695
   0.28183912  0.74122387  0.15518695
