   0.25615824  0.23527422  0.10787954
   0.23214197  0.28898725  0.21962258
   0.25615824  0.73527422  0.60787956
   0.23214197  0.78898728  0.71962254
   0.75008019  0.75932522  0.89249297
   0.72881781  0.73790645  0.78028064
   0.75008019  0.25932522  0.39249300
   0.72881781  0.23790646  0.28028058
   0.75009002  0.75921346  0.10750370
   0.72880891  0.73806308  0.21972681
   0.75009002  0.25921349  0.60750373
   0.72880891  0.23806307  0.71972684
   0.25611771  0.23541176  0.89212342
   0.23211891  0.28885625  0.78038326
   0.25611771  0.73541179  0.39212345
   0.23211891  0.78885622  0.28038329
   0.26336702  0.24152153 -0.00000190
   0.26336702  0.74152153  0.49999810
   0.76364374  0.75709013  1.00000142
   0.76364374  0.25709013  0.50000136
   0.78436785  0.75474443  0.34660903
   0.78436785  0.25474443  0.84660903
   0.78439313  0.75449011  0.65340214
   0.78439313  0.25449013  0.15340215
   0.80753644  0.75379667  0.45066894
   0.80753644  0.25379667  0.95066891
   0.30712465  0.24372096  0.54912481
   0.30712465  0.74372095  0.04912480
   0.30711568  0.24385007  0.45087779
   0.30711568  0.74385007  0.95087779
   0.80754823  0.75367127  0.54932620
   0.80754823  0.25367127  0.04932619
   0.62559125  0.55916762  0.05269480
   0.32062879  0.31438003  0.40646265
   0.52460408  0.48627672  0.13831640
   0.29545058  0.18834681  0.30204870
   0.50110840  0.49890600  0.25116903
   0.02932700  0.96052976  0.03790913
   0.06247918  0.02118545  0.14618723
   0.62559125  0.05916763  0.55269478
   0.32062879  0.81438003  0.90646265
   0.52460408  0.98627675  0.63831638
   0.29545058  0.68834678  0.80204870
   0.50110840  0.99890603  0.75116906
   0.02932700  0.46052979  0.53790912
   0.06247918  0.52118550  0.64618726
   0.12556574  0.43686392  0.94718278
   0.81485231  0.68706713  0.59437093
   0.02508339  0.51277001  0.86151340
   0.78486661  0.79901888  0.69615919
  -0.00597107  0.50953414  0.74918650
   0.53074043  0.03653520  0.96242021
   0.55877177  0.97662408  0.85413060
   0.12556574  0.93686395  0.44718275
   0.81485231  0.18706713  0.09437095
   0.02508339  0.01277004  0.36151340
   0.78486661  0.29901888  0.19615919
  -0.00597107  0.00953417  0.24918652
   0.53074043  0.53653522  0.46242018
   0.55877177  0.47662414  0.35413063
   0.12558626  0.43669619  0.05281404
   0.81482536  0.68726251  0.40562626
   0.02513003  0.51249666  0.13848142
   0.78486051  0.79920737  0.30384321
  -0.00594760  0.50954982  0.25081656
   0.53076063  0.03641960  0.03757762
   0.55882531  0.97634811  0.14586309
   0.12558626  0.93669616  0.55281408
   0.81482536  0.18726253  0.90562629
   0.02513003  0.01249663  0.63848139
   0.78486051  0.29920740  0.80384318
  -0.00594760  0.00954982  0.75081656
   0.53076063  0.53641961  0.53757759
   0.55882531  0.47634811  0.64586312
   0.62558135  0.55931981  0.94730287
   0.32062873  0.31417423  0.59353724
   0.52460860  0.48655247  0.86168753
   0.29545391  0.18837068  0.69794909
   0.50112206  0.49888973  0.74883795
   0.02933345  0.96064861  0.96208870
   0.06248213  0.02145784  0.85381546
   0.62558135  0.05931977  0.44730293
   0.32062873  0.81417423  0.09353725
   0.52460860  0.98655244  0.36168750
   0.29545391  0.68837068  0.19794905
   0.50112206  0.99888973  0.24883792
   0.02933345  0.46064864  0.46208870
   0.06248213  0.52145786  0.35381552
   0.33508279  0.16631311  0.50000034
   0.33508279  0.66631317  1.00000036
   0.83620622  0.83081933  0.49999766
   0.83620622  0.33081939 -0.00000234
   0.28145256  0.24129790  0.34479211
   0.28145256  0.74129790  0.84479214
   0.28147844  0.24104722  0.65519587
   0.28147844  0.74104722  0.15519587
