   0.25515273  0.23869233  0.10759754
   0.23417840  0.28820853  0.21959772
   0.25515273  0.73869233  0.60759755
   0.23417840  0.78820856  0.71959767
   0.74922542  0.75648840  0.89270634
   0.73095073  0.73710978  0.78029007
   0.74922542  0.25648840  0.39270637
   0.73095073  0.23710980  0.28029001
   0.74925118  0.75629710  0.10728619
   0.73088866  0.73724484  0.21970914
   0.74925118  0.25629713  0.60728621
   0.73088866  0.23724482  0.71970917
   0.25511292  0.23887052  0.89240227
   0.23413790  0.28810160  0.78040588
   0.25511292  0.73887054  0.39240230
   0.23413790  0.78810157  0.28040591
   0.25979370  0.24286440 -0.00000072
   0.25979370  0.74286440  0.49999928
   0.75998946  0.75633717  1.00000174
   0.75998946  0.25633717  0.50000168
   0.78675860  0.75355030  0.34662056
   0.78675860  0.25355030  0.84662056
   0.78680673  0.75323932  0.65338770
   0.78680673  0.25323933  0.15338771
   0.80435621  0.75323702  0.45060329
   0.80435621  0.25323702  0.95060326
   0.30389779  0.24483146  0.54921424
   0.30389779  0.74483144  0.04921423
   0.30389650  0.24497711  0.45079135
   0.30389650  0.74497711  0.95079135
   0.80436240  0.75308428  0.54939523
   0.80436240  0.25308428  0.04939523
   0.62058167  0.55744756  0.05261169
   0.31987748  0.31513649  0.40630746
   0.52393712  0.48241423  0.13809926
   0.29618115  0.18700360  0.30213089
   0.50279219  0.49826764  0.25116186
   0.02605043  0.96101920  0.03795021
   0.07243000  0.02885040  0.14677344
   0.62058167  0.05744757  0.55261166
   0.31987748  0.81513649  0.90630746
   0.52393712  0.98241426  0.63809924
   0.29618115  0.68700357  0.80213089
   0.50279219  0.99826767  0.75116189
   0.02605043  0.46101923  0.53795021
   0.07243000  0.52885045  0.64677347
   0.12067773  0.43896204  0.94727766
   0.81502002  0.68649594  0.59450700
   0.02407063  0.51668778  0.86176212
   0.78586141  0.80005351  0.69608385
  -0.00428414  0.50871677  0.74917432
   0.52744138  0.03659898  0.96235878
   0.56856499  0.96956839  0.85355596
   0.12067773  0.93896207  0.44727763
   0.81502002  0.18649594  0.09450701
   0.02407063  0.01668781  0.36176212
   0.78586141  0.30005351  0.19608385
  -0.00428414  0.00871680  0.24917434
   0.52744138  0.53659900  0.46235875
   0.56856499  0.46956845  0.35355599
   0.12067391  0.43879386  0.05272322
   0.81495825  0.68674061  0.40549239
   0.02412272  0.51638765  0.13823105
   0.78589407  0.80023991  0.30391666
  -0.00426011  0.50872835  0.25082302
   0.52745840  0.03646528  0.03764573
   0.56870758  0.96919932  0.14643888
   0.12067391  0.93879383  0.55272326
   0.81495825  0.18674063  0.90549242
   0.02412272  0.01638762  0.63823102
   0.78589407  0.30023994  0.80391663
  -0.00426011  0.00872836  0.75082302
   0.52745840  0.53646529  0.53764571
   0.56870758  0.46919932  0.64643891
   0.62059805  0.55764614  0.94739277
   0.31986901  0.31488622  0.59369501
   0.52392032  0.48276631  0.86189895
   0.29627738  0.18700140  0.69786360
   0.50280596  0.49825464  0.74884191
   0.02605727  0.96115056  0.96205317
   0.07235548  0.02911409  0.85323553
   0.62059805  0.05764610  0.44739283
   0.31986901  0.81488622  0.09369502
   0.52392032  0.98276628  0.36189892
   0.29627738  0.68700140  0.19786355
   0.50280596  0.99825464  0.24884188
   0.02605727  0.46115059  0.46205317
   0.07235548  0.52911412  0.35323559
   0.33201952  0.16731221  0.50000277
   0.33201952  0.66731227  1.00000280
   0.83316183  0.83041687  0.50000048
   0.83316183  0.33041693  0.00000048
   0.28367758  0.24241041  0.34482398
   0.28367758  0.74241041  0.84482401
   0.28374107  0.24212929  0.65515778
   0.28374107  0.74212929  0.15515778
