   0.25503251  0.23934706  0.10753953
   0.23465295  0.28801222  0.21959199
   0.25503251  0.73934706  0.60753955
   0.23465295  0.78801225  0.71959195
   0.74909100  0.75595861  0.89274529
   0.73145956  0.73695292  0.78029166
   0.74909100  0.25595861  0.39274532
   0.73145956  0.23695294  0.28029160
   0.74912216  0.75574161  0.10724701
   0.73137507  0.73708074  0.21970390
   0.74912216  0.25574164  0.60724703
   0.73137507  0.23708072  0.71970393
   0.25499252  0.23954337  0.89246041
   0.23460190  0.28790845  0.78041033
   0.25499252  0.73954339  0.39246044
   0.23460190  0.78790842  0.28041036
   0.25911484  0.24312499 -0.00000039
   0.25911484  0.74312499  0.49999961
   0.75929847  0.75621865  1.00000169
   0.75929847  0.25621865  0.50000163
   0.78726484  0.75330608  0.34661701
   0.78726484  0.25330608  0.84661701
   0.78730656  0.75298018  0.65339793
   0.78730656  0.25298020  0.15339794
   0.80367183  0.75315487  0.45058552
   0.80367183  0.25315487  0.95058549
   0.30322134  0.24507456  0.54923997
   0.30322134  0.74507454  0.04923995
   0.30322142  0.24523114  0.45076497
   0.30322142  0.74523114  0.95076497
   0.80367747  0.75299443  0.54941204
   0.80367747  0.25299443  0.04941204
   0.61944780  0.55707443  0.05258793
   0.31969519  0.31531672  0.40627786
   0.52382018  0.48161170  0.13805667
   0.29632308  0.18673343  0.30214714
   0.50320172  0.49811992  0.25116005
   0.02530258  0.96113604  0.03796004
   0.07455556  0.03046438  0.14689963
   0.61944780  0.05707444  0.55258791
   0.31969519  0.81531672  0.90627786
   0.52382018  0.98161173  0.63805666
   0.29632308  0.68673340  0.80214714
   0.50320172  0.99811995  0.75116008
   0.02530258  0.46113607  0.53796004
   0.07455556  0.53046443  0.64689966
   0.11955196  0.43948696  0.94730012
   0.81496439  0.68638744  0.59453608
   0.02388888  0.51746967  0.86181362
   0.78610101  0.80021021  0.69605826
  -0.00387022  0.50852114  0.74917026
   0.52667687  0.03665615  0.96234532
   0.57068149  0.96801151  0.85341989
   0.11955196  0.93948699  0.44730009
   0.81496439  0.18638744  0.09453609
   0.02388888  0.01746969  0.36181362
   0.78610101  0.30021021  0.19605826
  -0.00387022  0.00852117  0.24917027
   0.52667687  0.53665617  0.46234529
   0.57068149  0.46801157  0.35341992
   0.11954759  0.43930660  0.05269998
   0.81489601  0.68665407  0.40546579
   0.02394318  0.51715119  0.13818120
   0.78616870  0.80042576  0.30393820
  -0.00384631  0.50853452  0.25082620
   0.52668942  0.03651524  0.03765958
   0.57082579  0.96760869  0.14657486
   0.11954759  0.93930657  0.55270002
   0.81489601  0.18665408  0.90546582
   0.02394318  0.01715117  0.63818117
   0.78616870  0.30042579  0.80393817
  -0.00384631  0.00853453  0.75082620
   0.52668942  0.53651525  0.53765955
   0.57082579  0.46760869  0.64657489
   0.61946630  0.55728182  0.94741673
   0.31967413  0.31504352  0.59372734
   0.52380727  0.48198447  0.86194053
   0.29646172  0.18672502  0.69784506
   0.50321624  0.49810982  0.74884377
   0.02531143  0.96127502  0.96204271
   0.07447590  0.03074855  0.85311137
   0.61946630  0.05728178  0.44741679
   0.31967413  0.81504352  0.09372736
   0.52380727  0.98198444  0.36194050
   0.29646172  0.68672502  0.19784501
   0.50321624  0.99810982  0.24884374
   0.02531143  0.46127505  0.46204271
   0.07447590  0.53074857  0.35311143
   0.33127164  0.16756295  0.50000254
   0.33127164  0.66756301  1.00000257
   0.83242544  0.83034710  0.50000037
   0.83242544  0.33034716  0.00000037
   0.28407822  0.24259902  0.34482683
   0.28407822  0.74259902  0.84482686
   0.28414211  0.24229689  0.65515514
   0.28414211  0.74229689  0.15515514
