   0.25525637  0.23826410  0.10763449
   0.23390500  0.28832027  0.21960242
   0.25525637  0.73826410  0.60763450
   0.23390500  0.78832030  0.71960237
   0.74930337  0.75683645  0.89268000
   0.73065925  0.73720873  0.78028757
   0.74930337  0.25683645  0.39268003
   0.73065925  0.23720874  0.28028751
   0.74932842  0.75666388  0.10731397
   0.73060691  0.73734714  0.21971283
   0.74932842  0.25666391  0.60731400
   0.73060691  0.23734713  0.71971286
   0.25521808  0.23842772  0.89236667
   0.23386909  0.28820535  0.78040114
   0.25521808  0.73842775  0.39236670
   0.23386909  0.78820532  0.28040117
   0.26025923  0.24267665 -0.00000045
   0.26025923  0.74267665  0.49999955
   0.76046557  0.75643232  1.00000228
   0.76046557  0.25643232  0.50000222
   0.78644891  0.75369876  0.34661611
   0.78644891  0.25369876  0.84661611
   0.78649769  0.75339500  0.65338406
   0.78649769  0.25339502  0.15338408
   0.80475353  0.75329056  0.45061243
   0.80475353  0.25329056  0.95061240
   0.30429905  0.24469454  0.54920479
   0.30429905  0.74469452  0.04920478
   0.30429684  0.24483721  0.45080150
   0.30429684  0.74483721  0.95080150
   0.80476106  0.75314377  0.54938763
   0.80476106  0.25314377  0.04938763
   0.62124364  0.55766750  0.05262063
   0.31997922  0.31503009  0.40633159
   0.52399841  0.48288607  0.13812649
   0.29609438  0.18717005  0.30212104
   0.50256442  0.49835280  0.25116207
   0.02648558  0.96094172  0.03794304
   0.07118269  0.02792056  0.14670330
   0.62124364  0.05766751  0.55262061
   0.31997922  0.81503009  0.90633159
   0.52399841  0.98288610  0.63812647
   0.29609438  0.68717002  0.80212104
   0.50256442  0.99835283  0.75116210
   0.02648558  0.46094175  0.53794304
   0.07118269  0.52792061  0.64670333
   0.12133488  0.43866818  0.94726752
   0.81504612  0.68657444  0.59448581
   0.02415661  0.51622593  0.86173056
   0.78571062  0.79993664  0.69609352
  -0.00451586  0.50882538  0.74917744
   0.52788664  0.03658323  0.96236612
   0.56731558  0.97046451  0.85363250
   0.12133488  0.93866821  0.44726749
   0.81504612  0.18657444  0.09448582
   0.02415661  0.01622595  0.36173056
   0.78571062  0.29993664  0.19609352
  -0.00451586  0.00882541  0.24917745
   0.52788664  0.53658326  0.46236609
   0.56731558  0.47046457  0.35363253
   0.12133087  0.43850634  0.05273183
   0.81498521  0.68680909  0.40551247
   0.02420597  0.51593512  0.13826316
   0.78572560  0.80010809  0.30391375
  -0.00449034  0.50884098  0.25082145
   0.52790049  0.03645124  0.03763627
   0.56745883  0.97011230  0.14636373
   0.12133087  0.93850631  0.55273187
   0.81498521  0.18680910  0.90551250
   0.02420597  0.01593509  0.63826313
   0.78572560  0.30010812  0.80391372
  -0.00449034  0.00884099  0.75082145
   0.52790049  0.53645125  0.53763624
   0.56745883  0.47011230  0.64636376
   0.62126134  0.55785740  0.94738192
   0.31997449  0.31478960  0.59367053
   0.52397858  0.48322768  0.86187352
   0.29617223  0.18716508  0.69787453
   0.50257985  0.49833853  0.74884213
   0.02649357  0.96106855  0.96205842
   0.07111099  0.02816914  0.85330608
   0.62126134  0.05785736  0.44738198
   0.31997449  0.81478960  0.09367054
   0.52397858  0.98322765  0.36187349
   0.29617223  0.68716508  0.19787449
   0.50257985  0.99833853  0.24884210
   0.02649357  0.46106858  0.46205842
   0.07111099  0.52816917  0.35330614
   0.33244938  0.16716629  0.50000153
   0.33244938  0.66716635  1.00000156
   0.83359003  0.83046468  0.49999897
   0.83359003  0.33046474 -0.00000103
   0.28340036  0.24228481  0.34482063
   0.28340036  0.74228481  0.84482066
   0.28346095  0.24201535  0.65515993
   0.28346095  0.74201535  0.15515993
