   0.25585313  0.24981286  0.10761951
   0.23844571  0.27896012  0.21964966
   0.25585313  0.74981286  0.60761953
   0.23844571  0.77896015  0.71964961
   0.75387616  0.74958187  0.89256811
   0.73474117  0.72704970  0.78046383
   0.75387616  0.24958187  0.39256814
   0.73474117  0.22704971  0.28046377
   0.75250128  0.74949837  0.10787991
   0.73249761  0.72851336  0.21941666
   0.75250128  0.24949840  0.60787994
   0.73249761  0.22851334  0.71941669
   0.25474079  0.24982433  0.89231948
   0.23625590  0.27774101  0.78051624
   0.25474079  0.74982436  0.39231951
   0.23625590  0.77774098  0.28051627
   0.24404613  0.24333130  0.00093402
   0.24404613  0.74333130  0.50093402
   0.74396754  0.75725437  0.99894340
   0.74396754  0.25725437  0.49894334
   0.79620871  0.75071203  0.34601175
   0.79620871  0.25071203  0.84601175
   0.79672947  0.74993670  0.65408847
   0.79672947  0.24993671  0.15408849
   0.79232547  0.75250544  0.44934535
   0.79232547  0.25250544  0.94934532
   0.29212208  0.24771284  0.55088300
   0.29212208  0.74771283  0.05088299
   0.29041409  0.24602207  0.44924753
   0.29041409  0.74602207  0.94924753
   0.79057451  0.75365441  0.55063066
   0.79057451  0.25365441  0.05063066
   0.60222666  0.55453885  0.05471555
   0.31855215  0.31931947  0.40441557
   0.52866024  0.47127026  0.13720737
   0.29394716  0.18346877  0.30312475
   0.50402945  0.49470842  0.25133474
   0.01009574  0.95968936  0.03823655
   0.10504960  0.05562945  0.14982479
   0.60222666  0.05453885  0.55471553
   0.31855215  0.81931947  0.90441557
   0.52866024  0.97127029  0.63720735
   0.29394716  0.68346874  0.80312475
   0.50402945  0.99470845  0.75133477
   0.01009574  0.45968939  0.53823654
   0.10504960  0.55562950  0.64982482
   0.10237528  0.44605881  0.94527430
   0.81787367  0.68104092  0.59584275
   0.02595589  0.52611109  0.86283676
   0.79110713  0.81161232  0.69616736
   0.00142060  0.50419942  0.74865095
   0.51029440  0.04024753  0.96177770
   0.60582747  0.94808998  0.85011540
   0.10237528  0.94605884  0.44527427
   0.81787367  0.18104092  0.09584276
   0.02595589  0.02611111  0.36283676
   0.79110713  0.31161232  0.19616736
   0.00142060  0.00419945  0.24865097
   0.51029440  0.54024755  0.46177767
   0.60582747  0.44809004  0.35011543
   0.10802245  0.44129124  0.05336368
   0.82094816  0.68111270  0.40375391
   0.02560491  0.52389623  0.13723903
   0.79329931  0.81219648  0.30425388
   0.00128547  0.50435670  0.25118440
   0.50593945  0.04450740  0.03925456
   0.60806444  0.94578849  0.15045525
   0.10802245  0.94129121  0.55336372
   0.82094816  0.18111272  0.90375394
   0.02560491  0.02389621  0.63723900
   0.79329931  0.31219651  0.80425385
   0.00128547  0.00435671  0.75118440
   0.50593945  0.54450741  0.53925453
   0.60806444  0.44578849  0.65045528
   0.60743041  0.55839117  0.94652724
   0.32182476  0.31892838  0.59600869
   0.52874996  0.47397754  0.86266067
   0.29642899  0.18308839  0.69650718
   0.50393849  0.49440261  0.74864382
   0.00594930  0.95514314  0.96075964
   0.10619829  0.05733636  0.84961219
   0.60743041  0.05839112  0.44652730
   0.32182476  0.81892838  0.09600871
   0.52874996  0.97397751  0.36266064
   0.29642899  0.68308839  0.19650714
   0.50393849  0.99440261  0.24864379
   0.00594930  0.45514317  0.46075964
   0.10619829  0.55733638  0.34961224
   0.31875423  0.16280217  0.50020129
   0.31875423  0.66280223  1.00020131
   0.81862324  0.83750532  0.49992721
   0.81862324  0.33750538 -0.00007279
   0.29349538  0.24867067  0.34530795
   0.29349538  0.74867067  0.84530798
   0.29272723  0.24850940  0.65429720
   0.29272723  0.74850940  0.15429720
