   0.25587711  0.23615760  0.10780435
   0.23262626  0.28880838  0.21961475
   0.25587711  0.73615760  0.60780436
   0.23262626  0.78880841  0.71961471
   0.74981643  0.75857448  0.89255426
   0.72932424  0.73768707  0.78028447
   0.74981643  0.25857448  0.39255429
   0.72932424  0.23768708  0.28028441
   0.74983069  0.75844720  0.10744202
   0.72930156  0.73784019  0.21972104
   0.74983069  0.25844723  0.60744204
   0.72930156  0.23784018  0.71972107
   0.25583351  0.23629459  0.89219861
   0.23260033  0.28868092  0.78039013
   0.25583351  0.73629462  0.39219864
   0.23260033  0.78868089  0.28039016
   0.26245812  0.24184954 -0.00000173
   0.26245812  0.74184954  0.49999827
   0.76271144  0.75689080  1.00000186
   0.76271144  0.25689080  0.50000180
   0.78497074  0.75445386  0.34661211
   0.78497074  0.25445386  0.84661211
   0.78500939  0.75418391  0.65339221
   0.78500939  0.25418393  0.15339223
   0.80673382  0.75364318  0.45065363
   0.80673382  0.25364318  0.95065360
   0.30629987  0.24399229  0.54914695
   0.30629987  0.74399228  0.04914694
   0.30629484  0.24412226  0.45085684
   0.30629484  0.74412226  0.95085684
   0.80674443  0.75351234  0.54934315
   0.80674443  0.25351234  0.04934315
   0.62429436  0.55869286  0.05267071
   0.32044977  0.31456285  0.40643075
   0.52437779  0.48523420  0.13825046
   0.29568188  0.18796614  0.30207631
   0.50151584  0.49873603  0.25116619
   0.02850008  0.96064385  0.03791580
   0.06513015  0.02326255  0.14634157
   0.62429436  0.05869287  0.55267069
   0.32044977  0.81456285  0.90643075
   0.52437779  0.98523423  0.63825045
   0.29568188  0.68796611  0.80207631
   0.50151584  0.99873606  0.75116622
   0.02850008  0.46064388  0.53791579
   0.06513015  0.52326260  0.64634160
   0.12431262  0.43739979  0.94721207
   0.81498567  0.68692624  0.59439887
   0.02474703  0.51386083  0.86158682
   0.78511468  0.79933827  0.69613162
  -0.00556294  0.50934014  0.74918398
   0.52991572  0.03653129  0.96240474
   0.56133006  0.97477791  0.85399320
   0.12431262  0.93739982  0.44721204
   0.81498567  0.18692624  0.09439888
   0.02474703  0.01386085  0.36158682
   0.78511468  0.29933827  0.19613162
  -0.00556294  0.00934017  0.24918399
   0.52991572  0.53653132  0.46240471
   0.56133006  0.47477797  0.35399323
   0.12432527  0.43723627  0.05278491
   0.81494561  0.68713122  0.40559794
   0.02479476  0.51359550  0.13840743
   0.78510880  0.79951804  0.30387670
  -0.00553943  0.50935276  0.25081675
   0.52993286  0.03641244  0.03759393
   0.56142386  0.97447657  0.14600268
   0.12432527  0.93723624  0.55278495
   0.81494561  0.18713124  0.90559797
   0.02479476  0.01359548  0.63840740
   0.78510880  0.29951807  0.80387667
  -0.00553943  0.00935276  0.75081675
   0.52993286  0.53641245  0.53759390
   0.56142386  0.47447657  0.64600271
   0.62429398  0.55885363  0.94732771
   0.32044892  0.31435102  0.59356943
   0.52437625  0.48552788  0.86175288
   0.29570332  0.18797962  0.69792144
   0.50153046  0.49872414  0.74883846
   0.02850782  0.96076412  0.96208260
   0.06509612  0.02351008  0.85366455
   0.62429398  0.05885359  0.44732777
   0.32044892  0.81435102  0.09356944
   0.52437625  0.98552785  0.36175285
   0.29570332  0.68797962  0.19792139
   0.50153046  0.99872414  0.24883843
   0.02850782  0.46076415  0.46208260
   0.06509612  0.52351010  0.35366461
   0.33432908  0.16655470  0.50000056
   0.33432908  0.66655476  1.00000059
   0.83545146  0.83070461  0.49999788
   0.83545146  0.33070467 -0.00000212
   0.28200194  0.24157211  0.34480517
   0.28200194  0.74157211  0.84480520
   0.28204312  0.24132354  0.65518120
   0.28204312  0.74132354  0.15518120
