   0.25474721  0.24100630  0.10741377
   0.23574323  0.28750446  0.21958476
   0.25474721  0.74100630  0.60741379
   0.23574323  0.78750449  0.71958472
   0.74893393  0.75472114  0.89283522
   0.73259434  0.73646046  0.78029250
   0.74893393  0.25472114  0.39283525
   0.73259434  0.23646047  0.28029244
   0.74899773  0.75441277  0.10715735
   0.73242356  0.73656963  0.21969450
   0.74899773  0.25441280  0.60715737
   0.73242356  0.23656961  0.71969453
   0.25472586  0.24130322  0.89258652
   0.23565081  0.28742319  0.78041743
   0.25472586  0.74130324  0.39258655
   0.23565081  0.78742316  0.28041746
   0.25710062  0.24389186  0.00000258
   0.25710062  0.74389186  0.50000258
   0.75724933  0.75589569  1.00000196
   0.75724933  0.25589569  0.50000190
   0.78858856  0.75270154  0.34663273
   0.78858856  0.25270154  0.84663273
   0.78861458  0.75229714  0.65337633
   0.78861458  0.25229715  0.15337634
   0.80194086  0.75295458  0.45054692
   0.80194086  0.25295458  0.95054689
   0.30148380  0.24567742  0.54929071
   0.30148380  0.74567740  0.04929070
   0.30149211  0.24586174  0.45071794
   0.30149211  0.74586174  0.95071794
   0.80193947  0.75276641  0.54945482
   0.80193947  0.25276641  0.04945482
   0.61688087  0.55632764  0.05256047
   0.31930104  0.31578894  0.40618840
   0.52392829  0.48003075  0.13797828
   0.29669766  0.18615223  0.30217664
   0.50410309  0.49771295  0.25115917
   0.02357990  0.96146257  0.03798751
   0.07897227  0.03368413  0.14714812
   0.61688087  0.05632765  0.55256045
   0.31930104  0.81578894  0.90618840
   0.52392829  0.98003078  0.63797827
   0.29669766  0.68615220  0.80217664
   0.50410309  0.99771298  0.75115920
   0.02357990  0.46146260  0.53798751
   0.07897227  0.53368418  0.64714815
   0.11701601  0.44058183  0.94732875
   0.81477124  0.68609058  0.59461369
   0.02385359  0.51900030  0.86190980
   0.78670036  0.80042929  0.69604096
  -0.00294943  0.50799201  0.74915949
   0.52494128  0.03673830  0.96231678
   0.57524901  0.96496729  0.85313795
   0.11701601  0.94058186  0.44732872
   0.81477124  0.18609058  0.09461371
   0.02385359  0.01900032  0.36190980
   0.78670036  0.30042929  0.19604096
  -0.00294943  0.00799204  0.24915950
   0.52494128  0.53673832  0.46231675
   0.57524901  0.46496735  0.35313798
   0.11700361  0.44037847  0.05267224
   0.81466378  0.68641704  0.40538877
   0.02390440  0.51861085  0.13808913
   0.78687314  0.80069372  0.30395935
  -0.00292607  0.50800133  0.25083046
   0.52494075  0.03657915  0.03769362
   0.57539079  0.96449144  0.14685259
   0.11700361  0.94037844  0.55267228
   0.81466378  0.18641706  0.90538879
   0.02390440  0.01861082  0.63808910
   0.78687314  0.30069375  0.80395932
  -0.00292607  0.00800134  0.75083046
   0.52494075  0.53657916  0.53769359
   0.57539079  0.46449144  0.64685262
   0.61691447  0.55656860  0.94744908
   0.31923793  0.31544772  0.59382032
   0.52390681  0.48047280  0.86201417
   0.29697343  0.18611205  0.69781252
   0.50411836  0.49770966  0.74884260
   0.02358808  0.96161735  0.96201639
   0.07889632  0.03404352  0.85286726
   0.61691447  0.05656855  0.44744914
   0.31923793  0.81544772  0.09382033
   0.52390681  0.98047277  0.36201414
   0.29697343  0.68611205  0.19781248
   0.50411836  0.99770966  0.24884257
   0.02358808  0.46161738  0.46201639
   0.07889632  0.53404354  0.35286732
   0.32964170  0.16809840  0.50000371
   0.32964170  0.66809846  1.00000374
   0.83079725  0.83022241  0.50000144
   0.83079725  0.33022247  0.00000144
   0.28536181  0.24325033  0.34484193
   0.28536181  0.74325033  0.84484196
   0.28544193  0.24287865  0.65513230
   0.28544193  0.74287865  0.15513230
