   0.25486125  0.24020260  0.10747564
   0.23522506  0.28776123  0.21958975
   0.25486125  0.74020260  0.60747566
   0.23522506  0.78776126  0.71958971
   0.74900166  0.75532479  0.89279145
   0.73204855  0.73670065  0.78029023
   0.74900166  0.25532479  0.39279148
   0.73204855  0.23670067  0.28029017
   0.74904816  0.75506288  0.10720125
   0.73192019  0.73681966  0.21970119
   0.74904816  0.25506291  0.60720127
   0.73192019  0.23681965  0.71970122
   0.25483065  0.24044950  0.89252468
   0.23515235  0.28766930  0.78041264
   0.25483065  0.74044953  0.39252471
   0.23515235  0.78766927  0.28041267
   0.25807131  0.24352287  0.00000119
   0.25807131  0.74352287  0.50000119
   0.75823661  0.75605127  1.00000197
   0.75823661  0.25605127  0.50000191
   0.78792344  0.75298983  0.34663236
   0.78792344  0.25298983  0.84663236
   0.78795885  0.75262104  0.65337680
   0.78795885  0.25262106  0.15337681
   0.80280580  0.75305368  0.45057049
   0.80280580  0.25305368  0.95057046
   0.30235181  0.24537411  0.54926019
   0.30235181  0.74537409  0.04926018
   0.30235418  0.24554574  0.45074689
   0.30235418  0.74554574  0.95074689
   0.80280974  0.75287807  0.54942983
   0.80280974  0.25287807  0.04942982
   0.61815065  0.55670515  0.05257443
   0.31949667  0.31556202  0.40623031
   0.52386555  0.48081005  0.13801501
   0.29652473  0.18642942  0.30216174
   0.50367482  0.49790975  0.25115910
   0.02441811  0.96130327  0.03797457
   0.07680261  0.03208672  0.14702177
   0.61815065  0.05670516  0.55257440
   0.31949667  0.81556202  0.90623031
   0.52386555  0.98081008  0.63801499
   0.29652473  0.68642940  0.80216174
   0.50367482  0.99790978  0.75115913
   0.02441811  0.46130330  0.53797457
   0.07680261  0.53208677  0.64702180
   0.11826799  0.44002961  0.94731393
   0.81486891  0.68623621  0.59457553
   0.02387354  0.51825861  0.86186346
   0.78641178  0.80033637  0.69605842
  -0.00339150  0.50824820  0.74916516
   0.52579091  0.03669786  0.96233028
   0.57299294  0.96646976  0.85328079
   0.11826799  0.94002964  0.44731390
   0.81486891  0.18623621  0.09457555
   0.02387354  0.01825863  0.36186346
   0.78641178  0.30033637  0.19605842
  -0.00339150  0.00824823  0.24916517
   0.52579091  0.53669788  0.46233025
   0.57299294  0.46646982  0.35328082
   0.11825947  0.43983826  0.05268663
   0.81478265  0.68653119  0.40542615
   0.02392613  0.51790498  0.13813349
   0.78653193  0.80057339  0.30394193
  -0.00336797  0.50825831  0.25082774
   0.52579660  0.03654791  0.03767729
   0.57313384  0.96603059  0.14671187
   0.11825947  0.93983823  0.55268667
   0.81478265  0.18653120  0.90542618
   0.02392613  0.01790495  0.63813346
   0.78653193  0.30057342  0.80394190
  -0.00336797  0.00825832  0.75082774
   0.52579660  0.53654792  0.53767726
   0.57313384  0.46603059  0.64671190
   0.61817629  0.55692914  0.94743261
   0.31945492  0.31525463  0.59377637
   0.52384825  0.48121645  0.86197996
   0.29673088  0.18640486  0.69782938
   0.50368992  0.49790356  0.74884344
   0.02442654  0.96145046  0.96202885
   0.07672453  0.03241024  0.85299133
   0.61817629  0.05692909  0.44743267
   0.31945492  0.81525463  0.09377638
   0.52384825  0.98121642  0.36197993
   0.29673088  0.68640486  0.19782933
   0.50368992  0.99790356  0.24884341
   0.02442654  0.46145049  0.46202885
   0.07672453  0.53241026  0.35299139
   0.33045146  0.16783089  0.50000305
   0.33045146  0.66783095  1.00000308
   0.83160610  0.83028629  0.50000083
   0.83160610  0.33028635  0.00000083
   0.28470488  0.24292687  0.34483498
   0.28470488  0.74292687  0.84483501
   0.28477594  0.24259156  0.65514298
   0.28477594  0.74259156  0.15514298
