   0.25464697  0.24223578  0.10732409
   0.23652205  0.28703065  0.21958407
   0.25464697  0.74223578  0.60732410
   0.23652205  0.78703068  0.71958402
   0.74885293  0.75381177  0.89289789
   0.73341342  0.73605977  0.78029387
   0.74885293  0.25381177  0.39289792
   0.73341342  0.23605979  0.28029381
   0.74894861  0.75340692  0.10709456
   0.73316359  0.73615026  0.21968547
   0.74894861  0.25340695  0.60709458
   0.73316359  0.23615025  0.71968550
   0.25464263  0.24263303  0.89267504
   0.23639202  0.28697345  0.78041838
   0.25464263  0.74263306  0.39267507
   0.23639202  0.78697342  0.28041841
   0.25559459  0.24447390  0.00000500
   0.25559459  0.74447390  0.50000500
   0.75572294  0.75566966  1.00000093
   0.75572294  0.25566966  0.50000087
   0.78964753  0.75224319  0.34664936
   0.78964753  0.25224319  0.84664936
   0.78966203  0.75176827  0.65336146
   0.78966203  0.25176829  0.15336147
   0.80062378  0.75282232  0.45051476
   0.80062378  0.25282232  0.95051473
   0.30016380  0.24614160  0.54933037
   0.30016380  0.74614159  0.04933036
   0.30017559  0.24635186  0.45068013
   0.30017559  0.74635186  0.95068013
   0.80061973  0.75260702  0.54948838
   0.80061973  0.25260702  0.04948837
   0.61482310  0.55568830  0.05254502
   0.31900427  0.31620445  0.40610649
   0.52404136  0.47886351  0.13792606
   0.29696618  0.18572029  0.30218583
   0.50474586  0.49738661  0.25116303
   0.02223542  0.96171615  0.03801260
   0.08250378  0.03621003  0.14735927
   0.61482310  0.05568830  0.55254500
   0.31900427  0.81620445  0.90610649
   0.52404136  0.97886354  0.63792604
   0.29696618  0.68572026  0.80218583
   0.50474586  0.99738664  0.75116306
   0.02223542  0.46171618  0.53801259
   0.08250378  0.53621008  0.64735930
   0.11497791  0.44151126  0.94734825
   0.81463072  0.68583604  0.59468481
   0.02388692  0.52018317  0.86197757
   0.78717506  0.80060163  0.69604558
  -0.00229325  0.50756435  0.74914575
   0.52357753  0.03682548  0.96229096
   0.57879406  0.96254260  0.85290228
   0.11497791  0.94151129  0.44734822
   0.81463072  0.18583604  0.09468482
   0.02388692  0.02018319  0.36197757
   0.78717506  0.30060163  0.19604558
  -0.00229325  0.00756438  0.24914577
   0.52357753  0.53682550  0.46229093
   0.57879406  0.46254266  0.35290231
   0.11496075  0.44128643  0.05265334
   0.81446894  0.68622240  0.40531872
   0.02393884  0.51972772  0.13802509
   0.78744191  0.80091993  0.30395371
  -0.00226982  0.50757057  0.25083878
   0.52356764  0.03665337  0.03772636
   0.57893653  0.96199619  0.14708321
   0.11496075  0.94128640  0.55265338
   0.81446894  0.18622241  0.90531875
   0.02393884  0.01972769  0.63802506
   0.78744191  0.30091996  0.80395368
  -0.00226982  0.00757058  0.75083878
   0.52356764  0.53665338  0.53772633
   0.57893653  0.46199619  0.64708323
   0.61486861  0.55596438  0.94747034
   0.31889087  0.31579755  0.59390600
   0.52401038  0.47937339  0.86206089
   0.29737649  0.18564940  0.69779899
   0.50476077  0.49738928  0.74883761
   0.02223638  0.96188208  0.96199151
   0.08242720  0.03663860  0.85266003
   0.61486861  0.05596433  0.44747040
   0.31889087  0.81579755  0.09390602
   0.52401038  0.97937336  0.36206086
   0.29737649  0.68564940  0.19779894
   0.50476077  0.99738928  0.24883758
   0.02223638  0.46188211  0.46199151
   0.08242720  0.53663862  0.35266009
   0.32833617  0.16853273  0.50000535
   0.32833617  0.66853279  1.00000538
   0.82948454  0.83013543  0.50000301
   0.82948454  0.33013549  0.00000301
   0.28630340  0.24373376  0.34484517
   0.28630340  0.74373376  0.84484520
   0.28639896  0.24329330  0.65512459
   0.28639896  0.74329330  0.15512459
