   0.25550920  0.23730403  0.10771411
   0.23330249  0.28855388  0.21960946
   0.25550920  0.73730403  0.60771413
   0.23330249  0.78855391  0.71960942
   0.74950799  0.75762300  0.89262172
   0.73002670  0.73742318  0.78028379
   0.74950799  0.25762300  0.39262175
   0.73002670  0.23742320  0.28028373
   0.74952126  0.75747158  0.10737264
   0.72999139  0.73756950  0.21971845
   0.74952126  0.25747160  0.60737267
   0.72999139  0.23756949  0.71971848
   0.25546753  0.23745149  0.89228732
   0.23326798  0.28843362  0.78039398
   0.25546753  0.73745152  0.39228735
   0.23326798  0.78843359  0.28039401
   0.26127098  0.24229051 -0.00000127
   0.26127098  0.74229051  0.49999873
   0.76149679  0.75663704  1.00000188
   0.76149679  0.25663704  0.50000182
   0.78575863  0.75405693  0.34661582
   0.78575863  0.25405693  0.84661582
   0.78580051  0.75377395  0.65339179
   0.78580051  0.25377396  0.15339180
   0.80568125  0.75345533  0.45063327
   0.80568125  0.25345533  0.95063324
   0.30523118  0.24435363  0.54917541
   0.30523118  0.74435362  0.04917540
   0.30522775  0.24449011  0.45082912
   0.30522775  0.74449011  0.95082912
   0.80568969  0.75331863  0.54936439
   0.80568969  0.25331863  0.04936439
   0.62265263  0.55811767  0.05264349
   0.32021420  0.31481927  0.40638026
   0.52413442  0.48394404  0.13818124
   0.29592139  0.18751613  0.30210060
   0.50206899  0.49852479  0.25116360
   0.02742916  0.96079307  0.03792931
   0.06843017  0.02582172  0.14653932
   0.62265263  0.05811767  0.55264347
   0.32021420  0.81481927  0.90638026
   0.52413442  0.98394407  0.63818123
   0.29592139  0.68751610  0.80210060
   0.50206899  0.99852482  0.75116363
   0.02742916  0.46079310  0.53792930
   0.06843017  0.52582177  0.64653935
   0.12271262  0.43808584  0.94724365
   0.81506406  0.68672803  0.59444306
   0.02438397  0.51517445  0.86166545
   0.78542756  0.79968651  0.69611095
  -0.00500724  0.50906948  0.74918070
   0.52883969  0.03655209  0.96238441
   0.56458922  0.97243875  0.85380133
   0.12271262  0.93808587  0.44724362
   0.81506406  0.18672803  0.09444308
   0.02438397  0.01517447  0.36166545
   0.78542756  0.29968651  0.19611095
  -0.00500724  0.00906951  0.24918072
   0.52883969  0.53655211  0.46238438
   0.56458922  0.47243881  0.35380136
   0.12271772  0.43792402  0.05275498
   0.81501500  0.68694919  0.40555464
   0.02443370  0.51490406  0.13832765
   0.78543343  0.79986479  0.30389531
  -0.00498299  0.50908399  0.25081870
   0.52885569  0.03642810  0.03761649
   0.56470441  0.97209947  0.14619486
   0.12271772  0.93792399  0.55275502
   0.81501500  0.18694921  0.90555466
   0.02443370  0.01490403  0.63832762
   0.78543343  0.29986482  0.80389528
  -0.00498299  0.00908400  0.75081870
   0.52885569  0.53642810  0.53761646
   0.56470441  0.47209947  0.64619489
   0.62266059  0.55829266  0.94735753
   0.32021007  0.31459449  0.59362132
   0.52413236  0.48425787  0.86181998
   0.29596763  0.18752101  0.69789527
   0.50208288  0.49851151  0.74884082
   0.02743674  0.96091667  0.96207098
   0.06836540  0.02606852  0.85346868
   0.62266059  0.05829262  0.44735759
   0.32021007  0.81459449  0.09362134
   0.52413236  0.98425784  0.36181995
   0.29596763  0.68752101  0.19789523
   0.50208288  0.99851151  0.24884079
   0.02743674  0.46091670  0.46207098
   0.06836540  0.52606854  0.35346874
   0.33333736  0.16687386  0.50000118
   0.33333736  0.66687392  1.00000121
   0.83446784  0.83057248  0.49999856
   0.83446784  0.33057254 -0.00000144
   0.28275333  0.24195983  0.34481346
   0.28275333  0.74195983  0.84481349
   0.28279639  0.24169906  0.65517027
   0.28279639  0.74169906  0.15517027
