   0.25471969  0.24393741  0.10722243
   0.23740343  0.28616390  0.21958912
   0.25471969  0.74393741  0.60722245
   0.23740343  0.78616393  0.71958907
   0.74893271  0.75261357  0.89296795
   0.73434343  0.73543353  0.78030037
   0.74893271  0.25261357  0.39296798
   0.73434343  0.23543355  0.28030031
   0.74911320  0.75201216  0.10702695
   0.73395849  0.73549484  0.21966674
   0.74911320  0.25201219  0.60702697
   0.73395849  0.23549482  0.71966677
   0.25477389  0.24453812  0.89277156
   0.23721600  0.28613929  0.78041380
   0.25477389  0.74453815  0.39277159
   0.23721600  0.78613926  0.28041383
   0.25342788  0.24531615  0.00000988
   0.25342788  0.74531615  0.50000988
   0.75352282  0.75534155  1.00000046
   0.75352282  0.25534155  0.50000040
   0.79129657  0.75165165  0.34663715
   0.79129657  0.25165165  0.84663715
   0.79128646  0.75103500  0.65337738
   0.79128646  0.25103502  0.15337739
   0.79872717  0.75260472  0.45043863
   0.79872717  0.25260472  0.95043860
   0.29827042  0.24683315  0.54942415
   0.29827042  0.74683313  0.04942414
   0.29828248  0.24707560  0.45059180
   0.29828248  0.74707560  0.95059180
   0.79872680  0.75235505  0.54956695
   0.79872680  0.25235505  0.04956694
   0.61184414  0.55478269  0.05253919
   0.31858397  0.31678682  0.40599248
   0.52446488  0.47730473  0.13787185
   0.29729536  0.18522833  0.30219220
   0.50546476  0.49687451  0.25117392
   0.02023414  0.96205568  0.03805660
   0.08753488  0.03978832  0.14767495
   0.61184414  0.05478269  0.55253917
   0.31858397  0.81678682  0.90599248
   0.52446488  0.97730476  0.63787184
   0.29729536  0.68522830  0.80219220
   0.50546476  0.99687453  0.75117395
   0.02023414  0.46205571  0.53805659
   0.08753488  0.53978838  0.64767498
   0.11203555  0.44281483  0.94736665
   0.81446639  0.68550190  0.59479360
   0.02414785  0.52181554  0.86205584
   0.78785461  0.80071264  0.69604694
  -0.00151638  0.50688784  0.74912041
   0.52155777  0.03695621  0.96224704
   0.58394417  0.95927768  0.85255578
   0.11203555  0.94281486  0.44736662
   0.81446639  0.18550190  0.09479362
   0.02414785  0.02181556  0.36205584
   0.78785461  0.30071264  0.19604694
  -0.00151638  0.00688787  0.24912043
   0.52155777  0.53695624  0.46224701
   0.58394417  0.45927774  0.35255581
   0.11200346  0.44257989  0.05263403
   0.81413454  0.68599402  0.40521092
   0.02419034  0.52122968  0.13795512
   0.78828513  0.80115803  0.30394966
  -0.00149092  0.50689448  0.25085635
   0.52152592  0.03678520  0.03778694
   0.58407298  0.95860933  0.14741857
   0.11200346  0.94257986  0.55263407
   0.81413454  0.18599404  0.90521095
   0.02419034  0.02122965  0.63795509
   0.78828513  0.30115806  0.80394963
  -0.00149092  0.00689449  0.75085635
   0.52152592  0.53678521  0.53778692
   0.58407298  0.45860933  0.64741860
   0.61190550  0.55510166  0.94748972
   0.31832149  0.31626771  0.59402870
   0.52440697  0.47794860  0.86210285
   0.29794889  0.18507723  0.69778314
   0.50547971  0.49688193  0.74882591
   0.02020331  0.96220709  0.96194326
   0.08747165  0.04035460  0.85235157
   0.61190550  0.05510161  0.44748978
   0.31832149  0.81626771  0.09402872
   0.52440697  0.97794857  0.36210282
   0.29794889  0.68507723  0.19778309
   0.50547971  0.99688193  0.24882588
   0.02020331  0.46220712  0.46194326
   0.08747165  0.54035462  0.35235163
   0.32640342  0.16916420  0.50000830
   0.32640342  0.66916426  1.00000833
   0.82751604  0.82998647  0.50000509
   0.82751604  0.32998653  0.00000509
   0.28778941  0.24450091  0.34481981
   0.28778941  0.74450091  0.84481984
   0.28791834  0.24392535  0.65513717
   0.28791834  0.74392535  0.15513717
