   0.25566136  0.23681708  0.10775243
   0.23300884  0.28865713  0.21961031
   0.25566136  0.73681708  0.60775245
   0.23300884  0.78865716  0.71961027
   0.74963525  0.75802512  0.89259287
   0.72972226  0.73753596  0.78028583
   0.74963525  0.25802512  0.39259290
   0.72972226  0.23753597  0.28028577
   0.74964818  0.75788257  0.10740184
   0.72969503  0.73768251  0.21971742
   0.74964818  0.25788260  0.60740186
   0.72969503  0.23768250  0.71971745
   0.25561861  0.23695871  0.89224918
   0.23298297  0.28853455  0.78039364
   0.25561861  0.73695874  0.39224921
   0.23298297  0.78853452  0.28039367
   0.26179494  0.24209905 -0.00000160
   0.26179494  0.74209905  0.49999840
   0.76203393  0.75674388  1.00000178
   0.76203393  0.25674388  0.50000172
   0.78541106  0.75422459  0.34661383
   0.78541106  0.25422459  0.84661383
   0.78545287  0.75395307  0.65339579
   0.78545287  0.25395308  0.15339581
   0.80614578  0.75352768  0.45063951
   0.80614578  0.25352768  0.95063948
   0.30570268  0.24420343  0.54916558
   0.30570268  0.74420342  0.04916557
   0.30569964  0.24433682  0.45083819
   0.30569964  0.74433682  0.95083819
   0.80615582  0.75339459  0.54935701
   0.80615582  0.25339459  0.04935700
   0.62335859  0.55836486  0.05265546
   0.32031092  0.31470460  0.40640162
   0.52421024  0.48448519  0.13821131
   0.29581388  0.18771535  0.30209127
   0.50183172  0.49861692  0.25116532
   0.02788867  0.96072360  0.03792294
   0.06704874  0.02475350  0.14645881
   0.62335859  0.05836487  0.55265543
   0.32031092  0.81470460  0.90640162
   0.52421024  0.98448522  0.63821130
   0.29581388  0.68771532  0.80209127
   0.50183172  0.99861695  0.75116535
   0.02788867  0.46072363  0.53792293
   0.06704874  0.52475355  0.64645884
   0.12340696  0.43779092  0.94723047
   0.81503955  0.68681477  0.59442591
   0.02451852  0.51464061  0.86163121
   0.78528469  0.79953970  0.69611743
  -0.00524619  0.50918520  0.74918202
   0.52929679  0.03654233  0.96239365
   0.56320814  0.97340857  0.85388075
   0.12340696  0.93779095  0.44723044
   0.81503955  0.18681477  0.09442593
   0.02451852  0.01464063  0.36163121
   0.78528469  0.29953970  0.19611743
  -0.00524619  0.00918523  0.24918203
   0.52929679  0.53654235  0.46239362
   0.56320814  0.47340863  0.35388078
   0.12341377  0.43762893  0.05276782
   0.81499371  0.68702745  0.40557268
   0.02456735  0.51437276  0.13836229
   0.78528355  0.79972043  0.30388461
  -0.00522176  0.50920068  0.25081865
   0.52931478  0.03642087  0.03760672
   0.56331630  0.97308663  0.14611502
   0.12341377  0.93762890  0.55276786
   0.81499371  0.18702747  0.90557271
   0.02456735  0.01437273  0.63836226
   0.78528355  0.29972046  0.80388458
  -0.00522176  0.00920069  0.75081865
   0.52931478  0.53642088  0.53760669
   0.56331630  0.47308663  0.64611505
   0.62336327  0.55853477  0.94734484
   0.32030928  0.31448670  0.59360006
   0.52420749  0.48479080  0.86179060
   0.29584814  0.18772602  0.69790479
   0.50184587  0.49860155  0.74883975
   0.02789625  0.96084460  0.96207697
   0.06699700  0.02499975  0.85354817
   0.62336327  0.05853473  0.44734490
   0.32030928  0.81448670  0.09360008
   0.52420749  0.98479077  0.36179057
   0.29584814  0.68772602  0.19790474
   0.50184587  0.99860155  0.24883972
   0.02789625  0.46084463  0.46207697
   0.06699700  0.52499977  0.35354823
   0.33375505  0.16673957  0.50000121
   0.33375505  0.66673963  1.00000124
   0.83488235  0.83062572  0.49999867
   0.83488235  0.33062578 -0.00000133
   0.28242167  0.24179212  0.34480910
   0.28242167  0.74179212  0.84480913
   0.28246520  0.24153761  0.65517620
   0.28246520  0.74153761  0.15517620
