   0.25512742  0.23879633  0.10758816
   0.23424432  0.28819401  0.21959779
   0.25512742  0.73879633  0.60758818
   0.23424432  0.78819404  0.71959775
   0.74919121  0.75640327  0.89271377
   0.73102024  0.73707764  0.78028947
   0.74919121  0.25640327  0.39271380
   0.73102024  0.23707766  0.28028941
   0.74921564  0.75620750  0.10727961
   0.73095524  0.73721234  0.21970980
   0.74921564  0.25620753  0.60727963
   0.73095524  0.23721233  0.71970983
   0.25508816  0.23897715  0.89241249
   0.23420129  0.28808711  0.78040612
   0.25508816  0.73897718  0.39241252
   0.23420129  0.78808708  0.28040615
   0.25967232  0.24290576 -0.00000102
   0.25967232  0.74290576  0.49999898
   0.75986639  0.75632099  1.00000132
   0.75986639  0.25632099  0.50000126
   0.78683951  0.75350557  0.34662536
   0.78683951  0.25350557  0.84662536
   0.78688529  0.75319369  0.65338542
   0.78688529  0.25319370  0.15338544
   0.80424175  0.75322790  0.45060236
   0.80424175  0.25322790  0.95060233
   0.30378155  0.24486531  0.54921542
   0.30378155  0.74486529  0.04921541
   0.30378227  0.24501400  0.45078939
   0.30378227  0.74501400  0.95078939
   0.80424608  0.75307460  0.54939564
   0.80424608  0.25307460  0.04939563
   0.62041671  0.55739337  0.05260783
   0.31986523  0.31517285  0.40630136
   0.52391618  0.48231420  0.13809221
   0.29620513  0.18695369  0.30213296
   0.50284964  0.49824416  0.25116151
   0.02595507  0.96104011  0.03795029
   0.07274559  0.02906081  0.14679107
   0.62041671  0.05739338  0.55260780
   0.31986523  0.81517285  0.90630136
   0.52391618  0.98231423  0.63809219
   0.29620513  0.68695366  0.80213296
   0.50284964  0.99824418  0.75116154
   0.02595507  0.46104014  0.53795028
   0.07274559  0.52906086  0.64679110
   0.12051779  0.43903767  0.94728125
   0.81502139  0.68646903  0.59451254
   0.02405779  0.51679398  0.86177001
   0.78590242  0.80008560  0.69608299
  -0.00423157  0.50869111  0.74917329
   0.52734123  0.03659898  0.96235824
   0.56885470  0.96935482  0.85353722
   0.12051779  0.93903770  0.44728122
   0.81502139  0.18646903  0.09451256
   0.02405779  0.01679400  0.36177001
   0.78590242  0.30008560  0.19608299
  -0.00423157  0.00869114  0.24917331
   0.52734123  0.53659901  0.46235821
   0.56885470  0.46935488  0.35353725
   0.12051393  0.43887017  0.05271933
   0.81496014  0.68671676  0.40548747
   0.02411686  0.51650167  0.13822281
   0.78593896  0.80027896  0.30391538
  -0.00420732  0.50870225  0.25082348
   0.52735816  0.03646459  0.03764637
   0.56899303  0.96896339  0.14645771
   0.12051393  0.93887014  0.55271937
   0.81496014  0.18671678  0.90548750
   0.02411686  0.01650164  0.63822278
   0.78593896  0.30027899  0.80391535
  -0.00420732  0.00870226  0.75082348
   0.52735816  0.53646460  0.53764635
   0.56899303  0.46896339  0.64645774
   0.62043474  0.55759365  0.94739644
   0.31985305  0.31491938  0.59370210
   0.52391089  0.48266241  0.86190536
   0.29630665  0.18695212  0.69786027
   0.50286502  0.49823409  0.74884165
   0.02595975  0.96117444  0.96205309
   0.07265469  0.02933077  0.85321832
   0.62043474  0.05759361  0.44739650
   0.31985305  0.81491938  0.09370211
   0.52391089  0.98266238  0.36190533
   0.29630665  0.68695212  0.19786023
   0.50286502  0.99823409  0.24884162
   0.02595975  0.46117447  0.46205309
   0.07265469  0.52933080  0.35321838
   0.33193329  0.16734281  0.50000349
   0.33193329  0.66734287  1.00000352
   0.83307774  0.83041195  0.50000105
   0.83307774  0.33041201  0.00000105
   0.28374573  0.24244585  0.34482678
   0.28374573  0.74244585  0.84482681
   0.28380841  0.24216101  0.65515493
   0.28380841  0.74216101  0.15515493
