   0.25295041  0.24739891  0.10733900
   0.23787079  0.27660000  0.21917384
   0.25295041  0.74739891  0.60733902
   0.23787079  0.77660003  0.71917380
   0.75202356  0.75140411  0.89240263
   0.73580845  0.72465248  0.78073736
   0.75202356  0.25140411  0.39240266
   0.73580845  0.22465250  0.28073730
   0.74967852  0.75204226  0.10757644
   0.73336226  0.72693188  0.21902440
   0.74967852  0.25204229  0.60757647
   0.73336226  0.22693187  0.71902443
   0.25145579  0.24776689  0.89213134
   0.23542901  0.27520842  0.78089837
   0.25145579  0.74776692  0.39213137
   0.23542901  0.77520839  0.28089840
   0.24408955  0.24176059  0.00161339
   0.24408955  0.74176059  0.50161339
   0.74406241  0.75864329  0.99939508
   0.74406241  0.25864329  0.49939502
   0.79601550  0.74943563  0.34626590
   0.79601550  0.24943563  0.84626590
   0.79710350  0.74883023  0.65362343
   0.79710350  0.24883025  0.15362344
   0.79260580  0.75347002  0.44890136
   0.79260580  0.25347002  0.94890133
   0.29287163  0.24720292  0.55152380
   0.29287163  0.74720290  0.05152379
   0.29150003  0.24566940  0.44818111
   0.29150003  0.74566940  0.94818111
   0.79194184  0.75500255  0.55198912
   0.79194184  0.25500255  0.05198912
   0.60410709  0.55388054  0.05508792
   0.31979877  0.32012111  0.40465340
   0.52715292  0.47182512  0.13721564
   0.29307339  0.18491869  0.30334129
   0.50287564  0.49518155  0.25138627
   0.00572844  0.96131948  0.03759941
   0.10583785  0.05606051  0.15010474
   0.60410709  0.05388055  0.55508790
   0.31979877  0.82012111  0.90465340
   0.52715292  0.97182515  0.63721562
   0.29307339  0.68491866  0.80334129
   0.50287564  0.99518158  0.75138630
   0.00572844  0.46131951  0.53759941
   0.10583785  0.55606056  0.65010477
   0.09975437  0.44346833  0.94484375
   0.81935764  0.68007882  0.59558065
   0.02606262  0.52722591  0.86297884
   0.79180857  0.81392404  0.69651679
   0.00223934  0.50461696  0.74863817
   0.51018089  0.04148011  0.96193840
   0.60709942  0.94587649  0.85000493
   0.09975437  0.94346836  0.44484372
   0.81935764  0.18007882  0.09558067
   0.02606262  0.02722593  0.36297884
   0.79180857  0.31392404  0.19651679
   0.00223934  0.00461699  0.24863819
   0.51018089  0.54148014  0.46193837
   0.60709942  0.44587655  0.35000496
   0.10856141  0.43484967  0.05330450
   0.82488671  0.67976160  0.40358197
   0.02627308  0.52460294  0.13736328
   0.79432532  0.81432752  0.30408500
   0.00224734  0.50474971  0.25129110
   0.50370044  0.04852611  0.03894062
   0.60933023  0.94410857  0.15084762
   0.10856141  0.93484964  0.55330454
   0.82488671  0.17976162  0.90358200
   0.02627308  0.02460291  0.63736325
   0.79432532  0.31432755  0.80408497
   0.00224734  0.00474971  0.75129110
   0.50370044  0.54852612  0.53894059
   0.60933023  0.44410857  0.65084765
   0.61158320  0.55998776  0.94650900
   0.32600347  0.32122887  0.59704048
   0.52706113  0.47451602  0.86277682
   0.29564230  0.18469854  0.69615806
   0.50289515  0.49493458  0.74870894
   0.00165200  0.95469670  0.96066589
   0.10824985  0.05815041  0.84939485
   0.61158320  0.05998771  0.44650906
   0.32600347  0.82122887  0.09704049
   0.52706113  0.97451599  0.36277679
   0.29564230  0.68469854  0.19615802
   0.50289515  0.99493458  0.24870891
   0.00165200  0.45469673  0.46066589
   0.10824985  0.55815043  0.34939490
   0.31796478  0.15898697  0.49969622
   0.31796478  0.65898703  0.99969625
   0.81756288  0.84076988  0.49950567
   0.81756288  0.34076994 -0.00049433
   0.29457553  0.24957479  0.34600914
   0.29457553  0.74957479  0.84600917
   0.29363888  0.24953191  0.65345398
   0.29363888  0.74953191  0.15345398
