   0.25578592  0.24691853  0.10715602
   0.23800155  0.28418045  0.21963959
   0.25578592  0.74691853  0.60715603
   0.23800155  0.78418048  0.71963954
   0.75016109  0.75083040  0.89296899
   0.73503397  0.73371118  0.78031536
   0.75016109  0.25083040  0.39296901
   0.73503397  0.23371120  0.28031530
   0.75059155  0.74977396  0.10707453
   0.73424416  0.73369902  0.21961899
   0.75059155  0.24977399  0.60707455
   0.73424416  0.23369901  0.71961902
   0.25625046  0.24789125  0.89278212
   0.23761637  0.28424477  0.78037189
   0.25625046  0.74789128  0.39278215
   0.23761637  0.78424474  0.28037192
   0.24927939  0.24660887  0.00012746
   0.24927939  0.74660887  0.50012746
   0.74925186  0.75448839  0.99988251
   0.74925186  0.25448839  0.49988245
   0.79474511  0.75089996  0.34651011
   0.79474511  0.25089996  0.84651011
   0.79466477  0.74990111  0.65350191
   0.79466477  0.24990113  0.15350193
   0.79545556  0.75204908  0.45020914
   0.79545556  0.25204908  0.95020911
   0.29498007  0.24806962  0.54969341
   0.29498007  0.74806960  0.04969340
   0.29482409  0.24805732  0.45033189
   0.29482409  0.74805732  0.95033189
   0.79528650  0.75204521  0.54979494
   0.79528650  0.25204521  0.04979494
   0.60676790  0.55351247  0.05274462
   0.31770623  0.31768360  0.40559253
   0.52617819  0.47490563  0.13786460
   0.29723288  0.18388906  0.30216285
   0.50572682  0.49580688  0.25124344
   0.01631001  0.96243970  0.03817784
   0.09691391  0.04629140  0.14841208
   0.60676790  0.05351247  0.55274460
   0.31770623  0.81768360  0.90559253
   0.52617819  0.97490566  0.63786459
   0.29723288  0.68388904  0.80216285
   0.50572682  0.99580691  0.75124347
   0.01631001  0.46243973  0.53817784
   0.09691391  0.54629145  0.64841211
   0.10685748  0.44480096  0.94721629
   0.81449994  0.68483618  0.59514917
   0.02554529  0.52445271  0.86213798
   0.78894514  0.80227360  0.69611904
  -0.00106081  0.50549565  0.74901354
   0.51752862  0.03730791  0.96206823
   0.59347612  0.95395523  0.85177660
   0.10685748  0.94480099  0.44721626
   0.81449994  0.18483618  0.09514919
   0.02554529  0.02445273  0.36213798
   0.78894514  0.30227360  0.19611904
  -0.00106081  0.00549568  0.24901355
   0.51752862  0.53730793  0.46206820
   0.59347612  0.45395529  0.35177663
   0.10707572  0.44451839  0.05267769
   0.81343619  0.68546337  0.40483608
   0.02551326  0.52354117  0.13790424
   0.78963576  0.80282665  0.30390792
  -0.00102405  0.50549053  0.25094114
   0.51710086  0.03776147  0.03808426
   0.59387044  0.95270380  0.14825300
   0.10707572  0.94451836  0.55267773
   0.81343619  0.18546338  0.90483611
   0.02551326  0.02354115  0.63790421
   0.78963576  0.30282668  0.80390789
  -0.00102405  0.00549053  0.75094114
   0.51710086  0.53776148  0.53808423
   0.59387044  0.45270380  0.64825303
   0.60698888  0.55381757  0.94739277
   0.31667817  0.31701954  0.59445445
   0.52612121  0.47605913  0.86208402
   0.29847734  0.18358693  0.69780103
   0.50572185  0.49583960  0.74875819
   0.01591553  0.96201529  0.96170919
   0.09689060  0.04718428  0.85159381
   0.60698888  0.05381752  0.44739283
   0.31667817  0.81701954  0.09445447
   0.52612121  0.97605910  0.36208399
   0.29847734  0.68358693  0.19780098
   0.50572185  0.99583960  0.24875816
   0.01591553  0.46201532  0.46170919
   0.09689060  0.54718431  0.35159387
   0.32313004  0.16983172  0.50001811
   0.32313004  0.66983178  1.00001814
   0.82373870  0.82994998  0.49999830
   0.82373870  0.32995004 -0.00000170
   0.29087122  0.24611668  0.34471729
   0.29087122  0.74611668  0.84471732
   0.29105785  0.24525361  0.65521076
   0.29105785  0.74525361  0.15521076
