   0.25475581  0.24092238  0.10742072
   0.23568343  0.28753967  0.21958696
   0.25475581  0.74092238  0.60742074
   0.23568343  0.78753970  0.71958691
   0.74893956  0.75478350  0.89283018
   0.73253035  0.73648878  0.78029032
   0.74893956  0.25478350  0.39283021
   0.73253035  0.23648880  0.28029026
   0.74900165  0.75448100  0.10716240
   0.73236461  0.73659974  0.21969727
   0.74900165  0.25448103  0.60716243
   0.73236461  0.23659973  0.71969730
   0.25473334  0.24121282  0.89257956
   0.23559310  0.28745741  0.78041534
   0.25473334  0.74121285  0.39257959
   0.23559310  0.78745738  0.28041537
   0.25720347  0.24385599  0.00000229
   0.25720347  0.74385599  0.50000229
   0.75735503  0.75590600  1.00000184
   0.75735503  0.25590600  0.50000178
   0.78850594  0.75274337  0.34663729
   0.78850594  0.25274337  0.84663729
   0.78853457  0.75234197  0.65337210
   0.78853457  0.25234199  0.15337212
   0.80204975  0.75297637  0.45055356
   0.80204975  0.25297637  0.95055353
   0.30159107  0.24562981  0.54928046
   0.30159107  0.74562980  0.04928045
   0.30159815  0.24581293  0.45072759
   0.30159815  0.74581293  0.95072759
   0.80204955  0.75278874  0.54944764
   0.80204955  0.25278874  0.04944764
   0.61704726  0.55636420  0.05256284
   0.31932650  0.31576684  0.40619101
   0.52390843  0.48013835  0.13798196
   0.29667929  0.18618653  0.30217703
   0.50405126  0.49773654  0.25115897
   0.02369233  0.96143430  0.03798699
   0.07870770  0.03348088  0.14713123
   0.61704726  0.05636421  0.55256282
   0.31932650  0.81576684  0.90619101
   0.52390843  0.98013838  0.63798194
   0.29667929  0.68618650  0.80217703
   0.50405126  0.99773657  0.75115900
   0.02369233  0.46143433  0.53798698
   0.07870770  0.53348093  0.64713126
   0.11717652  0.44051947  0.94732625
   0.81478412  0.68610408  0.59460902
   0.02385588  0.51890949  0.86190476
   0.78666515  0.80042400  0.69604617
  -0.00300876  0.50802474  0.74916058
   0.52505389  0.03674166  0.96231757
   0.57495275  0.96513676  0.85315722
   0.11717652  0.94051950  0.44732622
   0.81478412  0.18610408  0.09460903
   0.02385588  0.01890951  0.36190476
   0.78666515  0.30042400  0.19604617
  -0.00300876  0.00802477  0.24916060
   0.52505389  0.53674168  0.46231754
   0.57495275  0.46513682  0.35315725
   0.11716435  0.44031780  0.05267474
   0.81467985  0.68642627  0.40539341
   0.02390752  0.51852528  0.13809395
   0.78683136  0.80068537  0.30395354
  -0.00298546  0.50803388  0.25082970
   0.52505476  0.03658406  0.03769259
   0.57509423  0.96466620  0.14683359
   0.11716435  0.94031777  0.55267478
   0.81467985  0.18642628  0.90539344
   0.02390752  0.01852525  0.63809392
   0.78683136  0.30068540  0.80395351
  -0.00298546  0.00803388  0.75082970
   0.52505476  0.53658407  0.53769256
   0.57509423  0.46466620  0.64683362
   0.61707990  0.55660281  0.94744644
   0.31926610  0.31543005  0.59381763
   0.52388835  0.48057486  0.86201084
   0.29694545  0.18614910  0.69781197
   0.50406665  0.49773308  0.74884283
   0.02370085  0.96158772  0.96201699
   0.07863244  0.03383549  0.85288385
   0.61707990  0.05660277  0.44744650
   0.31926610  0.81543005  0.09381765
   0.52388835  0.98057483  0.36201081
   0.29694545  0.68614910  0.19781192
   0.50406665  0.99773308  0.24884280
   0.02370085  0.46158775  0.46201699
   0.07863244  0.53383551  0.35288391
   0.32974310  0.16806553  0.50000378
   0.32974310  0.66806559  1.00000381
   0.83089918  0.83023005  0.50000154
   0.83089918  0.33023011  0.00000154
   0.28528541  0.24320598  0.34483814
   0.28528541  0.74320598  0.84483817
   0.28536393  0.24283796  0.65513722
   0.28536393  0.74283796  0.15513722
