   0.25564181  0.23688914  0.10774763
   0.23305199  0.28863790  0.21961169
   0.25564181  0.73688914  0.60774764
   0.23305199  0.78863793  0.71961164
   0.74961881  0.75796537  0.89259642
   0.72976792  0.73752276  0.78028433
   0.74961881  0.25796537  0.39259645
   0.72976792  0.23752278  0.28028427
   0.74963187  0.75782138  0.10739827
   0.72973929  0.73766896  0.21971876
   0.74963187  0.25782141  0.60739829
   0.72973929  0.23766895  0.71971879
   0.25559933  0.23703149  0.89225398
   0.23302555  0.28851540  0.78039220
   0.25559933  0.73703152  0.39225401
   0.23302555  0.78851537  0.28039223
   0.26172056  0.24212871 -0.00000158
   0.26172056  0.74212871  0.49999842
   0.76195588  0.75672808  1.00000177
   0.76195588  0.25672808  0.50000171
   0.78545736  0.75420164  0.34660933
   0.78545736  0.25420164  0.84660933
   0.78549937  0.75392866  0.65339998
   0.78549937  0.25392867  0.15340000
   0.80608054  0.75351849  0.45063821
   0.80608054  0.25351849  0.95063818
   0.30563570  0.24422457  0.54916734
   0.30563570  0.74422456  0.04916733
   0.30563274  0.24435812  0.45083648
   0.30563274  0.74435812  0.95083648
   0.80609057  0.75338483  0.54935845
   0.80609057  0.25338483  0.04935844
   0.62326452  0.55832382  0.05265399
   0.32029661  0.31471935  0.40640089
   0.52421307  0.48439552  0.13820627
   0.29582860  0.18768480  0.30209154
   0.50186179  0.49860492  0.25116485
   0.02782903  0.96073316  0.03792446
   0.06722411  0.02492208  0.14646880
   0.62326452  0.05832383  0.55265397
   0.32029661  0.81471935  0.90640089
   0.52421307  0.98439555  0.63820625
   0.29582860  0.68768477  0.80209154
   0.50186179  0.99860495  0.75116488
   0.02782903  0.46073319  0.53792445
   0.06722411  0.52492213  0.64646883
   0.12331048  0.43783449  0.94723200
   0.81504278  0.68680715  0.59442720
   0.02448071  0.51469886  0.86163697
   0.78530309  0.79955801  0.69611337
  -0.00521020  0.50916978  0.74918204
   0.52924023  0.03654726  0.96239161
   0.56341726  0.97329010  0.85387079
   0.12331048  0.93783452  0.44723197
   0.81504278  0.18680715  0.09442721
   0.02448071  0.01469888  0.36163697
   0.78530309  0.29955801  0.19611337
  -0.00521020  0.00916981  0.24918205
   0.52924023  0.53654729  0.46239158
   0.56341726  0.47329016  0.35387082
   0.12331698  0.43767229  0.05276626
   0.81499644  0.68702111  0.40557144
   0.02452947  0.51443074  0.13835656
   0.78530312  0.79973888  0.30388905
  -0.00518564  0.50918515  0.25081849
   0.52925801  0.03642546  0.03760876
   0.56352679  0.97296593  0.14612510
   0.12331698  0.93767226  0.55276630
   0.81499644  0.18702112  0.90557147
   0.02452947  0.01443071  0.63835653
   0.78530312  0.29973890  0.80388902
  -0.00518564  0.00918515  0.75081849
   0.52925801  0.53642547  0.53760873
   0.56352679  0.47296593  0.64612513
   0.62326964  0.55849421  0.94734632
   0.32029467  0.31450065  0.59360084
   0.52421044  0.48470236  0.86179561
   0.29586426  0.18769495  0.69790449
   0.50187599  0.49858951  0.74884013
   0.02783667  0.96085433  0.96207541
   0.06717071  0.02516806  0.85353838
   0.62326964  0.05849417  0.44734638
   0.32029467  0.81450065  0.09360086
   0.52421044  0.98470233  0.36179558
   0.29586426  0.68769495  0.19790445
   0.50187599  0.99858951  0.24884010
   0.02783667  0.46085436  0.46207541
   0.06717071  0.52516808  0.35353844
   0.33369595  0.16675949  0.50000120
   0.33369595  0.66675955  1.00000123
   0.83482244  0.83061694  0.49999866
   0.83482244  0.33061700 -0.00000134
   0.28245935  0.24181001  0.34480842
   0.28245935  0.74181001  0.84480845
   0.28250303  0.24155494  0.65517676
   0.28250303  0.74155494  0.15517676
