   0.25641324  0.24803832  0.10715886
   0.23801552  0.28338745  0.21965011
   0.25641324  0.74803832  0.60715888
   0.23801552  0.78338748  0.71965007
   0.75104218  0.75028471  0.89291221
   0.73509324  0.73282503  0.78032661
   0.75104218  0.25028471  0.39291224
   0.73509324  0.23282504  0.28032655
   0.75148948  0.74922699  0.10715402
   0.73407079  0.73280694  0.21957563
   0.75148948  0.24922702  0.60715404
   0.73407079  0.23280692  0.71957566
   0.25693861  0.24895915  0.89272946
   0.23746206  0.28342558  0.78036655
   0.25693861  0.74895918  0.39272949
   0.23746206  0.78342555  0.28036658
   0.24781826  0.24673308  0.00027315
   0.24781826  0.74673308  0.50027315
   0.74767846  0.75423662  0.99973135
   0.74767846  0.25423662  0.49973129
   0.79602326  0.75067795  0.34650219
   0.79602326  0.25067795  0.84650219
   0.79584683  0.74971332  0.65366121
   0.79584683  0.24971334  0.15366123
   0.79442039  0.75178923  0.45006753
   0.79442039  0.25178923  0.95006750
   0.29395586  0.24845376  0.54985475
   0.29395586  0.74845375  0.04985474
   0.29354877  0.24823753  0.45016791
   0.29354877  0.74823753  0.95016791
   0.79400706  0.75204801  0.54991527
   0.79400706  0.25204801  0.04991527
   0.60516966  0.55325210  0.05298639
   0.31722144  0.31790685  0.40534918
   0.52703363  0.47416121  0.13785569
   0.29689833  0.18288761  0.30218023
   0.50548177  0.49536628  0.25128931
   0.01472911  0.96235788  0.03824192
   0.10021155  0.04861187  0.14874070
   0.60516966  0.05325211  0.55298636
   0.31722144  0.81790685  0.90534918
   0.52703363  0.97416124  0.63785567
   0.29689833  0.68288758  0.80218023
   0.50548177  0.99536631  0.75128934
   0.01472911  0.46235791  0.53824192
   0.10021155  0.54861192  0.64874073
   0.10508483  0.44537482  0.94701051
   0.81464448  0.68435678  0.59535226
   0.02629648  0.52527918  0.86217942
   0.78929918  0.80386828  0.69610419
  -0.00112963  0.50498846  0.74894903
   0.51579952  0.03762775  0.96196124
   0.59698981  0.95209267  0.85140086
   0.10508483  0.94537485  0.44701048
   0.81464448  0.18435678  0.09535227
   0.02629648  0.02527920  0.36217942
   0.78929918  0.30386828  0.19610419
  -0.00112963  0.00498849  0.24894905
   0.51579952  0.53762777  0.46196121
   0.59698981  0.45209273  0.35140089
   0.10567075  0.44483375  0.05276370
   0.81344149  0.68502757  0.40463822
   0.02624636  0.52412573  0.13786649
   0.79012769  0.80461676  0.30382657
  -0.00109068  0.50503631  0.25099657
   0.51499411  0.03866798  0.03830331
   0.59757667  0.95055717  0.14869467
   0.10567075  0.94483372  0.55276374
   0.81344149  0.18502758  0.90463825
   0.02624636  0.02412570  0.63786646
   0.79012769  0.30461679  0.80382654
  -0.00109068  0.00503632  0.75099657
   0.51499411  0.53866799  0.53830328
   0.59757667  0.45055717  0.64869470
   0.60560667  0.55372331  0.94727869
   0.31598432  0.31719763  0.59472799
   0.52699864  0.47560119  0.86208512
   0.29843801  0.18255784  0.69775323
   0.50542890  0.49535445  0.74872727
   0.01395685  0.96140138  0.96154705
   0.10038628  0.04977714  0.85119747
   0.60560667  0.05372327  0.44727875
   0.31598432  0.81719763  0.09472800
   0.52699864  0.97560116  0.36208509
   0.29843801  0.68255784  0.19775318
   0.50542890  0.99535445  0.24872724
   0.01395685  0.46140141  0.46154705
   0.10038628  0.54977716  0.35119753
   0.32212744  0.16958550  0.50003382
   0.32212744  0.66958556  1.00003385
   0.82236679  0.83029887  0.49999351
   0.82236679  0.33029893 -0.00000649
   0.29201767  0.24681781  0.34469859
   0.29201767  0.74681781  0.84469862
   0.29216757  0.24584403  0.65521988
   0.29216757  0.74584403  0.15521988
