   0.25466929  0.24173972  0.10735780
   0.23621238  0.28723820  0.21958372
   0.25466929  0.74173972  0.60735782
   0.23621238  0.78723823  0.71958368
   0.74886661  0.75417166  0.89287492
   0.73309257  0.73622197  0.78029300
   0.74886661  0.25417166  0.39287495
   0.73309257  0.23622198  0.28029294
   0.74894788  0.75380948  0.10711746
   0.73287742  0.73632094  0.21968971
   0.74894788  0.25380950  0.60711748
   0.73287742  0.23632093  0.71968974
   0.25465721  0.24209156  0.89264189
   0.23609864  0.28717115  0.78041859
   0.25465721  0.74209159  0.39264192
   0.23609864  0.78717112  0.28041862
   0.25620900  0.24423390  0.00000393
   0.25620900  0.74423390  0.50000393
   0.75634728  0.75576207  1.00000140
   0.75634728  0.25576207  0.50000134
   0.78919983  0.75244026  0.34664082
   0.78919983  0.25244026  0.84664082
   0.78922110  0.75199484  0.65336889
   0.78922110  0.25199485  0.15336891
   0.80116979  0.75287913  0.45053114
   0.80116979  0.25287913  0.95053111
   0.30071192  0.24594584  0.54931052
   0.30071192  0.74594582  0.04931051
   0.30072131  0.24614588  0.45069911
   0.30072131  0.74614588  0.95069911
   0.80116743  0.75267443  0.54947140
   0.80116743  0.25267443  0.04947140
   0.61567011  0.55594440  0.05254957
   0.31912944  0.31603484  0.40614205
   0.52396983  0.47933815  0.13794371
   0.29685905  0.18589568  0.30218769
   0.50449000  0.49752409  0.25116145
   0.02279886  0.96161427  0.03800107
   0.08105095  0.03516607  0.14726821
   0.61567011  0.05594441  0.55254954
   0.31912944  0.81603484  0.90614205
   0.52396983  0.97933818  0.63794369
   0.29685905  0.68589565  0.80218769
   0.50449000  0.99752412  0.75116148
   0.02279886  0.46161430  0.53800106
   0.08105095  0.53516613  0.64726824
   0.11581551  0.44113299  0.94734171
   0.81468813  0.68593775  0.59465367
   0.02386098  0.51970631  0.86195335
   0.78698660  0.80054329  0.69603763
  -0.00255687  0.50774399  0.74915146
   0.52414831  0.03678528  0.96230260
   0.57732138  0.96352575  0.85300336
   0.11581551  0.94113302  0.44734168
   0.81468813  0.18593775  0.09465368
   0.02386098  0.01970633  0.36195335
   0.78698660  0.30054329  0.19603763
  -0.00255687  0.00774402  0.24915148
   0.52414831  0.53678530  0.46230257
   0.57732138  0.46352581  0.35300339
   0.11580011  0.44091702  0.05265969
   0.81455292  0.68629755  0.40534936
   0.02391254  0.51928014  0.13804768
   0.78721211  0.80083640  0.30396227
  -0.00253361  0.50775134  0.25083549
   0.52414274  0.03661809  0.03771145
   0.57746510  0.96300963  0.14698456
   0.11580011  0.94091699  0.55265973
   0.81455292  0.18629756  0.90534939
   0.02391254  0.01928011  0.63804765
   0.78721211  0.30083643  0.80396224
  -0.00253361  0.00775135  0.75083549
   0.52414274  0.53661810  0.53771142
   0.57746510  0.46300963  0.64698459
   0.61571062  0.55620594  0.94746310
   0.31904017  0.31565695  0.59386869
   0.52394284  0.47981862  0.86204580
   0.29721017  0.18583878  0.69779925
   0.50450513  0.49752450  0.74883972
   0.02280380  0.96177643  0.96200309
   0.08097376  0.03556383  0.85274944
   0.61571062  0.05620589  0.44746316
   0.31904017  0.81565695  0.09386870
   0.52394284  0.97981859  0.36204577
   0.29721017  0.68583878  0.19779921
   0.50450513  0.99752450  0.24883969
   0.02280380  0.46177646  0.46200309
   0.08097376  0.53556386  0.35274950
   0.32888233  0.16835556  0.50000455
   0.32888233  0.66835562  1.00000458
   0.83003521  0.83016841  0.50000228
   0.83003521  0.33016847  0.00000228
   0.28592607  0.24352909  0.34483893
   0.28592607  0.74352909  0.84483896
   0.28601573  0.24311767  0.65513274
   0.28601573  0.74311767  0.15513274
