   0.25625751  0.23503046  0.10790070
   0.23201997  0.28902135  0.21962333
   0.25625751  0.73503046  0.60790072
   0.23201997  0.78902138  0.71962328
   0.75016539  0.75953437  0.89247575
   0.72869730  0.73796938  0.78028165
   0.75016539  0.25953437  0.39247577
   0.72869730  0.23796940  0.28028159
   0.75017609  0.75942614  0.10752234
   0.72868493  0.73813543  0.21972746
   0.75017609  0.25942617  0.60752236
   0.72868493  0.23813542  0.71972749
   0.25621144  0.23516910  0.89210348
   0.23198893  0.28888430  0.78038320
   0.25621144  0.73516913  0.39210351
   0.23198893  0.78888427  0.28038323
   0.26363170  0.24141873 -0.00000218
   0.26363170  0.74141873  0.49999782
   0.76391553  0.75715594  1.00000131
   0.76391553  0.25715594  0.50000125
   0.78419535  0.75483292  0.34659231
   0.78419535  0.25483292  0.84659231
   0.78421492  0.75457805  0.65341774
   0.78421492  0.25457806  0.15341776
   0.80776090  0.75384487  0.45066811
   0.80776090  0.25384487  0.95066808
   0.30735634  0.24364522  0.54912568
   0.30735634  0.74364520  0.04912567
   0.30734800  0.24377341  0.45087631
   0.30734800  0.74377341  0.95087631
   0.80777267  0.75371978  0.54932642
   0.80777267  0.25371978  0.04932641
   0.62591798  0.55928029  0.05269928
   0.32067433  0.31432311  0.40647725
   0.52466374  0.48654673  0.13833345
   0.29537844  0.18845791  0.30204207
   0.50100125  0.49895468  0.25117013
   0.02953721  0.96049922  0.03790716
   0.06178433  0.02065676  0.14614766
   0.62591798  0.05928030  0.55269926
   0.32067433  0.81432311  0.90647725
   0.52466374  0.98654676  0.63833344
   0.29537844  0.68845788  0.80204207
   0.50100125  0.99895471  0.75117016
   0.02953721  0.46049925  0.53790716
   0.06178433  0.52065682  0.64614769
   0.12588226  0.43674075  0.94717544
   0.81480628  0.68711082  0.59436006
   0.02515704  0.51245652  0.86149374
   0.78479085  0.79891263  0.69615593
  -0.00607208  0.50959108  0.74918565
   0.53094922  0.03653872  0.96242436
   0.55812210  0.97711856  0.85416500
   0.12588226  0.93674078  0.44717541
   0.81480628  0.18711082  0.09436007
   0.02515704  0.01245654  0.36149374
   0.78479085  0.29891263  0.19615593
  -0.00607208  0.00959111  0.24918567
   0.53094922  0.53653874  0.46242433
   0.55812210  0.47711862  0.35416503
   0.12590192  0.43656827  0.05282041
   0.81478862  0.68730365  0.40563899
   0.02521051  0.51219681  0.13850031
   0.78479213  0.79912042  0.30383963
  -0.00604914  0.50960257  0.25081705
   0.53097090  0.03642515  0.03757310
   0.55815402  0.97682574  0.14582898
   0.12590192  0.93656824  0.55282045
   0.81478862  0.18730366  0.90563902
   0.02521051  0.01219678  0.63850028
   0.78479213  0.29912045  0.80383960
  -0.00604914  0.00960258  0.75081705
   0.53097090  0.53642515  0.53757308
   0.55815402  0.47682574  0.64582901
   0.62590533  0.55943143  0.94729707
   0.32066838  0.31411803  0.59352310
   0.52469023  0.48681127  0.86166999
   0.29537940  0.18848318  0.69795842
   0.50101350  0.49894411  0.74883677
   0.02954588  0.96061640  0.96209027
   0.06178125  0.02094505  0.85385488
   0.62590533  0.05943138  0.44729713
   0.32066838  0.81411803  0.09352312
   0.52469023  0.98681124  0.36166996
   0.29537940  0.68848318  0.19795837
   0.50101350  0.99894411  0.24883674
   0.02954588  0.46061643  0.46209027
   0.06178125  0.52094507  0.35385494
   0.33527751  0.16624859  0.50000045
   0.33527751  0.66624865  1.00000048
   0.83640247  0.83085272  0.49999805
   0.83640247  0.33085278 -0.00000195
   0.28127720  0.24121729  0.34478742
   0.28127720  0.74121729  0.84478745
   0.28129966  0.24096191  0.65520426
   0.28129966  0.74096191  0.15520426
