   0.25679576  0.24962701  0.10731459
   0.23815898  0.28318957  0.21975042
   0.25679576  0.74962701  0.60731460
   0.23815898  0.78318960  0.71975037
   0.75258069  0.74969156  0.89278219
   0.73448173  0.73137309  0.78033904
   0.75258069  0.24969156  0.39278222
   0.73448173  0.23137310  0.28033898
   0.75274977  0.74920663  0.10748771
   0.73290332  0.73140296  0.21952085
   0.75274977  0.24920666  0.60748773
   0.73290332  0.23140294  0.71952088
   0.25731680  0.25009328  0.89261836
   0.23732343  0.28286714  0.78033787
   0.25731680  0.75009331  0.39261839
   0.23732343  0.78286711  0.28033790
   0.24532037  0.24615019  0.00056003
   0.24532037  0.74615019  0.50056003
   0.74546068  0.75452477  0.99922968
   0.74546068  0.25452477  0.49922962
   0.79734519  0.74943759  0.34736966
   0.79734519  0.24943759  0.84736966
   0.79723824  0.74863197  0.65324895
   0.79723824  0.24863198  0.15324897
   0.79398072  0.75164603  0.44971115
   0.79398072  0.25164603  0.94971112
   0.29271047  0.24903824  0.55012950
   0.29271047  0.74903823  0.05012949
   0.29157968  0.24794599  0.44974010
   0.29157968  0.74794599  0.94974010
   0.79257621  0.75139767  0.55001932
   0.79257621  0.25139767  0.05001932
   0.60292952  0.55379102  0.05361514
   0.31657759  0.31785760  0.40497873
   0.52851774  0.47337681  0.13776265
   0.29628343  0.18066015  0.30234068
   0.50556804  0.49458029  0.25134078
   0.01314585  0.96120813  0.03845398
   0.10403592  0.05226776  0.14922248
   0.60292952  0.05379103  0.55361512
   0.31657759  0.81785760  0.90497873
   0.52851774  0.97337684  0.63776263
   0.29628343  0.68066012  0.80234068
   0.50556804  0.99458032  0.75134081
   0.01314585  0.46120816  0.53845397
   0.10403592  0.55226781  0.64922251
   0.10366208  0.44655720  0.94647483
   0.81528764  0.68318068  0.59559058
   0.02746934  0.52591959  0.86224876
   0.78966239  0.80832528  0.69674568
  -0.00149944  0.50407426  0.74882925
   0.51275509  0.03818794  0.96176733
   0.60144130  0.94987972  0.85074008
   0.10366208  0.94655723  0.44647480
   0.81528764  0.18318068  0.09559059
   0.02746934  0.02591961  0.36224876
   0.78966239  0.30832528  0.19674568
  -0.00149944  0.00407429  0.24882926
   0.51275509  0.53818797  0.46176730
   0.60144130  0.44987978  0.35074011
   0.10472360  0.44554861  0.05306950
   0.81431657  0.68383372  0.40443172
   0.02740824  0.52426849  0.13772044
   0.79079376  0.80960751  0.30290525
  -0.00144080  0.50416914  0.25107512
   0.51133802  0.04010206  0.03879586
   0.60255207  0.94752606  0.14946563
   0.10472360  0.94554858  0.55306954
   0.81431657  0.18383374  0.90443175
   0.02740824  0.02426846  0.63772041
   0.79079376  0.30960754  0.80290522
  -0.00144080  0.00416915  0.75107512
   0.51133802  0.54010207  0.53879583
   0.60255207  0.44752606  0.64946566
   0.60373998  0.55444819  0.94698086
   0.31554922  0.31697456  0.59512177
   0.52873427  0.47515732  0.86214305
   0.29828035  0.18018064  0.69752553
   0.50538341  0.49416799  0.74867761
   0.01124982  0.95951156  0.96123590
   0.10446078  0.05344662  0.85045923
   0.60373998  0.05444814  0.44698092
   0.31554922  0.81697456  0.09512179
   0.52873427  0.97515729  0.36214302
   0.29828035  0.68018064  0.19752548
   0.50538341  0.99416799  0.24867758
   0.01124982  0.45951159  0.46123590
   0.10446078  0.55344664  0.35045929
   0.32138858  0.16853142  0.50017106
   0.32138858  0.66853148  1.00017109
   0.82108003  0.83152732  0.50004436
   0.82108003  0.33152738  0.00004436
   0.29298776  0.24793592  0.34469752
   0.29298776  0.74793592  0.84469755
   0.29309549  0.24697256  0.65520915
   0.29309549  0.74697256  0.15520915
