   0.25464753  0.24258320  0.10730078
   0.23672188  0.28685832  0.21958428
   0.25464753  0.74258320  0.60730079
   0.23672188  0.78685835  0.71958424
   0.74886057  0.75356032  0.89291434
   0.73363045  0.73594128  0.78029480
   0.74886057  0.25356032  0.39291437
   0.73363045  0.23594130  0.28029474
   0.74896890  0.75312250  0.10707834
   0.73335475  0.73602605  0.21968198
   0.74896890  0.25312253  0.60707836
   0.73335475  0.23602603  0.71968201
   0.25465036  0.24301578  0.89269804
   0.23657937  0.28680797  0.78041805
   0.25465036  0.74301581  0.39269807
   0.23657937  0.78680794  0.28041808
   0.25516692  0.24463633  0.00000619
   0.25516692  0.74463633  0.50000619
   0.75528748  0.75560759  1.00000095
   0.75528748  0.25560759  0.50000089
   0.78995858  0.75214578  0.34662658
   0.78995858  0.25214578  0.84662658
   0.78996934  0.75164397  0.65338262
   0.78996934  0.25164399  0.15338264
   0.80024113  0.75277380  0.45050293
   0.80024113  0.25277380  0.95050290
   0.29978306  0.24628381  0.54934711
   0.29978306  0.74628379  0.04934710
   0.29979509  0.24650212  0.45066498
   0.29979509  0.74650212  0.95066498
   0.80023718  0.75255104  0.54950158
   0.80023718  0.25255104  0.04950158
   0.61422669  0.55551151  0.05254251
   0.31890964  0.31631428  0.40608461
   0.52410417  0.47853869  0.13791110
   0.29703248  0.18562896  0.30219714
   0.50490474  0.49728772  0.25116423
   0.02183716  0.96178738  0.03802119
   0.08350314  0.03693160  0.14741884
   0.61422669  0.05551152  0.55254249
   0.31890964  0.81631428  0.90608461
   0.52410417  0.97853872  0.63791109
   0.29703248  0.68562893  0.80219714
   0.50490474  0.99728775  0.75116426
   0.02183716  0.46178741  0.53802118
   0.08350314  0.53693165  0.64741887
   0.11438830  0.44176880  0.94735232
   0.81458378  0.68577374  0.59470605
   0.02391692  0.52051381  0.86199710
   0.78730880  0.80061239  0.69602878
  -0.00211967  0.50743403  0.74914137
   0.52317637  0.03684809  0.96228206
   0.57982047  0.96187408  0.85283621
   0.11438830  0.94176883  0.44735229
   0.81458378  0.18577374  0.09470607
   0.02391692  0.02051383  0.36199710
   0.78730880  0.30061239  0.19602878
  -0.00211967  0.00743406  0.24914139
   0.52317637  0.53684812  0.46228203
   0.57982047  0.46187414  0.35283624
   0.11436979  0.44153796  0.05264904
   0.81439881  0.68617973  0.40529753
   0.02396752  0.52003467  0.13800722
   0.78760694  0.80094969  0.30397164
  -0.00209591  0.50744002  0.25084157
   0.52316199  0.03667301  0.03773746
   0.57996248  0.96130607  0.14714777
   0.11436979  0.94153793  0.55264908
   0.81439881  0.18617974  0.90529756
   0.02396752  0.02003464  0.63800719
   0.78760694  0.30094972  0.80397161
  -0.00209591  0.00744003  0.75084157
   0.52316199  0.53667302  0.53773744
   0.57996248  0.46130607  0.64714780
   0.61427577  0.55579728  0.94747472
   0.31877573  0.31588556  0.59392903
   0.52406801  0.47907283  0.86207424
   0.29748829  0.18554432  0.69778686
   0.50491952  0.49729205  0.74883619
   0.02183511  0.96195461  0.96198227
   0.08342772  0.03738372  0.85260219
   0.61427577  0.05579724  0.44747478
   0.31877573  0.81588556  0.09392904
   0.52406801  0.97907280  0.36207421
   0.29748829  0.68554432  0.19778681
   0.50491952  0.99729205  0.24883616
   0.02183511  0.46195464  0.46198227
   0.08342772  0.53738375  0.35260225
   0.32794705  0.16866100  0.50000553
   0.32794705  0.66866106  1.00000556
   0.82909067  0.83010334  0.50000310
   0.82909067  0.33010340  0.00000310
   0.28662675  0.24388313  0.34483045
   0.28662675  0.74388313  0.84483048
   0.28672789  0.24341590  0.65513606
   0.28672789  0.74341590  0.15513606
