   0.25468394  0.24148486  0.10737592
   0.23605144  0.28733964  0.21958595
   0.25468394  0.74148486  0.60737594
   0.23605144  0.78733967  0.71958590
   0.74887520  0.75436010  0.89286232
   0.73291958  0.73630153  0.78029077
   0.74887520  0.25436010  0.39286235
   0.73291958  0.23630154  0.28029071
   0.74894943  0.75401792  0.10713006
   0.73271990  0.73640442  0.21969351
   0.74894943  0.25401794  0.60713009
   0.73271990  0.23640441  0.71969354
   0.25466789  0.24181698  0.89262393
   0.23594506  0.28726782  0.78041651
   0.25466789  0.74181701  0.39262396
   0.23594506  0.78726779  0.28041654
   0.25651782  0.24411737  0.00000332
   0.25651782  0.74411737  0.50000332
   0.75665861  0.75580660  1.00000156
   0.75665861  0.25580660  0.50000150
   0.78897551  0.75252869  0.34664167
   0.78897551  0.25252869  0.84664167
   0.78899921  0.75209830  0.65336799
   0.78899921  0.25209831  0.15336801
   0.80144807  0.75290774  0.45053878
   0.80144807  0.25290774  0.95053875
   0.30098914  0.24584708  0.54930069
   0.30098914  0.74584707  0.04930067
   0.30099819  0.24604149  0.45070832
   0.30099819  0.74604149  0.95070832
   0.80144625  0.75270894  0.54946323
   0.80144625  0.25270894  0.04946322
   0.61608394  0.55606556  0.05255293
   0.31919242  0.31595220  0.40615996
   0.52395835  0.47956592  0.13795450
   0.29680655  0.18597770  0.30218437
   0.50436288  0.49758758  0.25116014
   0.02307673  0.96156312  0.03799670
   0.08032214  0.03466901  0.14722502
   0.61608394  0.05606556  0.55255291
   0.31919242  0.81595220  0.90615996
   0.52395835  0.97956595  0.63795448
   0.29680655  0.68597767  0.80218437
   0.50436288  0.99758760  0.75116017
   0.02307673  0.46156315  0.53799669
   0.08032214  0.53466906  0.64722505
   0.11622488  0.44095276  0.94733758
   0.81471983  0.68598868  0.59463779
   0.02383968  0.51944987  0.86193964
   0.78689116  0.80051287  0.69603798
  -0.00268834  0.50782829  0.74915475
   0.52442964  0.03676816  0.96230725
   0.57661662  0.96403212  0.85305109
   0.11622488  0.94095279  0.44733755
   0.81471983  0.18598868  0.09463781
   0.02383968  0.01944989  0.36193964
   0.78689116  0.30051287  0.19603798
  -0.00268834  0.00782832  0.24915476
   0.52442964  0.53676819  0.46230722
   0.57661662  0.46403218  0.35305112
   0.11621046  0.44074132  0.05266374
   0.81459518  0.68633663  0.40536518
   0.02389210  0.51903833  0.13806057
   0.78709791  0.80079490  0.30396189
  -0.00266514  0.50783611  0.25083321
   0.52442615  0.03660378  0.03770550
   0.57675894  0.96352836  0.14693777
   0.11621046  0.94074129  0.55266378
   0.81459518  0.18633664  0.90536521
   0.02389210  0.01903830  0.63806054
   0.78709791  0.30079493  0.80396186
  -0.00266514  0.00783612  0.75083321
   0.52442615  0.53660379  0.53770547
   0.57675894  0.46352836  0.64693780
   0.61612225  0.55631967  0.94745864
   0.31911296  0.31558761  0.59385023
   0.52393501  0.48003111  0.86203602
   0.29713082  0.18592739  0.69780321
   0.50437796  0.49758693  0.74884116
   0.02308292  0.96172276  0.96200747
   0.08024391  0.03505352  0.85279178
   0.61612225  0.05631963  0.44745870
   0.31911296  0.81558761  0.09385025
   0.52393501  0.98003108  0.36203599
   0.29713082  0.68592739  0.19780317
   0.50437796  0.99758693  0.24884113
   0.02308292  0.46172279  0.46200747
   0.08024391  0.53505355  0.35279184
   0.32914720  0.16826693  0.50000433
   0.32914720  0.66826699  1.00000436
   0.83030014  0.83018683  0.50000207
   0.83030014  0.33018689  0.00000207
   0.28573087  0.24343553  0.34484257
   0.28573087  0.74343553  0.84484260
   0.28581835  0.24303880  0.65513035
   0.28581835  0.74303880  0.15513035
