   0.25500993  0.23941275  0.10753682
   0.23469508  0.28800358  0.21959509
   0.25500993  0.73941275  0.60753684
   0.23469508  0.78800361  0.71959504
   0.74908272  0.75590930  0.89274734
   0.73149263  0.73693199  0.78028874
   0.74908272  0.25590930  0.39274737
   0.73149263  0.23693200  0.28028868
   0.74911612  0.75568956  0.10724529
   0.73140361  0.73706106  0.21970709
   0.74911612  0.25568959  0.60724531
   0.73140361  0.23706104  0.71970712
   0.25497325  0.23961380  0.89246350
   0.23464073  0.28790031  0.78040770
   0.25497325  0.73961383  0.39246353
   0.23464073  0.78790028  0.28040773
   0.25902479  0.24316600 -0.00000007
   0.25902479  0.74316600  0.49999993
   0.75920600  0.75619764  1.00000185
   0.75920600  0.25619764  0.50000179
   0.78732151  0.75326759  0.34662708
   0.78732151  0.25326759  0.84662708
   0.78736334  0.75293221  0.65338227
   0.78736334  0.25293223  0.15338228
   0.80359307  0.75314892  0.45058708
   0.80359307  0.25314892  0.95058705
   0.30313782  0.24509451  0.54923689
   0.30313782  0.74509449  0.04923688
   0.30313828  0.24525259  0.45076887
   0.30313828  0.74525259  0.95076887
   0.80359873  0.75298637  0.54941188
   0.80359873  0.25298637  0.04941188
   0.61937760  0.55705705  0.05258809
   0.31969074  0.31534124  0.40627279
   0.52383907  0.48156859  0.13805517
   0.29633667  0.18670960  0.30214741
   0.50323094  0.49810490  0.25115936
   0.02525820  0.96115041  0.03796149
   0.07466535  0.03054396  0.14690540
   0.61937760  0.05705705  0.55258807
   0.31969074  0.81534124  0.90627279
   0.52383907  0.98156862  0.63805516
   0.29633667  0.68670957  0.80214741
   0.50323094  0.99810493  0.75115939
   0.02525820  0.46115044  0.53796149
   0.07466535  0.53054401  0.64690543
   0.11948215  0.43951214  0.94729984
   0.81496214  0.68637041  0.59453752
   0.02389759  0.51750053  0.86181567
   0.78612190  0.80022820  0.69606962
  -0.00384491  0.50850324  0.74917059
   0.52663663  0.03665536  0.96234364
   0.57081184  0.96795151  0.85341332
   0.11948215  0.93951217  0.44729981
   0.81496214  0.18637041  0.09453754
   0.02389759  0.01750055  0.36181567
   0.78612190  0.30022820  0.19606962
  -0.00384491  0.00850327  0.24917061
   0.52663663  0.53665539  0.46234361
   0.57081184  0.46795157  0.35341335
   0.11947777  0.43933213  0.05270010
   0.81489253  0.68663769  0.40546315
   0.02395185  0.51718086  0.13817946
   0.78619346  0.80043964  0.30393198
  -0.00382056  0.50851499  0.25082510
   0.52664779  0.03651346  0.03766125
   0.57095474  0.96754625  0.14658149
   0.11947777  0.93933210  0.55270015
   0.81489253  0.18663771  0.90546318
   0.02395185  0.01718083  0.63817943
   0.78619346  0.30043967  0.80393195
  -0.00382056  0.00851500  0.75082510
   0.52664779  0.53651346  0.53766122
   0.57095474  0.46754625  0.64658152
   0.61939738  0.55726498  0.94741651
   0.31966817  0.31506495  0.59373194
   0.52382625  0.48194285  0.86194212
   0.29647964  0.18669836  0.69784554
   0.50324638  0.49809532  0.74884378
   0.02526672  0.96129022  0.96204113
   0.07458457  0.03083142  0.85310593
   0.61939738  0.05726494  0.44741657
   0.31966817  0.81506495  0.09373196
   0.52382625  0.98194282  0.36194209
   0.29647964  0.68669836  0.19784549
   0.50324638  0.99809532  0.24884375
   0.02526672  0.46129025  0.46204113
   0.07458457  0.53083144  0.35310599
   0.33123964  0.16757736  0.50000243
   0.33123964  0.66757742  1.00000246
   0.83239252  0.83034221  0.50000016
   0.83239252  0.33034227  0.00000016
   0.28413625  0.24263228  0.34482954
   0.28413625  0.74263228  0.84482957
   0.28420108  0.24232956  0.65515095
   0.28420108  0.74232956  0.15515095
