   0.25602815  0.23569648  0.10784407
   0.23237063  0.28890120  0.21961828
   0.25602815  0.73569648  0.60784408
   0.23237063  0.78890123  0.71961824
   0.74995910  0.75896479  0.89252263
   0.72906060  0.73779912  0.78028324
   0.74995910  0.25896479  0.39252266
   0.72906060  0.23779913  0.28028318
   0.74996869  0.75884290  0.10747396
   0.72904523  0.73795263  0.21972301
   0.74996869  0.25884293  0.60747398
   0.72904523  0.23795262  0.71972304
   0.25598696  0.23583505  0.89215915
   0.23234481  0.28877378  0.78038712
   0.25598696  0.73583508  0.39215918
   0.23234481  0.78877375  0.28038715
   0.26293177  0.24167609 -0.00000205
   0.26293177  0.74167609  0.49999795
   0.76319794  0.75699498  1.00000154
   0.76319794  0.25699498  0.50000148
   0.78465454  0.75461460  0.34660589
   0.78465454  0.25461460  0.84660589
   0.78468670  0.75435456  0.65340360
   0.78468670  0.25435457  0.15340362
   0.80715468  0.75372590  0.45065972
   0.80715468  0.25372590  0.95065969
   0.30673285  0.24384596  0.54913748
   0.30673285  0.74384594  0.04913747
   0.30672459  0.24397651  0.45086509
   0.30672459  0.74397651  0.95086509
   0.80716702  0.75359773  0.54933575
   0.80716702  0.25359773  0.04933574
   0.62497903  0.55893867  0.05268213
   0.32054308  0.31445812  0.40645192
   0.52449700  0.48577770  0.13828379
   0.29555809  0.18816902  0.30206502
   0.50129945  0.49882403  0.25116808
   0.02893901  0.96058448  0.03791133
   0.06372799  0.02217332  0.14625850
   0.62497903  0.05893868  0.55268211
   0.32054308  0.81445812  0.90645192
   0.52449700  0.98577773  0.63828377
   0.29555809  0.68816900  0.80206502
   0.50129945  0.99882405  0.75116811
   0.02893901  0.46058451  0.53791132
   0.06372799  0.52217338  0.64625853
   0.12497262  0.43711777  0.94719818
   0.81491945  0.68700577  0.59438099
   0.02491613  0.51328849  0.86155009
   0.78497985  0.79915799  0.69613550
  -0.00578064  0.50944201  0.74918532
   0.53035243  0.03652959  0.96241336
   0.55998189  0.97576374  0.85406861
   0.12497262  0.93711780  0.44719815
   0.81491945  0.18700577  0.09438100
   0.02491613  0.01328851  0.36155009
   0.78497985  0.29915799  0.19613550
  -0.00578064  0.00944204  0.24918533
   0.53035243  0.53652962  0.46241333
   0.55998189  0.47576380  0.35406864
   0.12498976  0.43695127  0.05279852
   0.81488590  0.68720613  0.40561629
   0.02496237  0.51301963  0.13844484
   0.78497939  0.79934976  0.30386790
  -0.00575742  0.50945699  0.25081706
   0.53037347  0.03641254  0.03758457
   0.56005479  0.97547374  0.14592615
   0.12498976  0.93695124  0.55279856
   0.81488590  0.18720614  0.90561632
   0.02496237  0.01301960  0.63844481
   0.78497939  0.29934979  0.80386787
  -0.00575742  0.00945700  0.75081706
   0.53037347  0.53641255  0.53758455
   0.56005479  0.47547374  0.64592618
   0.62497189  0.55909567  0.94731569
   0.32054481  0.31425177  0.59354800
   0.52449972  0.48606364  0.86172016
   0.29556900  0.18819192  0.69793256
   0.50131378  0.49880970  0.74883831
   0.02894504  0.96070358  0.96208651
   0.06371124  0.02243322  0.85374627
   0.62497189  0.05909563  0.44731575
   0.32054481  0.81425177  0.09354801
   0.52449972  0.98606361  0.36172013
   0.29556900  0.68819192  0.19793252
   0.50131378  0.99880970  0.24883828
   0.02894504  0.46070361  0.46208651
   0.06371124  0.52243324  0.35374632
   0.33472915  0.16642720  0.50000041
   0.33472915  0.66642726  1.00000044
   0.83585014  0.83076267  0.49999780
   0.83585014  0.33076273 -0.00000220
   0.28172148  0.24142829  0.34479673
   0.28172148  0.74142829  0.84479676
   0.28175553  0.24117911  0.65519086
   0.28175553  0.74117911  0.15519086
