   0.25598542  0.23582305  0.10783369
   0.23244157  0.28887591  0.21961790
   0.25598542  0.73582305  0.60783371
   0.23244157  0.78887594  0.71961786
   0.74991976  0.75885415  0.89253097
   0.72912948  0.73776625  0.78028253
   0.74991976  0.25885415  0.39253100
   0.72912948  0.23776627  0.28028247
   0.74992740  0.75872937  0.10746544
   0.72911246  0.73791774  0.21972283
   0.74992740  0.25872940  0.60746547
   0.72911246  0.23791772  0.71972286
   0.25594114  0.23596211  0.89216928
   0.23241532  0.28875015  0.78038659
   0.25594114  0.73596214  0.39216931
   0.23241532  0.78875012  0.28038662
   0.26279915  0.24172855 -0.00000154
   0.26279915  0.74172855  0.49999846
   0.76306261  0.75696166  1.00000205
   0.76306261  0.25696166  0.50000199
   0.78474605  0.75456572  0.34661269
   0.78474605  0.25456572  0.84661269
   0.78477823  0.75430148  0.65339543
   0.78477823  0.25430149  0.15339545
   0.80703422  0.75370784  0.45066029
   0.80703422  0.25370784  0.95066026
   0.30660890  0.24387703  0.54913727
   0.30660890  0.74387702  0.04913725
   0.30660201  0.24400816  0.45086612
   0.30660201  0.74400816  0.95086612
   0.80704861  0.75358066  0.54933571
   0.80704861  0.25358066  0.04933571
   0.62478576  0.55886694  0.05267856
   0.32051667  0.31448901  0.40644498
   0.52446121  0.48562371  0.13827424
   0.29559086  0.18811455  0.30206763
   0.50136362  0.49879800  0.25116755
   0.02881618  0.96060097  0.03791228
   0.06412159  0.02247621  0.14628186
   0.62478576  0.05886695  0.55267854
   0.32051667  0.81448901  0.90644498
   0.52446121  0.98562374  0.63827422
   0.29559086  0.68811452  0.80206763
   0.50136362  0.99879803  0.75116758
   0.02881618  0.46060100  0.53791227
   0.06412159  0.52247626  0.64628189
   0.12478674  0.43719932  0.94720247
   0.81493904  0.68698102  0.59438633
   0.02486977  0.51345163  0.86156040
   0.78501696  0.79921352  0.69613877
  -0.00571546  0.50940876  0.74918538
   0.53022972  0.03652962  0.96241081
   0.56035778  0.97548989  0.85404748
   0.12478674  0.93719935  0.44720244
   0.81493904  0.18698102  0.09438634
   0.02486977  0.01345165  0.36156040
   0.78501696  0.29921352  0.19613877
  -0.00571546  0.00940879  0.24918539
   0.53022972  0.53652964  0.46241078
   0.56035778  0.47548995  0.35404751
   0.12480352  0.43703430  0.05279420
   0.81490265  0.68718323  0.40561086
   0.02491494  0.51318299  0.13843403
   0.78501769  0.79940464  0.30386687
  -0.00569231  0.50942557  0.25081690
   0.53024961  0.03641177  0.03758698
   0.56043354  0.97519611  0.14594752
   0.12480352  0.93703427  0.55279424
   0.81490265  0.18718324  0.90561088
   0.02491494  0.01318297  0.63843400
   0.78501769  0.29940467  0.80386684
  -0.00569231  0.00942557  0.75081690
   0.53024961  0.53641178  0.53758696
   0.56043354  0.47519611  0.64594754
   0.62478064  0.55902461  0.94731933
   0.32051928  0.31428178  0.59355422
   0.52446441  0.48591019  0.86172926
   0.29560396  0.18813516  0.69793144
   0.50137771  0.49878496  0.74883855
   0.02882255  0.96072018  0.96208539
   0.06410034  0.02273265  0.85372310
   0.62478064  0.05902457  0.44731939
   0.32051928  0.81428178  0.09355424
   0.52446441  0.98591016  0.36172923
   0.29560396  0.68813516  0.19793140
   0.50137771  0.99878496  0.24883852
   0.02882255  0.46072021  0.46208539
   0.06410034  0.52273267  0.35372316
   0.33461500  0.16646468  0.49999995
   0.33461500  0.66646474  0.99999998
   0.83573641  0.83074566  0.49999736
   0.83573641  0.33074572 -0.00000264
   0.28181377  0.24148048  0.34480166
   0.28181377  0.74148048  0.84480169
   0.28184321  0.24122790  0.65518629
   0.28184321  0.74122790  0.15518629
