   0.25602461  0.23571141  0.10784175
   0.23238611  0.28889519  0.21961835
   0.25602461  0.73571141  0.60784176
   0.23238611  0.78889522  0.71961830
   0.74995271  0.75895132  0.89252450
   0.72906983  0.73779654  0.78028351
   0.74995271  0.25895132  0.39252453
   0.72906983  0.23779655  0.28028345
   0.74996104  0.75883007  0.10747208
   0.72905372  0.73795106  0.21972297
   0.74996104  0.25883010  0.60747210
   0.72905372  0.23795105  0.71972300
   0.25598309  0.23585111  0.89216145
   0.23235930  0.28876834  0.78038729
   0.25598309  0.73585114  0.39216148
   0.23235930  0.78876831  0.28038732
   0.26291341  0.24167990 -0.00000186
   0.26291341  0.74167990  0.49999814
   0.76317881  0.75699352  1.00000175
   0.76317881  0.25699352  0.50000169
   0.78467028  0.75459868  0.34661052
   0.78467028  0.25459868  0.84661052
   0.78470121  0.75433624  0.65339826
   0.78470121  0.25433625  0.15339828
   0.80713173  0.75371474  0.45065972
   0.80713173  0.25371474  0.95065969
   0.30670987  0.24385912  0.54913798
   0.30670987  0.74385910  0.04913797
   0.30670151  0.24398980  0.45086504
   0.30670151  0.74398980  0.95086504
   0.80714429  0.75358673  0.54933607
   0.80714429  0.25358673  0.04933607
   0.62495325  0.55893521  0.05268196
   0.32054013  0.31446097  0.40645017
   0.52448987  0.48576230  0.13828327
   0.29556094  0.18816008  0.30206320
   0.50130610  0.49881963  0.25116804
   0.02892374  0.96058751  0.03791147
   0.06377780  0.02221161  0.14626230
   0.62495325  0.05893522  0.55268194
   0.32054013  0.81446097  0.90645017
   0.52448987  0.98576233  0.63828326
   0.29556094  0.68816006  0.80206320
   0.50130610  0.99881966  0.75116807
   0.02892374  0.46058754  0.53791146
   0.06377780  0.52221167  0.64626233
   0.12494949  0.43712399  0.94719838
   0.81492216  0.68700233  0.59438260
   0.02491010  0.51330791  0.86155124
   0.78498321  0.79916679  0.69613917
  -0.00577680  0.50943820  0.74918507
   0.53033640  0.03652714  0.96241297
   0.56002560  0.97572560  0.85406528
   0.12494949  0.93712402  0.44719835
   0.81492216  0.18700233  0.09438261
   0.02491010  0.01330794  0.36155124
   0.78498321  0.29916679  0.19613917
  -0.00577680  0.00943823  0.24918508
   0.53033640  0.53652716  0.46241294
   0.56002560  0.47572566  0.35406531
   0.12496695  0.43695796  0.05279826
   0.81488841  0.68720309  0.40561473
   0.02495626  0.51303955  0.13844376
   0.78498291  0.79935838  0.30386435
  -0.00575318  0.50945342  0.25081711
   0.53035714  0.03640992  0.03758486
   0.56009907  0.97543493  0.14592972
   0.12496695  0.93695793  0.55279830
   0.81488841  0.18720311  0.90561476
   0.02495626  0.01303952  0.63844373
   0.78498291  0.29935841  0.80386432
  -0.00575318  0.00945343  0.75081711
   0.53035714  0.53640993  0.53758483
   0.56009907  0.47543493  0.64592975
   0.62494645  0.55909220  0.94731581
   0.32054178  0.31425453  0.59354953
   0.52449307  0.48604889  0.86172085
   0.29557202  0.18818205  0.69793519
   0.50132118  0.49880576  0.74883806
   0.02892969  0.96070705  0.96208627
   0.06376035  0.02247101  0.85374275
   0.62494645  0.05909215  0.44731587
   0.32054178  0.81425453  0.09354955
   0.52449307  0.98604886  0.36172082
   0.29557202  0.68818205  0.19793514
   0.50132118  0.99880576  0.24883803
   0.02892969  0.46070708  0.46208627
   0.06376035  0.52247104  0.35374281
   0.33471575  0.16643075  0.50000030
   0.33471575  0.66643081  1.00000033
   0.83583711  0.83076079  0.49999762
   0.83583711  0.33076085 -0.00000238
   0.28175060  0.24144598  0.34480003
   0.28175060  0.74144598  0.84480006
   0.28179062  0.24120049  0.65518621
   0.28179062  0.74120049  0.15518621
