   0.25549799  0.24643519  0.10715054
   0.23796795  0.28457942  0.21962469
   0.25549799  0.74643519  0.60715056
   0.23796795  0.78457945  0.71962465
   0.74988419  0.75107852  0.89298280
   0.73496053  0.73405880  0.78031383
   0.74988419  0.25107852  0.39298283
   0.73496053  0.23405882  0.28031377
   0.75023000  0.75008834  0.10703886
   0.73428758  0.73403738  0.21962400
   0.75023000  0.25008837  0.60703888
   0.73428758  0.23403736  0.71962403
   0.25591683  0.24739677  0.89279421
   0.23764536  0.28464221  0.78038256
   0.25591683  0.74739680  0.39279424
   0.23764536  0.78464218  0.28038259
   0.24992124  0.24647194  0.00008277
   0.24992124  0.74647194  0.50008277
   0.74992740  0.75464519  0.99992892
   0.74992740  0.25464519  0.49992886
   0.79414659  0.75100737  0.34656185
   0.79414659  0.25100737  0.84656185
   0.79408451  0.75006363  0.65344303
   0.79408451  0.25006365  0.15344305
   0.79595485  0.75215103  0.45027568
   0.79595485  0.25215103  0.95027565
   0.29547701  0.24785060  0.54962168
   0.29547701  0.74785059  0.04962167
   0.29539325  0.24793453  0.45041636
   0.29539325  0.74793453  0.95041636
   0.79585521  0.75208143  0.54973841
   0.79585521  0.25208143  0.04973841
   0.60749276  0.55363534  0.05268163
   0.31787782  0.31756597  0.40566567
   0.52586284  0.47529547  0.13786184
   0.29736884  0.18424396  0.30216236
   0.50582578  0.49598442  0.25122819
   0.01697146  0.96243684  0.03816136
   0.09537537  0.04518389  0.14826120
   0.60749276  0.05363535  0.55268161
   0.31787782  0.81756597  0.90566567
   0.52586284  0.97529550  0.63786183
   0.29736884  0.68424393  0.80216236
   0.50582578  0.99598445  0.75122822
   0.01697146  0.46243687  0.53816135
   0.09537537  0.54518394  0.64826123
   0.10762552  0.44452137  0.94727468
   0.81447628  0.68498106  0.59507000
   0.02528407  0.52405882  0.86211244
   0.78879177  0.80171532  0.69613231
  -0.00103274  0.50568430  0.74904213
   0.51823360  0.03720429  0.96210902
   0.59190594  0.95483340  0.85191976
   0.10762552  0.94452140  0.44727465
   0.81447628  0.18498106  0.09507002
   0.02528407  0.02405884  0.36211244
   0.78879177  0.30171532  0.19613231
  -0.00103274  0.00568433  0.24904215
   0.51823360  0.53720432  0.46210899
   0.59190594  0.45483346  0.35191979
   0.10774983  0.44430821  0.05266565
   0.81350711  0.68560160  0.40491133
   0.02528798  0.52322213  0.13791290
   0.78945752  0.80218888  0.30395625
  -0.00099807  0.50571324  0.25092074
   0.51793668  0.03745159  0.03801262
   0.59216798  0.95369664  0.14806943
   0.10774983  0.94430818  0.55266569
   0.81350711  0.18560161  0.90491136
   0.02528798  0.02322211  0.63791287
   0.78945752  0.30218891  0.80395622
  -0.00099807  0.00571324  0.75092074
   0.51793668  0.53745160  0.53801260
   0.59216798  0.45369664  0.64806946
   0.60765832  0.55394225  0.94742874
   0.31703547  0.31693946  0.59436162
   0.52582132  0.47631302  0.86207676
   0.29849209  0.18396751  0.69780242
   0.50582950  0.49599228  0.74877408
   0.01668154  0.96219369  0.96176593
   0.09530862  0.04603292  0.85174095
   0.60765832  0.05394221  0.44742880
   0.31703547  0.81693946  0.09436163
   0.52582132  0.97631299  0.36207673
   0.29849209  0.68396751  0.19780237
   0.50582950  0.99599228  0.24877405
   0.01668154  0.46219372  0.46176593
   0.09530862  0.54603295  0.35174100
   0.32358729  0.16982314  0.50001419
   0.32358729  0.66982320  1.00001422
   0.82433894  0.82988384  0.49999919
   0.82433894  0.32988390 -0.00000081
   0.29037924  0.24583946  0.34473144
   0.29037924  0.74583946  0.84473147
   0.29054853  0.24502318  0.65519287
   0.29054853  0.74502318  0.15519287
