   0.25512235  0.23881023  0.10758645
   0.23425299  0.28819246  0.21959796
   0.25512235  0.73881023  0.60758647
   0.23425299  0.78819249  0.71959792
   0.74918804  0.75639098  0.89271532
   0.73102883  0.73707264  0.78028961
   0.74918804  0.25639098  0.39271535
   0.73102883  0.23707266  0.28028955
   0.74921108  0.75619566  0.10727822
   0.73096443  0.73720738  0.21971003
   0.74921108  0.25619569  0.60727824
   0.73096443  0.23720736  0.71971006
   0.25508304  0.23899296  0.89241436
   0.23421089  0.28808714  0.78040643
   0.25508304  0.73899299  0.39241439
   0.23421089  0.78808711  0.28040646
   0.25965454  0.24291184 -0.00000146
   0.25965454  0.74291184  0.49999854
   0.75984830  0.75631861  1.00000088
   0.75984830  0.25631861  0.50000082
   0.78685280  0.75349863  0.34662831
   0.78685280  0.25349863  0.84662831
   0.78689766  0.75318769  0.65338470
   0.78689766  0.25318770  0.15338472
   0.80422584  0.75322583  0.45060324
   0.80422584  0.25322583  0.95060321
   0.30376441  0.24487103  0.54921407
   0.30376441  0.74487101  0.04921406
   0.30376557  0.24501855  0.45079076
   0.30376557  0.74501855  0.95079076
   0.80422914  0.75307154  0.54939445
   0.80422914  0.25307154  0.04939445
   0.62039223  0.55738635  0.05260756
   0.31986361  0.31518032  0.40629889
   0.52391494  0.48229886  0.13809144
   0.29620895  0.18694625  0.30213336
   0.50285865  0.49824112  0.25116140
   0.02594126  0.96104345  0.03795063
   0.07279113  0.02909147  0.14679390
   0.62039223  0.05738636  0.55260754
   0.31986361  0.81518032  0.90629889
   0.52391494  0.98229889  0.63809142
   0.29620895  0.68694622  0.80213336
   0.50285865  0.99824115  0.75116143
   0.02594126  0.46104348  0.53795062
   0.07279113  0.52909153  0.64679393
   0.12049501  0.43904742  0.94728157
   0.81502159  0.68646450  0.59451404
   0.02405697  0.51680999  0.86177109
   0.78590859  0.80009011  0.69608246
  -0.00422362  0.50868694  0.74917308
   0.52732563  0.03659865  0.96235817
   0.56889588  0.96932345  0.85353429
   0.12049501  0.93904745  0.44728154
   0.81502159  0.18646450  0.09451405
   0.02405697  0.01681001  0.36177109
   0.78590859  0.30009011  0.19608246
  -0.00422362  0.00868697  0.24917309
   0.52732563  0.53659868  0.46235814
   0.56889588  0.46932351  0.35353432
   0.12049055  0.43888085  0.05271906
   0.81496039  0.68671145  0.40548580
   0.02411645  0.51651764  0.13822188
   0.78594510  0.80028572  0.30391340
  -0.00419944  0.50869827  0.25082343
   0.52734366  0.03646423  0.03764679
   0.56903553  0.96893061  0.14646071
   0.12049055  0.93888082  0.55271910
   0.81496039  0.18671146  0.90548583
   0.02411645  0.01651762  0.63822185
   0.78594510  0.30028575  0.80391337
  -0.00419944  0.00869827  0.75082343
   0.52734366  0.53646424  0.53764677
   0.56903553  0.46893061  0.64646074
   0.62041074  0.55758808  0.94739677
   0.31985100  0.31492524  0.59370396
   0.52390928  0.48264790  0.86190619
   0.29631124  0.18694403  0.69786025
   0.50287421  0.49823034  0.74884155
   0.02594470  0.96117814  0.96205309
   0.07269870  0.02936149  0.85321560
   0.62041074  0.05758804  0.44739683
   0.31985100  0.81492524  0.09370398
   0.52390928  0.98264787  0.36190616
   0.29631124  0.68694403  0.19786021
   0.50287421  0.99823034  0.24884152
   0.02594470  0.46117817  0.46205309
   0.07269870  0.52936151  0.35321566
   0.33192103  0.16734691  0.50000407
   0.33192103  0.66734697  1.00000410
   0.83306579  0.83041149  0.50000162
   0.83306579  0.33041155  0.00000162
   0.28375407  0.24244899  0.34482698
   0.28375407  0.74244899  0.84482701
   0.28381597  0.24216640  0.65515355
   0.28381597  0.74216640  0.15515355
