   0.25554165  0.23722013  0.10771902
   0.23324913  0.28856564  0.21960730
   0.25554165  0.73722013  0.60771904
   0.23324913  0.78856567  0.71960726
   0.74953551  0.75769388  0.89261839
   0.72997805  0.73744401  0.78028651
   0.74953551  0.25769388  0.39261842
   0.72997805  0.23744402  0.28028645
   0.74954902  0.75754265  0.10737583
   0.72994454  0.73758791  0.21971582
   0.74954902  0.25754267  0.60737585
   0.72994454  0.23758789  0.71971585
   0.25550010  0.23736621  0.89228226
   0.23321859  0.28844516  0.78039622
   0.25550010  0.73736624  0.39228229
   0.23321859  0.78844513  0.28039625
   0.26136987  0.24225363 -0.00000167
   0.26136987  0.74225363  0.49999833
   0.76159840  0.75665910  1.00000151
   0.76159840  0.25665910  0.50000145
   0.78569489  0.75409333  0.34661202
   0.78569489  0.25409333  0.84661202
   0.78573764  0.75381530  0.65339816
   0.78573764  0.25381531  0.15339818
   0.80576794  0.75346856  0.45063426
   0.80576794  0.25346856  0.95063423
   0.30531903  0.24432721  0.54917351
   0.30531903  0.74432719  0.04917350
   0.30531716  0.24446200  0.45083007
   0.30531716  0.74446200  0.95083007
   0.80577746  0.75333192  0.54936221
   0.80577746  0.25333192  0.04936220
   0.62276946  0.55816296  0.05264536
   0.32022992  0.31479965  0.40638313
   0.52414173  0.48403980  0.13818565
   0.29590480  0.18755366  0.30210011
   0.50202960  0.49854216  0.25116441
   0.02750281  0.96078545  0.03792773
   0.06820136  0.02563184  0.14652550
   0.62276946  0.05816296  0.55264533
   0.32022992  0.81479965  0.90638313
   0.52414173  0.98403983  0.63818564
   0.29590480  0.68755363  0.80210011
   0.50202960  0.99854219  0.75116444
   0.02750281  0.46078548  0.53792772
   0.06820136  0.52563189  0.64652553
   0.12282799  0.43803432  0.94724143
   0.81506110  0.68674353  0.59444227
   0.02441547  0.51509594  0.86166039
   0.78540535  0.79965773  0.69610614
  -0.00504611  0.50908985  0.74918043
   0.52891280  0.03654748  0.96238638
   0.56434668  0.97259716  0.85381499
   0.12282799  0.93803435  0.44724140
   0.81506110  0.18674353  0.09444228
   0.02441547  0.01509596  0.36166039
   0.78540535  0.29965773  0.19610614
  -0.00504611  0.00908988  0.24918045
   0.52891280  0.53654751  0.46238635
   0.56434668  0.47259722  0.35381502
   0.12283292  0.43787119  0.05275702
   0.81501258  0.68696446  0.40555619
   0.02446345  0.51482486  0.13833285
   0.78541087  0.79983898  0.30389732
  -0.00502153  0.50910476  0.25081922
   0.52892986  0.03642415  0.03761434
   0.56446304  0.97226311  0.14618121
   0.12283292  0.93787116  0.55275706
   0.81501258  0.18696448  0.90555622
   0.02446345  0.01482484  0.63833282
   0.78541087  0.29983901  0.80389729
  -0.00502153  0.00910477  0.75081922
   0.52892986  0.53642416  0.53761432
   0.56446304  0.47226311  0.64618124
   0.62277644  0.55833645  0.94735542
   0.32022650  0.31457688  0.59361892
   0.52413825  0.48435344  0.86181573
   0.29594845  0.18755999  0.69789543
   0.50204332  0.49852726  0.74884016
   0.02751026  0.96090800  0.96207239
   0.06814035  0.02587649  0.85348231
   0.62277644  0.05833640  0.44735548
   0.32022650  0.81457688  0.09361894
   0.52413825  0.98435341  0.36181570
   0.29594845  0.68755999  0.19789539
   0.50204332  0.99852726  0.24884013
   0.02751026  0.46090803  0.46207239
   0.06814035  0.52587651  0.35348237
   0.33340343  0.16685429  0.50000140
   0.33340343  0.66685435  1.00000143
   0.83453299  0.83057930  0.49999887
   0.83453299  0.33057936 -0.00000113
   0.28266912  0.24191952  0.34481334
   0.28266912  0.74191952  0.84481337
   0.28271743  0.24165853  0.65517247
   0.28271743  0.74165853  0.15517247
