   0.25475395  0.24419436  0.10720907
   0.23749855  0.28602878  0.21958982
   0.25475395  0.74419436  0.60720909
   0.23749855  0.78602881  0.71958978
   0.74896721  0.75243064  0.89297699
   0.73445065  0.73532738  0.78030241
   0.74896721  0.25243064  0.39297702
   0.73445065  0.23532739  0.28030235
   0.74916529  0.75179536  0.10701859
   0.73404444  0.73538727  0.21966303
   0.74916529  0.25179539  0.60701861
   0.73404444  0.23538726  0.71966306
   0.25482706  0.24483140  0.89278324
   0.23730205  0.28600790  0.78041344
   0.25482706  0.74483143  0.39278327
   0.23730205  0.78600787  0.28041347
   0.25310905  0.24545221  0.00001042
   0.25310905  0.74545221  0.50001042
   0.75319965  0.75528009  1.00000104
   0.75319965  0.25528009  0.50000098
   0.79155908  0.75158399  0.34662745
   0.79155908  0.25158399  0.84662745
   0.79154196  0.75093982  0.65338477
   0.79154196  0.25093984  0.15338478
   0.79844669  0.75257573  0.45043410
   0.79844669  0.25257573  0.95043407
   0.29798881  0.24693015  0.54943055
   0.29798881  0.74693014  0.04943054
   0.29800228  0.24717403  0.45058737
   0.29800228  0.74717403  0.95058737
   0.79844848  0.75232427  0.54957242
   0.79844848  0.25232427  0.04957241
   0.61139417  0.55465480  0.05254066
   0.31852938  0.31689066  0.40596532
   0.52455111  0.47707052  0.13786677
   0.29733494  0.18516225  0.30218986
   0.50554942  0.49679505  0.25117627
   0.01992163  0.96210958  0.03806443
   0.08830218  0.04032898  0.14772643
   0.61139417  0.05465481  0.55254064
   0.31852938  0.81689066  0.90596532
   0.52455111  0.97707055  0.63786676
   0.29733494  0.68516222  0.80218986
   0.50554942  0.99679508  0.75117630
   0.01992163  0.46210961  0.53806442
   0.08830218  0.54032903  0.64772646
   0.11159060  0.44299515  0.94736844
   0.81445471  0.68544511  0.59481855
   0.02420107  0.52206280  0.86206474
   0.78795520  0.80071510  0.69604180
  -0.00142047  0.50677678  0.74911635
   0.52124625  0.03697419  0.96223924
   0.58472850  0.95880061  0.85250047
   0.11159060  0.94299518  0.44736841
   0.81445471  0.18544511  0.09481856
   0.02420107  0.02206282  0.36206474
   0.78795520  0.30071510  0.19604180
  -0.00142047  0.00677681  0.24911637
   0.52124625  0.53697422  0.46223921
   0.58472850  0.45880067  0.35250050
   0.11155310  0.44276658  0.05263197
   0.81407919  0.68595346  0.40518545
   0.02423750  0.52145341  0.13794745
   0.78841282  0.80117761  0.30395798
  -0.00139464  0.50678517  0.25085992
   0.52121003  0.03680821  0.03779835
   0.58485556  0.95811285  0.14747137
   0.11155310  0.94276655  0.55263201
   0.81407919  0.18595348  0.90518548
   0.02423750  0.02145339  0.63794742
   0.78841282  0.30117763  0.80395795
  -0.00139464  0.00678518  0.75085992
   0.52121003  0.53680822  0.53779832
   0.58485556  0.45811285  0.64747140
   0.61145763  0.55497631  0.94749133
   0.31823035  0.31635517  0.59405700
   0.52448663  0.47773963  0.86210497
   0.29802940  0.18499494  0.69778350
   0.50556545  0.49680187  0.74882380
   0.01988295  0.96225211  0.96193411
   0.08824476  0.04091621  0.85230086
   0.61145763  0.05497626  0.44749139
   0.31823035  0.81635517  0.09405702
   0.52448663  0.97773960  0.36210494
   0.29802940  0.68499494  0.19778345
   0.50556545  0.99680187  0.24882377
   0.01988295  0.46225214  0.46193411
   0.08824476  0.54091623  0.35230091
   0.32610869  0.16925920  0.50000897
   0.32610869  0.66925926  1.00000900
   0.82721270  0.82996244  0.50000536
   0.82721270  0.32996250  0.00000536
   0.28802531  0.24461886  0.34481187
   0.28802531  0.74461886  0.84481190
   0.28815839  0.24402081  0.65514164
   0.28815839  0.74402081  0.15514164
