   0.25611440  0.23540989  0.10786497
   0.23221113  0.28896533  0.21961894
   0.25611440  0.73540989  0.60786499
   0.23221113  0.78896536  0.71961890
   0.75003330  0.75920645  0.89250563
   0.72889403  0.73786415  0.78028407
   0.75003330  0.25920645  0.39250565
   0.72889403  0.23786417  0.28028401
   0.75004118  0.75909200  0.10749090
   0.72888297  0.73802040  0.21972336
   0.75004118  0.25909203  0.60749092
   0.72888297  0.23802038  0.71972339
   0.25607411  0.23554838  0.89213795
   0.23218794  0.28883615  0.78038735
   0.25607411  0.73554841  0.39213798
   0.23218794  0.78883612  0.28038738
   0.26322869  0.24157056 -0.00000217
   0.26322869  0.74157056  0.49999783
   0.76350284  0.75706289  1.00000126
   0.76350284  0.25706289  0.50000120
   0.78445834  0.75469856  0.34661542
   0.78445834  0.25469856  0.84661542
   0.78448580  0.75444361  0.65339618
   0.78448580  0.25444363  0.15339619
   0.80741470  0.75377962  0.45066890
   0.80741470  0.25377962  0.95066887
   0.30699829  0.24375438  0.54912494
   0.30699829  0.74375437  0.04912493
   0.30698984  0.24388434  0.45087724
   0.30698984  0.74388434  0.95087724
   0.80742631  0.75365290  0.54932599
   0.80742631  0.25365290  0.04932598
   0.62536285  0.55907396  0.05268852
   0.32060398  0.31441365  0.40645955
   0.52455673  0.48609551  0.13830339
   0.29549319  0.18827038  0.30205117
   0.50118090  0.49887624  0.25116883
   0.02919644  0.96055266  0.03790876
   0.06292851  0.02154687  0.14621330
   0.62536285  0.05907396  0.55268850
   0.32060398  0.81441365  0.90645955
   0.52455673  0.98609554  0.63830338
   0.29549319  0.68827035  0.80205117
   0.50118090  0.99887627  0.75116886
   0.02919644  0.46055269  0.53790876
   0.06292851  0.52154692  0.64621333
   0.12534618  0.43696793  0.94719046
   0.81488177  0.68704271  0.59437385
   0.02501363  0.51295815  0.86152796
   0.78491373  0.79908168  0.69615199
  -0.00589853  0.50950077  0.74918541
   0.53060815  0.03653020  0.96241914
   0.55920529  0.97631319  0.85410780
   0.12534618  0.93696796  0.44719043
   0.81488177  0.18704271  0.09437387
   0.02501363  0.01295818  0.36152796
   0.78491373  0.29908168  0.19615199
  -0.00589853  0.00950080  0.24918542
   0.53060815  0.53653022  0.46241911
   0.55920529  0.47631325  0.35410783
   0.12536479  0.43680148  0.05280656
   0.81485196  0.68723969  0.40562285
   0.02506121  0.51268714  0.13846679
   0.78490866  0.79926941  0.30385051
  -0.00587517  0.50951534  0.25081714
   0.53062948  0.03641379  0.03757909
   0.55926479  0.97602964  0.14588602
   0.12536479  0.93680145  0.55280660
   0.81485196  0.18723971  0.90562288
   0.02506121  0.01268712  0.63846676
   0.78490866  0.29926944  0.80385048
  -0.00587517  0.00951535  0.75081714
   0.53062948  0.53641379  0.53757906
   0.55926479  0.47602964  0.64588605
   0.62535452  0.55922925  0.94730946
   0.32060510  0.31420737  0.59354035
   0.52456179  0.48637358  0.86170041
   0.29549906  0.18829414  0.69794628
   0.50119528  0.49886045  0.74883773
   0.02920208  0.96067156  0.96208945
   0.06292185  0.02181517  0.85378994
   0.62535452  0.05922921  0.44730952
   0.32060510  0.81420737  0.09354037
   0.52456179  0.98637355  0.36170038
   0.29549906  0.68829414  0.19794624
   0.50119528  0.99886045  0.24883770
   0.02920208  0.46067159  0.46208945
   0.06292185  0.52181519  0.35379000
   0.33496187  0.16635575  0.50000067
   0.33496187  0.66635581  1.00000070
   0.83608422  0.83079886  0.49999802
   0.83608422  0.33079892 -0.00000198
   0.28152231  0.24133650  0.34479917
   0.28152231  0.74133650  0.84479920
   0.28154922  0.24108720  0.65518841
   0.28154922  0.74108720  0.15518841
