   0.25467769  0.24350216  0.10724522
   0.23720019  0.28640408  0.21958557
   0.25467769  0.74350216  0.60724524
   0.23720019  0.78640411  0.71958552
   0.74889943  0.75291239  0.89295298
   0.73413336  0.73560440  0.78029940
   0.74889943  0.25291239  0.39295301
   0.73413336  0.23560441  0.28029934
   0.74905185  0.75237099  0.10704088
   0.73378486  0.73567350  0.21967073
   0.74905185  0.25237102  0.60704090
   0.73378486  0.23567349  0.71967076
   0.25471042  0.24404365  0.89275105
   0.23702587  0.28637318  0.78041697
   0.25471042  0.74404368  0.39275108
   0.23702587  0.78637315  0.28041700
   0.25400322  0.24509839  0.00000877
   0.25400322  0.74509839  0.50000877
   0.75410544  0.75542415  1.00000025
   0.75410544  0.25542415  0.50000019
   0.79083293  0.75182981  0.34662803
   0.79083293  0.25182981  0.84662803
   0.79083034  0.75125430  0.65338254
   0.79083034  0.25125432  0.15338256
   0.79924814  0.75266958  0.45046698
   0.79924814  0.25266958  0.95046695
   0.29878785  0.24663870  0.54939044
   0.29878785  0.74663868  0.04939043
   0.29880153  0.24687402  0.45062426
   0.29880153  0.74687402  0.95062426
   0.79924455  0.75242874  0.54953865
   0.79924455  0.25242874  0.04953864
   0.61261420  0.55501230  0.05253893
   0.31868530  0.31664381  0.40601791
   0.52432679  0.47768645  0.13788282
   0.29721911  0.18535326  0.30219670
   0.50530593  0.49701113  0.25117025
   0.02075560  0.96197040  0.03804475
   0.08622157  0.03887581  0.14758988
   0.61261420  0.05501230  0.55253891
   0.31868530  0.81664381  0.90601791
   0.52432679  0.97768648  0.63788280
   0.29721911  0.68535323  0.80219670
   0.50530593  0.99701116  0.75117028
   0.02075560  0.46197043  0.53804474
   0.08622157  0.53887586  0.64758991
   0.11279156  0.44248287  0.94736252
   0.81449532  0.68558283  0.59476742
   0.02404277  0.52139850  0.86203867
   0.78767882  0.80067725  0.69603520
  -0.00168595  0.50706751  0.74912720
   0.52208473  0.03692526  0.96225870
   0.58260978  0.96010857  0.85264779
   0.11279156  0.94248290  0.44736249
   0.81449532  0.18558283  0.09476743
   0.02404277  0.02139852  0.36203867
   0.78767882  0.30067725  0.19603520
  -0.00168595  0.00706754  0.24912721
   0.52208473  0.53692528  0.46225867
   0.58260978  0.46010863  0.35264782
   0.11276584  0.44224535  0.05263845
   0.81422247  0.68604621  0.40523641
   0.02409021  0.52084990  0.13796992
   0.78806526  0.80107930  0.30396534
  -0.00166116  0.50707297  0.25085110
   0.52205923  0.03674920  0.03776987
   0.58274758  0.95947142  0.14733004
   0.11276584  0.94224532  0.55263849
   0.81422247  0.18604623  0.90523644
   0.02409021  0.02084987  0.63796989
   0.78806526  0.30107933  0.80396531
  -0.00166116  0.00707298  0.75085110
   0.52205923  0.53674921  0.53776985
   0.58274758  0.45947142  0.64733007
   0.61267322  0.55532326  0.94748553
   0.31847383  0.31615278  0.59399992
   0.52427695  0.47829225  0.86209582
   0.29780670  0.18522553  0.69778232
   0.50532093  0.49701875  0.74882940
   0.02073643  0.96213142  0.96195676
   0.08614974  0.03940040  0.85243482
   0.61267322  0.05532322  0.44748559
   0.31847383  0.81615278  0.09399994
   0.52427695  0.97829222  0.36209579
   0.29780670  0.68522553  0.19778228
   0.50532093  0.99701875  0.24882937
   0.02073643  0.46213145  0.46195676
   0.08614974  0.53940042  0.35243487
   0.32690019  0.16900285  0.50000732
   0.32690019  0.66900291  1.00000735
   0.82802419  0.83002731  0.50000441
   0.82802419  0.33002737  0.00000441
   0.28737324  0.24427353  0.34482442
   0.28737324  0.74427353  0.84482445
   0.28749163  0.24373941  0.65513661
   0.28749163  0.74373941  0.15513661
