   0.25510762  0.23889707  0.10758278
   0.23431424  0.28816746  0.21959700
   0.25510762  0.73889707  0.60758279
   0.23431424  0.78816749  0.71959695
   0.74916661  0.75631539  0.89271709
   0.73109868  0.73705272  0.78028769
   0.74916661  0.25631539  0.39271712
   0.73109868  0.23705273  0.28028763
   0.74919339  0.75611955  0.10727694
   0.73102824  0.73718617  0.21970907
   0.74919339  0.25611958  0.60727696
   0.73102824  0.23718615  0.71970910
   0.25506815  0.23908649  0.89241859
   0.23426726  0.28805787  0.78040471
   0.25506815  0.73908652  0.39241862
   0.23426726  0.78805784  0.28040474
   0.25955903  0.24294494  0.00000185
   0.25955903  0.74294494  0.50000185
   0.75975341  0.75630397  1.00000412
   0.75975341  0.25630397  0.50000406
   0.78691591  0.75348201  0.34661098
   0.78691591  0.25348201  0.84661098
   0.78696087  0.75314615  0.65338342
   0.78696087  0.25314617  0.15338344
   0.80413379  0.75321568  0.45059858
   0.80413379  0.25321568  0.95059855
   0.30367995  0.24490228  0.54923152
   0.30367995  0.74490226  0.04923151
   0.30367468  0.24505529  0.45078315
   0.30367468  0.74505529  0.95078315
   0.80414161  0.75306644  0.54940845
   0.80414161  0.25306644  0.04940845
   0.62025251  0.55733842  0.05260015
   0.31984235  0.31519407  0.40630185
   0.52391682  0.48218896  0.13808548
   0.29622367  0.18692519  0.30214332
   0.50290626  0.49822356  0.25116311
   0.02583973  0.96106779  0.03794777
   0.07303823  0.02929932  0.14680815
   0.62025251  0.05733843  0.55260013
   0.31984235  0.81519407  0.90630185
   0.52391682  0.98218899  0.63808547
   0.29622367  0.68692516  0.80214332
   0.50290626  0.99822359  0.75116314
   0.02583973  0.46106782  0.53794776
   0.07303823  0.52929938  0.64680818
   0.12034843  0.43911293  0.94728555
   0.81501353  0.68646390  0.59450765
   0.02404727  0.51691457  0.86178234
   0.78593967  0.80011012  0.69607840
  -0.00417140  0.50866399  0.74917428
   0.52723838  0.03660039  0.96235602
   0.56915518  0.96911358  0.85352234
   0.12034843  0.93911296  0.44728552
   0.81501353  0.18646390  0.09450767
   0.02404727  0.01691459  0.36178234
   0.78593967  0.30011012  0.19607840
  -0.00417140  0.00866402  0.24917429
   0.52723838  0.53660041  0.46235599
   0.56915518  0.46911364  0.35352237
   0.12034507  0.43893743  0.05271170
   0.81495321  0.68670682  0.40548750
   0.02408790  0.51659899  0.13821496
   0.78598145  0.80029662  0.30393019
  -0.00414710  0.50867568  0.25082553
   0.52724637  0.03646542  0.03764451
   0.56931174  0.96875475  0.14647602
   0.12034507  0.93893740  0.55271174
   0.81495321  0.18670683  0.90548753
   0.02408790  0.01659896  0.63821493
   0.78598145  0.30029665  0.80393016
  -0.00414710  0.00867568  0.75082553
   0.52724637  0.53646543  0.53764448
   0.56931174  0.46875475  0.64647605
   0.62026640  0.55753733  0.94740086
   0.31982718  0.31493005  0.59369474
   0.52388998  0.48255982  0.86191613
   0.29633108  0.18691129  0.69785979
   0.50291985  0.49821406  0.74884325
   0.02585648  0.96120068  0.96205139
   0.07297923  0.02955890  0.85320489
   0.62026640  0.05753728  0.44740092
   0.31982718  0.81493005  0.09369475
   0.52388998  0.98255979  0.36191610
   0.29633108  0.68691129  0.19785975
   0.50291985  0.99821406  0.24884322
   0.02585648  0.46120071  0.46205139
   0.07297923  0.52955892  0.35320494
   0.33183484  0.16737859  0.49999933
   0.33183484  0.66737865  0.99999935
   0.83298181  0.83040093  0.49999742
   0.83298181  0.33040099 -0.00000258
   0.28380950  0.24246436  0.34481728
   0.28380950  0.74246436  0.84481731
   0.28387064  0.24219184  0.65515212
   0.28387064  0.74219184  0.15515212
