   0.25484377  0.24474974  0.10718014
   0.23770074  0.28570684  0.21959703
   0.25484377  0.74474974  0.60718016
   0.23770074  0.78570687  0.71959699
   0.74902271  0.75205639  0.89299758
   0.73467470  0.73508944  0.78030346
   0.74902271  0.25205639  0.39299761
   0.73467470  0.23508946  0.28030340
   0.74926658  0.75132517  0.10700175
   0.73421958  0.73514492  0.21965948
   0.74926658  0.25132520  0.60700177
   0.73421958  0.23514490  0.71965951
   0.25497184  0.24546646  0.89280847
   0.23748760  0.28568974  0.78040889
   0.25497184  0.74546649  0.39280850
   0.23748760  0.78568971  0.28040892
   0.25238794  0.24574158  0.00001016
   0.25238794  0.74574158  0.50001016
   0.75247321  0.75515849  1.00000443
   0.75247321  0.25515849  0.50000437
   0.79215650  0.75141075  0.34661578
   0.79215650  0.25141075  0.84661578
   0.79212004  0.75070110  0.65339476
   0.79212004  0.25070111  0.15339478
   0.79783468  0.75251264  0.45041296
   0.79783468  0.25251264  0.95041293
   0.29737171  0.24715248  0.54945874
   0.29737171  0.74715246  0.04945873
   0.29739261  0.24739293  0.45056354
   0.29739261  0.74739293  0.95056354
   0.79784426  0.75225231  0.54959580
   0.79784426  0.25225231  0.04959580
   0.61035901  0.55433652  0.05254624
   0.31841525  0.31710823  0.40591689
   0.52474276  0.47656330  0.13785630
   0.29742876  0.18500598  0.30218095
   0.50571212  0.49659690  0.25118283
   0.01920812  0.96220313  0.03808240
   0.09009987  0.04158826  0.14784496
   0.61035901  0.05433652  0.55254621
   0.31841525  0.81710823  0.90591689
   0.52474276  0.97656333  0.63785629
   0.29742876  0.68500595  0.80218095
   0.50571212  0.99659692  0.75118286
   0.01920812  0.46220316  0.53808239
   0.09009987  0.54158832  0.64784499
   0.11057320  0.44344212  0.94737192
   0.81445946  0.68533003  0.59486886
   0.02434542  0.52262899  0.86208508
   0.78819184  0.80076254  0.69604598
  -0.00123680  0.50651203  0.74910518
   0.52052537  0.03703346  0.96222092
   0.58655055  0.95768032  0.85237237
   0.11057320  0.94344215  0.44737189
   0.81445946  0.18533003  0.09486887
   0.02434542  0.02262901  0.36208508
   0.78819184  0.30076254  0.19604598
  -0.00123680  0.00651206  0.24910519
   0.52052537  0.53703349  0.46222089
   0.58655055  0.45768038  0.35237240
   0.11052193  0.44323296  0.05262729
   0.81394855  0.68588537  0.40513506
   0.02436722  0.52196985  0.13793101
   0.78871198  0.80129081  0.30394968
  -0.00120979  0.50652360  0.25087116
   0.52047533  0.03688874  0.03782614
   0.58665703  0.95694487  0.14759295
   0.11052193  0.94323293  0.55262734
   0.81394855  0.18588539  0.90513509
   0.02436722  0.02196982  0.63793098
   0.78871198  0.30129083  0.80394965
  -0.00120979  0.00652361  0.75087116
   0.52047533  0.53688875  0.53782611
   0.58665703  0.45694487  0.64759298
   0.61042106  0.55465463  0.94749411
   0.31801833  0.31654338  0.59411132
   0.52467292  0.47728954  0.86210789
   0.29821871  0.18480372  0.69778383
   0.50573116  0.49659984  0.74881791
   0.01914588  0.96231617  0.96191132
   0.09006424  0.04223761  0.85218392
   0.61042106  0.05465459  0.44749417
   0.31801833  0.81654338  0.09411133
   0.52467292  0.97728951  0.36210786
   0.29821871  0.68480372  0.19778378
   0.50573116  0.99659984  0.24881788
   0.01914588  0.46231620  0.46191132
   0.09006424  0.54223763  0.35218398
   0.32541856  0.16947481  0.50001116
   0.32541856  0.66947487  1.00001119
   0.82649115  0.82990565  0.50000651
   0.82649115  0.32990571  0.00000651
   0.28852975  0.24486940  0.34479451
   0.28852975  0.74486940  0.84479454
   0.28867228  0.24422606  0.65515026
   0.28867228  0.74422606  0.15515026
