   0.25565307  0.23683295  0.10775033
   0.23301450  0.28865974  0.21960987
   0.25565307  0.73683295  0.60775035
   0.23301450  0.78865977  0.71960982
   0.74963405  0.75801218  0.89259487
   0.72972866  0.73752927  0.78028616
   0.74963405  0.25801218  0.39259490
   0.72972866  0.23752928  0.28028610
   0.74964686  0.75786970  0.10739990
   0.72970111  0.73767614  0.21971717
   0.74964686  0.25786973  0.60739992
   0.72970111  0.23767613  0.71971720
   0.25561070  0.23697491  0.89225134
   0.23298827  0.28853734  0.78039417
   0.25561070  0.73697494  0.39225137
   0.23298827  0.78853731  0.28039420
   0.26177587  0.24211015 -0.00000165
   0.26177587  0.74211015  0.49999835
   0.76201262  0.75673666  1.00000172
   0.76201262  0.25673666  0.50000166
   0.78542339  0.75422329  0.34661674
   0.78542339  0.25422329  0.84661674
   0.78546526  0.75395048  0.65339212
   0.78546526  0.25395049  0.15339214
   0.80613237  0.75352918  0.45064338
   0.80613237  0.25352918  0.95064335
   0.30568690  0.24419995  0.54915930
   0.30568690  0.74419993  0.04915929
   0.30568392  0.24433320  0.45084456
   0.30568392  0.74433320  0.95084456
   0.80614234  0.75339578  0.54935327
   0.80614234  0.25339578  0.04935326
   0.62333637  0.55835341  0.05265572
   0.32031021  0.31471777  0.40639580
   0.52420347  0.48447224  0.13821072
   0.29581912  0.18770559  0.30209022
   0.50184277  0.49861309  0.25116550
   0.02787331  0.96072769  0.03792359
   0.06710541  0.02478004  0.14646255
   0.62333637  0.05835342  0.55265570
   0.32031021  0.81471777  0.90639580
   0.52420347  0.98447227  0.63821071
   0.29581912  0.68770556  0.80209022
   0.50184277  0.99861312  0.75116553
   0.02787331  0.46072772  0.53792358
   0.06710541  0.52478009  0.64646258
   0.12338209  0.43780072  0.94723026
   0.81504156  0.68680563  0.59442871
   0.02452186  0.51466457  0.86163189
   0.78529064  0.79954628  0.69611900
  -0.00523720  0.50918084  0.74918173
   0.52928495  0.03654418  0.96239292
   0.56324614  0.97336916  0.85387732
   0.12338209  0.93780075  0.44723023
   0.81504156  0.18680563  0.09442872
   0.02452186  0.01466460  0.36163189
   0.78529064  0.29954628  0.19611900
  -0.00523720  0.00918087  0.24918174
   0.52928495  0.53654421  0.46239289
   0.56324614  0.47336922  0.35387735
   0.12338868  0.43763888  0.05276803
   0.81499552  0.68701835  0.40556963
   0.02457110  0.51439707  0.13836162
   0.78528974  0.79972616  0.30388378
  -0.00521281  0.50919598  0.25081881
   0.52930303  0.03642267  0.03760750
   0.56335442  0.97304616  0.14611846
   0.12338868  0.93763885  0.55276807
   0.81499552  0.18701837  0.90556966
   0.02457110  0.01439704  0.63836159
   0.78528974  0.29972619  0.80388375
  -0.00521281  0.00919598  0.75081881
   0.52930303  0.53642267  0.53760747
   0.56335442  0.47304616  0.64611849
   0.62334121  0.55852372  0.94734459
   0.32030849  0.31449937  0.59360575
   0.52420102  0.48477783  0.86179118
   0.29585379  0.18771607  0.69790578
   0.50185698  0.49859792  0.74883947
   0.02788077  0.96084872  0.96207636
   0.06705260  0.02502656  0.85354447
   0.62334121  0.05852368  0.44734465
   0.32030849  0.81449937  0.09360577
   0.52420102  0.98477780  0.36179115
   0.29585379  0.68771607  0.19790573
   0.50185698  0.99859792  0.24883944
   0.02788077  0.46084875  0.46207636
   0.06705260  0.52502658  0.35354453
   0.33374345  0.16674267  0.50000127
   0.33374345  0.66674273  1.00000130
   0.83487038  0.83062435  0.49999873
   0.83487038  0.33062441 -0.00000127
   0.28241853  0.24179967  0.34481386
   0.28241853  0.74179967  0.84481389
   0.28246221  0.24154554  0.65517144
   0.28246221  0.74154554  0.15517144
