   0.24878105  0.24880808  0.10362642
   0.23680959  0.27379753  0.22049335
   0.24878105  0.74880808  0.60362643
   0.23680959  0.77379756  0.72049330
   0.75046707  0.75370075  0.89354591
   0.71887725  0.72918601  0.78187939
   0.75046707  0.25370075  0.39354594
   0.71887725  0.22918602  0.28187933
   0.74921338  0.75163233  0.10374349
   0.74642471  0.73086322  0.22037023
   0.74921338  0.25163236  0.60374351
   0.74642471  0.23086320  0.72037026
   0.24784774  0.24536005  0.89360197
   0.23312756  0.28108911  0.78158808
   0.24784774  0.74536008  0.39360200
   0.23312756  0.78108908  0.28158811
   0.24806680  0.24237910 -0.00280985
   0.24806680  0.74237910  0.49719015
   0.75337616  0.75503526  0.99724452
   0.75337616  0.25503526  0.49724446
   0.79272738  0.75140704  0.34762781
   0.79272738  0.25140704  0.84762781
   0.79237961  0.74989457  0.65236982
   0.79237961  0.24989458  0.15236984
   0.29283604  0.24889897  0.54921673
   0.29186409  0.24922505  0.65244397
   0.29186409  0.74922505  0.15244397
   0.29283604  0.74889895  0.04921672
   0.29963106  0.24529002  0.45036664
   0.29963106  0.74529002  0.95036664
   0.79182069  0.75167138  0.54890448
   0.79182069  0.25167138  0.04890447
   0.59199389  0.54166642  0.05550830
   0.31738100  0.31493788  0.40512655
   0.52270924  0.47292508  0.13715888
   0.30774504  0.18326049  0.30228486
   0.50249908  0.49705804  0.25088572
   0.01987511  0.96663633  0.03961591
   0.10182775  0.05364345  0.14889019
   0.59199389  0.04166643  0.55550827
   0.31738100  0.81493788  0.90512655
   0.52270924  0.97292511  0.63715886
   0.30774504  0.68326046  0.80228486
   0.50249908  0.99705806  0.75088575
   0.01987511  0.46663636  0.53961590
   0.10182775  0.55364350  0.64889022
   0.11577993  0.44058717  0.94833276
   0.82093402  0.67796741  0.59621053
   0.02599209  0.52598187  0.86211852
   0.78856681  0.80650992  0.69534662
   0.00054496  0.50430400  0.74908727
   0.52193393  0.03403841  0.96243652
   0.59452460  0.95304698  0.85122128
   0.11577993  0.94058720  0.44833273
   0.82093402  0.17796741  0.09621055
   0.02599209  0.02598190  0.36211852
   0.78856681  0.30650992  0.19534662
   0.00054496  0.00430403  0.24908728
   0.52193393  0.53403844  0.46243649
   0.59452460  0.45304704  0.35122131
   0.09193406  0.45946690  0.05558867
   0.82390998  0.68418328  0.40372164
   0.02287581  0.52626779  0.13687593
   0.79172976  0.80977660  0.30405706
   0.00086693  0.50687380  0.25112934
   0.51870789  0.03385399  0.03977696
   0.60179930  0.94543952  0.14906591
   0.09193406  0.95946687  0.55558871
   0.82390998  0.18418329  0.90372167
   0.02287581  0.02626776  0.63687590
   0.79172976  0.30977663  0.80405703
   0.00086693  0.00687380  0.75112934
   0.51870789  0.53385400  0.53977694
   0.60179930  0.44543952  0.64906594
   0.61615456  0.56119021  0.94849117
   0.32014806  0.32123296  0.59626687
   0.52595515  0.47673472  0.86230181
   0.27891644  0.19137879  0.69532241
   0.50341819  0.49400653  0.74856027
   0.02320185  0.96260006  0.96223983
   0.09781756  0.04797843  0.85073717
   0.61615456  0.06119017  0.44849123
   0.32014806  0.82123296  0.09626688
   0.52595515  0.97673469  0.36230178
   0.27891644  0.69137879  0.19532237
   0.50341819  0.99400653  0.24856024
   0.02320185  0.46260009  0.46223983
   0.09781756  0.54797845  0.35073723
   0.32414304  0.16895546  0.50095789
   0.32414304  0.66895552  1.00095792
   0.82586098  0.83091204  0.50106494
   0.82586098  0.33091210  0.00106494
   0.29132234  0.24642530  0.34578469
   0.29132234  0.74642530  0.84578472
   0.79468016  0.75192152  0.44962053
   0.79468016  0.25192152  0.94962050
