   0.24909441  0.24841661  0.10373476
   0.23797604  0.27321998  0.22067215
   0.24909441  0.74841661  0.60373478
   0.23797604  0.77322001  0.72067210
   0.75025285  0.75293166  0.89353889
   0.72041492  0.72917810  0.78197516
   0.75025285  0.25293166  0.39353892
   0.72041492  0.22917812  0.28197510
   0.74974957  0.75167021  0.10384734
   0.74670465  0.73068684  0.22048537
   0.74974957  0.25167024  0.60384737
   0.74670465  0.23068683  0.72048540
   0.24801261  0.24651894  0.89360526
   0.23384806  0.28085565  0.78174999
   0.24801261  0.74651897  0.39360529
   0.23384806  0.78085562  0.28175002
   0.24670030  0.24299956 -0.00285831
   0.24670030  0.74299956  0.49714169
   0.75204420  0.75462283  0.99717563
   0.75204420  0.25462283  0.49717557
   0.79339616  0.75093166  0.34759250
   0.79339616  0.25093166  0.84759250
   0.79297222  0.74998895  0.65254061
   0.79297222  0.24998897  0.15254063
   0.29246072  0.24899898  0.54921546
   0.29266445  0.24902702  0.65260377
   0.29266445  0.74902702  0.15260377
   0.29246072  0.74899897  0.04921545
   0.29804602  0.24586210  0.45021860
   0.29804602  0.74586210  0.95021860
   0.79143621  0.75170145  0.54891134
   0.79143621  0.25170145  0.04891134
   0.59353015  0.54361930  0.05538638
   0.31686817  0.31534755  0.40493511
   0.52346416  0.47309036  0.13724522
   0.30723170  0.18343807  0.30225821
   0.50333832  0.49695292  0.25103796
   0.01787772  0.96513839  0.03964016
   0.10217936  0.05331282  0.14900091
   0.59353015  0.04361931  0.55538636
   0.31686817  0.81534755  0.90493511
   0.52346416  0.97309039  0.63724521
   0.30723170  0.68343804  0.80225821
   0.50333832  0.99695294  0.75103799
   0.01787772  0.46513842  0.53964015
   0.10217936  0.55331287  0.64900094
   0.11310078  0.44176131  0.94824457
   0.82118386  0.67846622  0.59623722
   0.02579144  0.52688318  0.86210233
   0.78837483  0.80590006  0.69549330
   0.00129966  0.50398745  0.74916559
   0.52022630  0.03427046  0.96227790
   0.59718725  0.95110788  0.85094565
   0.11310078  0.94176134  0.44824454
   0.82118386  0.17846622  0.09623724
   0.02579144  0.02688320  0.36210233
   0.78837483  0.30590006  0.19549330
   0.00129966  0.00398748  0.24916561
   0.52022630  0.53427048  0.46227787
   0.59718725  0.45110794  0.35094568
   0.09353349  0.45763016  0.05545907
   0.82337748  0.68380509  0.40351731
   0.02351101  0.52615542  0.13705940
   0.79241187  0.80950536  0.30402850
   0.00158242  0.50641323  0.25125093
   0.51664204  0.03559484  0.03983155
   0.60214122  0.94571791  0.14908929
   0.09353349  0.95763013  0.55545911
   0.82337748  0.18380511  0.90351734
   0.02351101  0.02615540  0.63705937
   0.79241187  0.30950539  0.80402847
   0.00158242  0.00641323  0.75125093
   0.51664204  0.53559485  0.53983152
   0.60214122  0.44571791  0.64908932
   0.61358156  0.56028395  0.94841135
   0.32003130  0.32077321  0.59628761
   0.52576919  0.47584328  0.86221605
   0.28127314  0.19166795  0.69547833
   0.50417417  0.49395192  0.74866487
   0.02143847  0.96281537  0.96207434
   0.10045740  0.05017776  0.85052774
   0.61358156  0.06028390  0.44841141
   0.32003130  0.82077321  0.09628763
   0.52576919  0.97584325  0.36221602
   0.28127314  0.69166795  0.19547829
   0.50417417  0.99395192  0.24866484
   0.02143847  0.46281540  0.46207434
   0.10045740  0.55017779  0.35052780
   0.32299188  0.16938666  0.50089783
   0.32299188  0.66938672  1.00089786
   0.82472617  0.83081335  0.50103674
   0.82472617  0.33081341  0.00103674
   0.29174498  0.24697653  0.34573242
   0.29174498  0.74697653  0.84573245
   0.79318481  0.75160131  0.44945752
   0.79318481  0.25160131  0.94945749
