   0.24906400  0.24845283  0.10372370
   0.23790099  0.27326711  0.22065719
   0.24906400  0.74845283  0.60372372
   0.23790099  0.77326714  0.72065714
   0.75026654  0.75298259  0.89354210
   0.72030197  0.72917593  0.78197137
   0.75026654  0.25298259  0.39354213
   0.72030197  0.22917595  0.28197131
   0.74970183  0.75166554  0.10383620
   0.74670615  0.73070218  0.22047612
   0.74970183  0.25166557  0.60383622
   0.74670615  0.23070217  0.72047615
   0.24799497  0.24642789  0.89360767
   0.23381049  0.28086614  0.78173929
   0.24799497  0.74642792  0.39360770
   0.23381049  0.78086611  0.28173932
   0.24680719  0.24294798 -0.00285479
   0.24680719  0.74294798  0.49714521
   0.75214859  0.75465940  0.99718154
   0.75214859  0.25465940  0.49718148
   0.79334198  0.75096494  0.34759751
   0.79334198  0.25096494  0.84759751
   0.79291584  0.74999039  0.65253006
   0.79291584  0.24999041  0.15253007
   0.29248474  0.24899150  0.54921296
   0.29258830  0.24903231  0.65259650
   0.29258830  0.74903231  0.15259650
   0.29248474  0.74899148  0.04921295
   0.29816937  0.24581793  0.45023085
   0.29816937  0.74581793  0.95023085
   0.79146329  0.75169782  0.54890849
   0.79146329  0.25169782  0.04890848
   0.59339999  0.54346507  0.05539430
   0.31690429  0.31531792  0.40494905
   0.52339442  0.47307996  0.13723627
   0.30730228  0.18342100  0.30226027
   0.50328614  0.49696230  0.25102729
   0.01803617  0.96526397  0.03963578
   0.10214060  0.05333539  0.14898972
   0.59339999  0.04346508  0.55539428
   0.31690429  0.81531792  0.90494905
   0.52339442  0.97307999  0.63723626
   0.30730228  0.68342098  0.80226027
   0.50328614  0.99696233  0.75102732
   0.01803617  0.46526400  0.53963577
   0.10214060  0.55333544  0.64898975
   0.11329787  0.44166355  0.94825183
   0.82115865  0.67842437  0.59623480
   0.02580717  0.52682580  0.86210439
   0.78839429  0.80594058  0.69547893
   0.00125293  0.50401314  0.74916127
   0.52036745  0.03425955  0.96229077
   0.59697434  0.95124660  0.85096823
   0.11329787  0.94166358  0.44825180
   0.82115865  0.17842437  0.09623481
   0.02580717  0.02682582  0.36210439
   0.78839429  0.30594058  0.19547893
   0.00125293  0.00401317  0.24916129
   0.52036745  0.53425958  0.46229074
   0.59697434  0.45124666  0.35096826
   0.09339805  0.45777787  0.05546843
   0.82341990  0.68383378  0.40353481
   0.02345237  0.52616527  0.13704230
   0.79235152  0.80952880  0.30402926
   0.00154215  0.50645147  0.25124295
   0.51680617  0.03544926  0.03982452
   0.60209985  0.94569928  0.14908479
   0.09339805  0.95777784  0.55546847
   0.82341990  0.18383379  0.90353484
   0.02345237  0.02616524  0.63704227
   0.79235152  0.30952883  0.80402923
   0.00154215  0.00645147  0.75124295
   0.51680617  0.53544926  0.53982449
   0.60209985  0.44569928  0.64908482
   0.61378685  0.56034686  0.94841817
   0.32003617  0.32081192  0.59628595
   0.52577034  0.47591500  0.86222521
   0.28107918  0.19165204  0.69546076
   0.50412814  0.49395449  0.74865783
   0.02157033  0.96281031  0.96208844
   0.10026055  0.05000255  0.85054440
   0.61378685  0.06034681  0.44841823
   0.32003617  0.82081192  0.09628596
   0.52577034  0.97591497  0.36222518
   0.28107918  0.69165204  0.19546072
   0.50412814  0.99395449  0.24865780
   0.02157033  0.46281034  0.46208844
   0.10026055  0.55000257  0.35054446
   0.32308183  0.16935246  0.50090221
   0.32308183  0.66935252  1.00090224
   0.82481578  0.83082276  0.50103652
   0.82481578  0.33082282  0.00103652
   0.29170849  0.24693392  0.34574103
   0.29170849  0.74693392  0.84574106
   0.79330920  0.75163012  0.44947270
   0.79330920  0.25163012  0.94947267
