   0.24874184  0.24892777  0.10360025
   0.23637684  0.27398168  0.22043377
   0.24874184  0.74892777  0.60360026
   0.23637684  0.77398171  0.72043372
   0.75051198  0.75395141  0.89353653
   0.71840830  0.72921637  0.78183942
   0.75051198  0.25395141  0.39353656
   0.71840830  0.22921638  0.28183936
   0.74911841  0.75158538  0.10371993
   0.74619881  0.73089107  0.22032594
   0.74911841  0.25158541  0.60371995
   0.74619881  0.23089105  0.72032597
   0.24780541  0.24505145  0.89359050
   0.23280360  0.28118216  0.78154012
   0.24780541  0.74505148  0.39359053
   0.23280360  0.78118213  0.28154015
   0.24841365  0.24220414 -0.00279644
   0.24841365  0.74220414  0.49720356
   0.75376023  0.75514376  0.99726320
   0.75376023  0.25514376  0.49726314
   0.79254578  0.75157474  0.34762599
   0.79254578  0.25157474  0.84762599
   0.79226346  0.74987478  0.65234401
   0.79226346  0.24987479  0.15234402
   0.29298257  0.24887544  0.54922396
   0.29169508  0.24926224  0.65241985
   0.29169508  0.74926224  0.15241985
   0.29298257  0.74887543  0.04922395
   0.30006662  0.24511863  0.45040410
   0.30006662  0.74511863  0.95040410
   0.79196116  0.75165238  0.54890898
   0.79196116  0.25165238  0.04890898
   0.59156303  0.54109235  0.05555623
   0.31756221  0.31482136  0.40518052
   0.52255909  0.47286616  0.13713900
   0.30774514  0.18322660  0.30228425
   0.50218426  0.49708364  0.25084141
   0.02046667  0.96706060  0.03961898
   0.10180924  0.05375670  0.14887115
   0.59156303  0.04109236  0.55555621
   0.31756221  0.81482136  0.90518052
   0.52255909  0.97286619  0.63713899
   0.30774514  0.68322657  0.80228425
   0.50218426  0.99708367  0.75084144
   0.02046667  0.46706063  0.53961898
   0.10180924  0.55375676  0.64887118
   0.11653823  0.44022570  0.94835979
   0.82093840  0.67781396  0.59621647
   0.02606637  0.52571396  0.86211716
   0.78861794  0.80667764  0.69529480
   0.00023986  0.50439193  0.74905673
   0.52241389  0.03396215  0.96248251
   0.59374311  0.95364334  0.85129223
   0.11653823  0.94022573  0.44835976
   0.82093840  0.17781396  0.09621649
   0.02606637  0.02571398  0.36211716
   0.78861794  0.30667764  0.19529480
   0.00023986  0.00439196  0.24905674
   0.52241389  0.53396217  0.46248248
   0.59374311  0.45364340  0.35129226
   0.09149204  0.45999031  0.05563623
   0.82405640  0.68430042  0.40377241
   0.02275798  0.52629677  0.13683192
   0.79158327  0.80982938  0.30405905
   0.00056933  0.50699102  0.25109268
   0.51931720  0.03335152  0.03977255
   0.60179130  0.94532457  0.14906995
   0.09149204  0.95999028  0.55563628
   0.82405640  0.18430044  0.90377244
   0.02275798  0.02629674  0.63683189
   0.79158327  0.30982941  0.80405902
   0.00056933  0.00699102  0.75109268
   0.51931720  0.53335153  0.53977253
   0.60179130  0.44532457  0.64906998
   0.61689345  0.56146174  0.94851526
   0.32024659  0.32136818  0.59627404
   0.52602213  0.47701218  0.86231124
   0.27835873  0.19129929  0.69527033
   0.50312363  0.49402276  0.74852460
   0.02368734  0.96253647  0.96228450
   0.09703562  0.04734042  0.85079431
   0.61689345  0.06146170  0.44851532
   0.32024659  0.82136818  0.09627405
   0.52602213  0.97701215  0.36231121
   0.27835873  0.69129929  0.19527028
   0.50312363  0.99402276  0.24852457
   0.02368734  0.46253650  0.46228450
   0.09703562  0.54734044  0.35079437
   0.32450117  0.16882501  0.50097957
   0.32450117  0.66882507  1.00097960
   0.82620895  0.83093893  0.50108010
   0.82620895  0.33093899  0.00108010
   0.29120761  0.24628263  0.34578371
   0.29120761  0.74628263  0.84578374
   0.79504575  0.75199873  0.44965612
   0.79504575  0.25199873  0.94965609
