   0.24873126  0.24903338  0.10358015
   0.23590646  0.27413857  0.22037718
   0.24873126  0.74903338  0.60358016
   0.23590646  0.77413860  0.72037714
   0.75053281  0.75421861  0.89352514
   0.71793980  0.72925738  0.78179446
   0.75053281  0.25421861  0.39352517
   0.71793980  0.22925739  0.28179440
   0.74906327  0.75152399  0.10370163
   0.74587344  0.73092873  0.22028243
   0.74906327  0.25152402  0.60370165
   0.74587344  0.23092871  0.72028246
   0.24777687  0.24475579  0.89357590
   0.23242220  0.28125306  0.78149009
   0.24777687  0.74475582  0.39357593
   0.23242220  0.78125303  0.28149012
   0.24883157  0.24203419 -0.00278212
   0.24883157  0.74203419  0.49721788
   0.75413999  0.75524458  0.99727847
   0.75413999  0.25524458  0.49727841
   0.79234183  0.75172676  0.34762443
   0.79234183  0.25172676  0.84762443
   0.79217873  0.74984415  0.65231809
   0.79217873  0.24984416  0.15231811
   0.29313501  0.24884591  0.54923244
   0.29156932  0.24930414  0.65239606
   0.29156932  0.74930414  0.15239606
   0.29313501  0.74884590  0.04923243
   0.30053815  0.24497284  0.45043812
   0.30053815  0.74497284  0.95043812
   0.79211705  0.75162804  0.54891595
   0.79211705  0.25162804  0.04891595
   0.59119321  0.54055846  0.05560240
   0.31773084  0.31471050  0.40523356
   0.52244296  0.47280418  0.13712190
   0.30765949  0.18322180  0.30227743
   0.50182899  0.49710728  0.25079505
   0.02100553  0.96742117  0.03962523
   0.10184647  0.05388465  0.14886017
   0.59119321  0.04055846  0.55560238
   0.31773084  0.81471050  0.90523356
   0.52244296  0.97280421  0.63712189
   0.30765949  0.68322177  0.80227743
   0.50182899  0.99710731  0.75079508
   0.02100553  0.46742120  0.53962522
   0.10184647  0.55388471  0.64886020
   0.11727626  0.43990177  0.94838673
   0.82095670  0.67767294  0.59622387
   0.02611135  0.52547313  0.86211280
   0.78865497  0.80681795  0.69524520
  -0.00011121  0.50448158  0.74902136
   0.52289757  0.03392027  0.96252569
   0.59296818  0.95419596  0.85135681
   0.11727626  0.93990180  0.44838670
   0.82095670  0.17767294  0.09622389
   0.02611135  0.02547316  0.36211280
   0.78865497  0.30681795  0.19524520
  -0.00011121  0.00448161  0.24902138
   0.52289757  0.53392030  0.46252566
   0.59296818  0.45419602  0.35135684
   0.09111197  0.46046575  0.05568218
   0.82418465  0.68442495  0.40382712
   0.02266772  0.52633047  0.13679674
   0.79146661  0.80988239  0.30405827
   0.00022621  0.50711005  0.25105288
   0.51986912  0.03291575  0.03977213
   0.60183589  0.94519116  0.14907677
   0.09111197  0.96046572  0.55568222
   0.82418465  0.18442497  0.90382715
   0.02266772  0.02633044  0.63679671
   0.79146661  0.30988242  0.80405824
   0.00022621  0.00711006  0.75105288
   0.51986912  0.53291576  0.53977210
   0.60183589  0.44519116  0.64907680
   0.61760121  0.56168726  0.94854053
   0.32034007  0.32148691  0.59628286
   0.52603601  0.47728196  0.86231422
   0.27791841  0.19124181  0.69522009
   0.50278431  0.49404098  0.74848613
   0.02416158  0.96246227  0.96232753
   0.09627867  0.04672181  0.85084843
   0.61760121  0.06168722  0.44854059
   0.32034007  0.82148691  0.09628287
   0.52603601  0.97728193  0.36231419
   0.27791841  0.69124181  0.19522005
   0.50278431  0.99404098  0.24848610
   0.02416158  0.46246230  0.46232753
   0.09627867  0.54672184  0.35084849
   0.32483174  0.16871029  0.50100355
   0.32483174  0.66871035  1.00100358
   0.82653615  0.83095198  0.50109679
   0.82653615  0.33095204  0.00109679
   0.29103577  0.24611548  0.34577630
   0.29103577  0.74611548  0.84577633
   0.79555454  0.75209676  0.44970075
   0.79555454  0.25209676  0.94970072
