   0.24876597  0.24886976  0.10361532
   0.23663574  0.27388376  0.22046550
   0.24876597  0.74886976  0.60361534
   0.23663574  0.77388379  0.72046546
   0.75048360  0.75380707  0.89354249
   0.71869359  0.72919949  0.78186522
   0.75048360  0.25380707  0.39354252
   0.71869359  0.22919950  0.28186516
   0.74917295  0.75160670  0.10373344
   0.74634173  0.73086555  0.22034944
   0.74917295  0.25160673  0.60373347
   0.74634173  0.23086554  0.72034947
   0.24783392  0.24522245  0.89359700
   0.23300585  0.28111937  0.78156985
   0.24783392  0.74522248  0.39359703
   0.23300585  0.78111934  0.28156988
   0.24822674  0.24229873 -0.00280488
   0.24822674  0.74229873  0.49719512
   0.75353004  0.75509053  0.99725049
   0.75353004  0.25509053  0.49725043
   0.79265935  0.75146740  0.34762583
   0.79265935  0.25146740  0.84762583
   0.79232611  0.74992163  0.65238632
   0.79232611  0.24992165  0.15238634
   0.29289058  0.24888919  0.54921738
   0.29178734  0.24920515  0.65245970
   0.29178734  0.74920515  0.15245970
   0.29289058  0.74888918  0.04921737
   0.29981131  0.24523790  0.45037421
   0.29981131  0.74523790  0.95037421
   0.79187709  0.75166551  0.54890399
   0.79187709  0.25166551  0.04890398
   0.59181923  0.54144511  0.05552664
   0.31745055  0.31488211  0.40515306
   0.52264245  0.47289863  0.13714775
   0.30774570  0.18325521  0.30228837
   0.50237314  0.49707196  0.25086852
   0.02010561  0.96680685  0.03961715
   0.10181027  0.05369039  0.14887800
   0.59181923  0.04144511  0.55552661
   0.31745055  0.81488211  0.90515306
   0.52264245  0.97289866  0.63714773
   0.30774570  0.68325518  0.80228837
   0.50237314  0.99707199  0.75086855
   0.02010561  0.46680688  0.53961714
   0.10181027  0.55369044  0.64887803
   0.11608921  0.44044012  0.94834654
   0.82092946  0.67790977  0.59621336
   0.02602308  0.52588078  0.86211862
   0.78858710  0.80653952  0.69530205
   0.00042114  0.50434153  0.74907608
   0.52213638  0.03401791  0.96245664
   0.59420217  0.95326848  0.85125094
   0.11608921  0.94044015  0.44834651
   0.82092946  0.17790977  0.09621338
   0.02602308  0.02588080  0.36211862
   0.78858710  0.30653952  0.19530205
   0.00042114  0.00434156  0.24907609
   0.52213638  0.53401793  0.46245661
   0.59420217  0.45326854  0.35125097
   0.09175401  0.45966628  0.05560688
   0.82397188  0.68423818  0.40374789
   0.02281886  0.52627986  0.13685488
   0.79166905  0.80979894  0.30405954
   0.00074845  0.50692098  0.25111560
   0.51894561  0.03365391  0.03977520
   0.60179012  0.94539794  0.14906316
   0.09175401  0.95966625  0.55560693
   0.82397188  0.18423819  0.90374792
   0.02281886  0.02627983  0.63685485
   0.79166905  0.30979897  0.80405951
   0.00074845  0.00692099  0.75111560
   0.51894561  0.53365392  0.53977517
   0.60179012  0.44539794  0.64906319
   0.61645350  0.56129448  0.94850370
   0.32018351  0.32128369  0.59626983
   0.52596708  0.47685346  0.86230658
   0.27869651  0.19138346  0.69527854
   0.50330245  0.49400834  0.74854700
   0.02339226  0.96257514  0.96225982
   0.09751363  0.04771844  0.85076057
   0.61645350  0.06129443  0.44850376
   0.32018351  0.82128369  0.09626984
   0.52596708  0.97685343  0.36230655
   0.27869651  0.69138346  0.19527850
   0.50330245  0.99400834  0.24854697
   0.02339226  0.46257517  0.46225982
   0.09751363  0.54771847  0.35076063
   0.32428334  0.16890409  0.50096827
   0.32428334  0.66890415  1.00096830
   0.82600096  0.83091893  0.50107240
   0.82600096  0.33091899  0.00107240
   0.29127262  0.24635438  0.34578166
   0.29127262  0.74635438  0.84578169
   0.79485846  0.75195075  0.44963337
   0.79485846  0.25195075  0.94963334
