   0.24934618  0.24821452  0.10379923
   0.23839772  0.27293447  0.22074855
   0.24934618  0.74821452  0.60379924
   0.23839772  0.77293450  0.72074850
   0.75022133  0.75263460  0.89351675
   0.72119498  0.72921501  0.78199205
   0.75022133  0.25263460  0.39351678
   0.72119498  0.22921502  0.28199199
   0.75012875  0.75167893  0.10391519
   0.74659245  0.73059131  0.22052471
   0.75012875  0.25167896  0.60391522
   0.74659245  0.23059129  0.72052474
   0.24820416  0.24708274  0.89358782
   0.23404565  0.28076569  0.78181924
   0.24820416  0.74708276  0.39358785
   0.23404565  0.78076566  0.28181927
   0.24604343  0.24330906 -0.00287858
   0.24604343  0.74330906  0.49712142
   0.75145046  0.75440798  0.99713635
   0.75145046  0.25440798  0.49713629
   0.79373449  0.75073510  0.34756549
   0.79373449  0.25073510  0.84756549
   0.79330901  0.75001894  0.65262761
   0.79330901  0.25001896  0.15262763
   0.29233149  0.24904411  0.54922543
   0.29310051  0.24893505  0.65269224
   0.29310051  0.74893505  0.15269224
   0.29233149  0.74904409  0.04922542
   0.29730664  0.24611162  0.45014459
   0.29730664  0.74611162  0.95014459
   0.79128694  0.75171408  0.54892630
   0.79128694  0.25171408  0.04892630
   0.59434532  0.54458225  0.05535067
   0.31666015  0.31553934  0.40483287
   0.52390120  0.47317772  0.13730114
   0.30666452  0.18350908  0.30222061
   0.50360969  0.49689448  0.25110720
   0.01690997  0.96436286  0.03966988
   0.10244194  0.05315857  0.14908198
   0.59434532  0.04458226  0.55535065
   0.31666015  0.81553934  0.90483287
   0.52390120  0.97317775  0.63730112
   0.30666452  0.68350905  0.80222061
   0.50360969  0.99689451  0.75110723
   0.01690997  0.46436289  0.53966987
   0.10244194  0.55315862  0.64908201
   0.11183777  0.44226085  0.94819568
   0.82135601  0.67871556  0.59627268
   0.02577898  0.52727516  0.86208899
   0.78825496  0.80569676  0.69557631
   0.00149913  0.50381936  0.74918703
   0.51939941  0.03438499  0.96220205
   0.59838933  0.95025302  0.85080000
   0.11183777  0.94226088  0.44819565
   0.82135601  0.17871556  0.09627269
   0.02577898  0.02727519  0.36208899
   0.78825496  0.30569676  0.19557631
   0.00149913  0.00381939  0.24918705
   0.51939941  0.53438502  0.46220202
   0.59838933  0.45025308  0.35080003
   0.09439978  0.45670226  0.05540838
   0.82309793  0.68362556  0.40340716
   0.02390612  0.52608225  0.13716516
   0.79281073  0.80942384  0.30399739
   0.00174810  0.50617456  0.25130621
   0.51561993  0.03649483  0.03987836
   0.60240032  0.94580439  0.14913189
   0.09439978  0.95670223  0.55540842
   0.82309793  0.18362558  0.90340719
   0.02390612  0.02608223  0.63716513
   0.79281073  0.30942387  0.80399736
   0.00174810  0.00617456  0.75130621
   0.51561993  0.53649484  0.53987833
   0.60240032  0.44580439  0.64913192
   0.61241317  0.55986512  0.94836674
   0.32000546  0.32055118  0.59632139
   0.52571366  0.47549677  0.86215475
   0.28248345  0.19176425  0.69556337
   0.50439632  0.49394215  0.74870255
   0.02055448  0.96288207  0.96198543
   0.10168191  0.05116517  0.85042167
   0.61241317  0.05986508  0.44836680
   0.32000546  0.82055118  0.09632140
   0.52571366  0.97549674  0.36215472
   0.28248345  0.69176425  0.19556332
   0.50439632  0.99394215  0.24870252
   0.02055448  0.46288210  0.46198543
   0.10168191  0.55116519  0.35042173
   0.32246237  0.16956543  0.50087695
   0.32246237  0.66956549  1.00087698
   0.82416888  0.83075120  0.50102779
   0.82416888  0.33075126  0.00102779
   0.29194246  0.24725296  0.34568681
   0.29194246  0.74725296  0.84568684
   0.79245206  0.75143261  0.44936789
   0.79245206  0.25143261  0.94936786
