   0.24872838  0.24898275  0.10358996
   0.23614590  0.27406098  0.22040619
   0.24872838  0.74898275  0.60358997
   0.23614590  0.77406101  0.72040615
   0.75052169  0.75408933  0.89353162
   0.71817756  0.72923582  0.78181928
   0.75052169  0.25408933  0.39353165
   0.71817756  0.22923583  0.28181922
   0.74908263  0.75155588  0.10371082
   0.74604481  0.73091133  0.22030578
   0.74908263  0.25155591  0.60371085
   0.74604481  0.23091131  0.72030581
   0.24779858  0.24489843  0.89358308
   0.23262438  0.28121770  0.78151686
   0.24779858  0.74489846  0.39358311
   0.23262438  0.78121767  0.28151689
   0.24864315  0.24211348 -0.00278918
   0.24864315  0.74211348  0.49721082
   0.75393766  0.75520072  0.99726959
   0.75393766  0.25520072  0.49726953
   0.79243417  0.75164549  0.34762495
   0.79243417  0.25164549  0.84762495
   0.79221234  0.74985860  0.65232855
   0.79221234  0.24985862  0.15232856
   0.29305374  0.24885883  0.54922748
   0.29162337  0.24928742  0.65240508
   0.29162337  0.74928742  0.15240508
   0.29305374  0.74885881  0.04922747
   0.30033370  0.24505065  0.45042028
   0.30033370  0.74505065  0.95042028
   0.79203852  0.75163954  0.54891284
   0.79203852  0.25163954  0.04891284
   0.59138069  0.54083338  0.05557908
   0.31763342  0.31476636  0.40520615
   0.52249779  0.47284177  0.13712970
   0.30771040  0.18322258  0.30228143
   0.50202040  0.49709801  0.25081902
   0.02072294  0.96723568  0.03962201
   0.10181394  0.05381399  0.14886358
   0.59138069  0.04083338  0.55557905
   0.31763342  0.81476636  0.90520615
   0.52249779  0.97284180  0.63712969
   0.30771040  0.68322256  0.80228143
   0.50202040  0.99709804  0.75081905
   0.02072294  0.46723571  0.53962200
   0.10181394  0.55381404  0.64886361
   0.11689127  0.44007837  0.94837333
   0.82094189  0.67774902  0.59621944
   0.02608658  0.52560484  0.86211484
   0.78863791  0.80675162  0.69527086
   0.00007806  0.50443670  0.74903998
   0.52264964  0.03395760  0.96250399
   0.59336220  0.95389406  0.85132248
   0.11689127  0.94007840  0.44837330
   0.82094189  0.17774902  0.09621945
   0.02608658  0.02560486  0.36211484
   0.78863791  0.30675162  0.19527086
   0.00007806  0.00443673  0.24904000
   0.52264964  0.53395763  0.46250396
   0.59336220  0.45389412  0.35132251
   0.09130301  0.46022215  0.05565886
   0.82411959  0.68436345  0.40380120
   0.02271020  0.52630933  0.13681353
   0.79152038  0.80985212  0.30405871
   0.00041165  0.50704608  0.25107395
   0.51957957  0.03314056  0.03977234
   0.60179962  0.94526599  0.14907150
   0.09130301  0.96022212  0.55565890
   0.82411959  0.18436347  0.90380123
   0.02271020  0.02630930  0.63681350
   0.79152038  0.30985215  0.80405868
   0.00041165  0.00704609  0.75107395
   0.51957957  0.53314057  0.53977232
   0.60179962  0.44526599  0.64907152
   0.61723253  0.56155664  0.94852803
   0.32028697  0.32142381  0.59627727
   0.52601681  0.47714743  0.86231298
   0.27813824  0.19126670  0.69524668
   0.50296832  0.49402919  0.74850619
   0.02390670  0.96249526  0.96230558
   0.09668464  0.04704390  0.85081894
   0.61723253  0.06155659  0.44852809
   0.32028697  0.82142381  0.09627728
   0.52601681  0.97714740  0.36231295
   0.27813824  0.69126670  0.19524664
   0.50296832  0.99402919  0.24850616
   0.02390670  0.46249529  0.46230558
   0.09668464  0.54704392  0.35081900
   0.32464979  0.16876613  0.50099193
   0.32464979  0.66876619  1.00099196
   0.82635918  0.83094583  0.50108872
   0.82635918  0.33094589  0.00108872
   0.29109353  0.24617177  0.34578027
   0.29109353  0.74617177  0.84578029
   0.79539124  0.75206258  0.44968418
   0.79539124  0.25206258  0.94968415
