   0.24875309  0.24886439  0.10361563
   0.23663208  0.27388222  0.22046869
   0.24875309  0.74886439  0.60361565
   0.23663208  0.77388225  0.72046865
   0.75047975  0.75380379  0.89354197
   0.71868359  0.72919374  0.78186366
   0.75047975  0.25380379  0.39354200
   0.71868359  0.22919375  0.28186360
   0.74916070  0.75161226  0.10373374
   0.74633898  0.73086906  0.22035254
   0.74916070  0.25161229  0.60373376
   0.74633898  0.23086905  0.72035257
   0.24782779  0.24522655  0.89359662
   0.23300167  0.28112834  0.78156822
   0.24782779  0.74522658  0.39359665
   0.23300167  0.78112831  0.28156825
   0.24822057  0.24230125 -0.00280497
   0.24822057  0.74230125  0.49719503
   0.75352442  0.75508739  0.99725040
   0.75352442  0.25508739  0.49725034
   0.79265611  0.75146923  0.34762829
   0.79265611  0.25146923  0.84762829
   0.79233128  0.74989932  0.65237004
   0.79233128  0.24989934  0.15237005
   0.29288766  0.24888785  0.54921740
   0.29179422  0.24922787  0.65244389
   0.29179422  0.74922787  0.15244389
   0.29288766  0.74888784  0.04921739
   0.29980938  0.24522910  0.45037922
   0.29980938  0.74522910  0.95037922
   0.79187293  0.75166645  0.54890440
   0.79187293  0.25166645  0.04890440
   0.59181431  0.54143467  0.05552668
   0.31745616  0.31488793  0.40515105
   0.52264549  0.47289967  0.13714884
   0.30775196  0.18324855  0.30228779
   0.50237052  0.49707154  0.25086729
   0.02011909  0.96681273  0.03961746
   0.10181203  0.05368378  0.14887868
   0.59181431  0.04143467  0.55552665
   0.31745616  0.81488793  0.90515105
   0.52264549  0.97289970  0.63714882
   0.30775196  0.68324853  0.80228779
   0.50237052  0.99707157  0.75086732
   0.02011909  0.46681276  0.53961745
   0.10181203  0.55368384  0.64887871
   0.11609706  0.44044166  0.94834584
   0.82093472  0.67790536  0.59621125
   0.02602451  0.52587211  0.86211850
   0.78858945  0.80656918  0.69531606
   0.00041981  0.50434299  0.74907516
   0.52213591  0.03400871  0.96245656
   0.59420116  0.95328406  0.85125136
   0.11609706  0.94044169  0.44834581
   0.82093472  0.17790536  0.09621127
   0.02602451  0.02587213  0.36211850
   0.78858945  0.30656918  0.19531606
   0.00041981  0.00434302  0.24907518
   0.52213591  0.53400873  0.46245653
   0.59420116  0.45328412  0.35125139
   0.09175014  0.45967742  0.05560698
   0.82398024  0.68423460  0.40374593
   0.02282438  0.52628032  0.13685563
   0.79166994  0.80980056  0.30406094
   0.00074699  0.50692095  0.25111434
   0.51895923  0.03364805  0.03977547
   0.60178919  0.94540070  0.14906418
   0.09175014  0.95967739  0.55560702
   0.82398024  0.18423462  0.90374596
   0.02282438  0.02628029  0.63685560
   0.79166994  0.30980059  0.80406091
   0.00074699  0.00692096  0.75111434
   0.51895923  0.53364806  0.53977544
   0.60178919  0.44540070  0.64906421
   0.61645225  0.56130269  0.94850313
   0.32018928  0.32128739  0.59626776
   0.52597983  0.47684965  0.86230645
   0.27868641  0.19135491  0.69529200
   0.50330014  0.49400810  0.74854600
   0.02340050  0.96257419  0.96225967
   0.09750072  0.04771351  0.85076094
   0.61645225  0.06130265  0.44850319
   0.32018928  0.82128739  0.09626778
   0.52597983  0.97684962  0.36230642
   0.27868641  0.69135491  0.19529196
   0.50330014  0.99400810  0.24854597
   0.02340050  0.46257422  0.46225967
   0.09750072  0.54771354  0.35076100
   0.32429253  0.16890239  0.50096778
   0.32429253  0.66890245  1.00096781
   0.82601001  0.83092064  0.50107221
   0.82601001  0.33092070  0.00107221
   0.29127133  0.24635554  0.34578319
   0.29127133  0.74635554  0.84578322
   0.79485022  0.75195644  0.44963507
   0.79485022  0.25195644  0.94963504
