   0.24874291  0.24893872  0.10359867
   0.23634075  0.27399479  0.22042867
   0.24874291  0.74893872  0.60359868
   0.23634075  0.77399482  0.72042862
   0.75051551  0.75397134  0.89353636
   0.71837582  0.72922096  0.78183693
   0.75051551  0.25397134  0.39353639
   0.71837582  0.22922097  0.28183687
   0.74911616  0.75157899  0.10371859
   0.74617459  0.73089353  0.22032221
   0.74911616  0.25157902  0.60371861
   0.74617459  0.23089351  0.72032224
   0.24781021  0.24502811  0.89358999
   0.23277708  0.28118426  0.78153715
   0.24781021  0.74502814  0.39359002
   0.23277708  0.78118423  0.28153718
   0.24845144  0.24218902 -0.00279564
   0.24845144  0.74218902  0.49720436
   0.75379030  0.75515329  0.99726397
   0.75379030  0.25515329  0.49726391
   0.79252572  0.75159369  0.34762359
   0.79252572  0.25159369  0.84762359
   0.79225421  0.74987812  0.65234509
   0.79225421  0.24987814  0.15234511
   0.29299774  0.24887331  0.54922379
   0.29168097  0.24926094  0.65242097
   0.29168097  0.74926094  0.15242097
   0.29299774  0.74887330  0.04922378
   0.30011640  0.24510645  0.45040594
   0.30011640  0.74510645  0.95040594
   0.79197511  0.75164871  0.54890938
   0.79197511  0.25164871  0.04890938
   0.59152886  0.54104541  0.05556071
   0.31757388  0.31481044  0.40518493
   0.52254695  0.47286132  0.13713722
   0.30773731  0.18323193  0.30228600
   0.50215292  0.49708924  0.25083695
   0.02051291  0.96709438  0.03961944
   0.10180969  0.05376877  0.14886947
   0.59152886  0.04104542  0.55556069
   0.31757388  0.81481044  0.90518493
   0.52254695  0.97286135  0.63713720
   0.30773731  0.68323190  0.80228600
   0.50215292  0.99708927  0.75083698
   0.02051291  0.46709441  0.53961943
   0.10180969  0.55376882  0.64886950
   0.11659279  0.44018628  0.94836225
   0.82093766  0.67780251  0.59621785
   0.02608255  0.52570442  0.86211675
   0.78862234  0.80668527  0.69528601
   0.00020847  0.50440222  0.74905333
   0.52246177  0.03396739  0.96248643
   0.59366073  0.95367902  0.85129819
   0.11659279  0.94018631  0.44836222
   0.82093766  0.17780251  0.09621786
   0.02608255  0.02570444  0.36211675
   0.78862234  0.30668527  0.19528601
   0.00020847  0.00440225  0.24905334
   0.52246177  0.53396741  0.46248640
   0.59366073  0.45367908  0.35129822
   0.09145557  0.46003215  0.05564063
   0.82406400  0.68431386  0.40377869
   0.02274767  0.52629887  0.13682833
   0.79157121  0.80983374  0.30405896
   0.00053914  0.50700070  0.25108918
   0.51936544  0.03331088  0.03977247
   0.60179313  0.94531266  0.14907006
   0.09145557  0.96003212  0.55564067
   0.82406400  0.18431387  0.90377872
   0.02274767  0.02629884  0.63682830
   0.79157121  0.30983377  0.80405893
   0.00053914  0.00700070  0.75108918
   0.51936544  0.53331089  0.53977244
   0.60179313  0.44531266  0.64907009
   0.61696492  0.56147225  0.94851745
   0.32025299  0.32137828  0.59627561
   0.52601045  0.47704859  0.86231205
   0.27831568  0.19129979  0.69526180
   0.50309425  0.49402245  0.74852073
   0.02371708  0.96253588  0.96228842
   0.09698049  0.04727214  0.85079907
   0.61696492  0.06147221  0.44851751
   0.32025299  0.82137828  0.09627562
   0.52601045  0.97704856  0.36231202
   0.27831568  0.69129979  0.19526176
   0.50309425  0.99402245  0.24852070
   0.02371708  0.46253591  0.46228842
   0.09698049  0.54727216  0.35079913
   0.32452759  0.16881432  0.50098257
   0.32452759  0.66881438  1.00098259
   0.82623482  0.83093865  0.50108131
   0.82623482  0.33093871  0.00108131
   0.29119313  0.24626294  0.34578151
   0.29119313  0.74626294  0.84578153
   0.79509839  0.75200882  0.44965989
   0.79509839  0.25200882  0.94965986
