   0.24928714  0.24827237  0.10377971
   0.23830389  0.27301427  0.22072594
   0.24928714  0.74827237  0.60377972
   0.23830389  0.77301430  0.72072590
   0.75022174  0.75270445  0.89352611
   0.72099810  0.72919775  0.78199076
   0.75022174  0.25270445  0.39352614
   0.72099810  0.22919776  0.28199070
   0.75004057  0.75167066  0.10389410
   0.74664224  0.73060925  0.22051208
   0.75004057  0.25167069  0.60389413
   0.74664224  0.23060924  0.72051211
   0.24814627  0.24693934  0.89359614
   0.23399644  0.28078529  0.78180318
   0.24814627  0.74693937  0.39359617
   0.23399644  0.78078526  0.28180321
   0.24620693  0.24322723 -0.00287209
   0.24620693  0.74322723  0.49712791
   0.75159583  0.75446392  0.99714907
   0.75159583  0.25446392  0.49714901
   0.79365903  0.75079527  0.34756606
   0.79365903  0.25079527  0.84756606
   0.79322269  0.75001517  0.65261011
   0.79322269  0.25001519  0.15261013
   0.29235864  0.24903145  0.54922289
   0.29299008  0.24894966  0.65267764
   0.29299008  0.74894966  0.15267764
   0.29235864  0.74903144  0.04922288
   0.29747648  0.24606362  0.45016456
   0.29747648  0.74606362  0.95016456
   0.79131890  0.75170951  0.54892411
   0.79131890  0.25170951  0.04892411
   0.59412390  0.54433787  0.05535758
   0.31671409  0.31549415  0.40485539
   0.52378243  0.47315151  0.13728551
   0.30683274  0.18350515  0.30223377
   0.50354403  0.49691153  0.25109046
   0.01716048  0.96456620  0.03966112
   0.10236864  0.05319137  0.14906029
   0.59412390  0.04433787  0.55535755
   0.31671409  0.81549415  0.90485539
   0.52378243  0.97315154  0.63728550
   0.30683274  0.68350512  0.80223377
   0.50354403  0.99691156  0.75109049
   0.01716048  0.46456623  0.53966111
   0.10236864  0.55319143  0.64906032
   0.11214321  0.44212726  0.94820818
   0.82130960  0.67865101  0.59626457
   0.02578978  0.52717946  0.86209152
   0.78828572  0.80573476  0.69555210
   0.00145978  0.50386060  0.74918279
   0.51962413  0.03435529  0.96222047
   0.59807376  0.95046573  0.85083662
   0.11214321  0.94212729  0.44820815
   0.82130960  0.17865101  0.09626458
   0.02578978  0.02717948  0.36209152
   0.78828572  0.30573476  0.19555210
   0.00145978  0.00386063  0.24918281
   0.51962413  0.53435531  0.46222044
   0.59807376  0.45046579  0.35083665
   0.09416490  0.45694066  0.05541997
   0.82316917  0.68367665  0.40343511
   0.02380058  0.52611032  0.13713643
   0.79270686  0.80943042  0.30401395
   0.00171490  0.50623909  0.25129296
   0.51588545  0.03625783  0.03986536
   0.60232076  0.94578739  0.14911963
   0.09416490  0.95694063  0.55542001
   0.82316917  0.18367666  0.90343514
   0.02380058  0.02611029  0.63713640
   0.79270686  0.30943045  0.80401392
   0.00171490  0.00623910  0.75129296
   0.51588545  0.53625783  0.53986533
   0.60232076  0.44578739  0.64911966
   0.61271023  0.55996121  0.94837795
   0.32001060  0.32060474  0.59631453
   0.52573032  0.47558625  0.86217049
   0.28216998  0.19175112  0.69553471
   0.50435136  0.49394566  0.74869330
   0.02077653  0.96288093  0.96200827
   0.10137308  0.05090253  0.85044733
   0.61271023  0.05996116  0.44837801
   0.32001060  0.82060474  0.09631454
   0.52573032  0.97558622  0.36217046
   0.28216998  0.69175112  0.19553467
   0.50435136  0.99394566  0.24869327
   0.02077653  0.46288096  0.46200827
   0.10137308  0.55090255  0.35044739
   0.32259961  0.16952112  0.50088144
   0.32259961  0.66952118  1.00088147
   0.82431642  0.83076389  0.50102758
   0.82431642  0.33076395  0.00102758
   0.29189276  0.24718821  0.34569835
   0.29189276  0.74718821  0.84569838
   0.79262892  0.75147070  0.44939183
   0.79262892  0.25147070  0.94939180
