   0.24882366  0.24871845  0.10364764
   0.23715173  0.27366159  0.22053829
   0.24882366  0.74871845  0.60364765
   0.23715173  0.77366162  0.72053824
   0.75038809  0.75347676  0.89355373
   0.71926842  0.72916418  0.78191836
   0.75038809  0.25347676  0.39355376
   0.71926842  0.22916420  0.28191830
   0.74930996  0.75163806  0.10376224
   0.74657239  0.73081103  0.22040139
   0.74930996  0.25163809  0.60376226
   0.74657239  0.23081102  0.72040142
   0.24785850  0.24565181  0.89361290
   0.23336300  0.28101432  0.78163719
   0.24785850  0.74565184  0.39361293
   0.23336300  0.78101429  0.28163722
   0.24773648  0.24253336 -0.00282137
   0.24773648  0.74253336  0.49717863
   0.75302945  0.75494129  0.99722819
   0.75302945  0.25494129  0.49722813
   0.79290393  0.75128375  0.34762455
   0.79290393  0.25128375  0.84762455
   0.79250441  0.74994612  0.65241906
   0.79250441  0.24994614  0.15241908
   0.29272355  0.24892452  0.54920813
   0.29203761  0.24915242  0.65249120
   0.29203761  0.74915242  0.15249120
   0.29272355  0.74892450  0.04920812
   0.29921320  0.24543707  0.45033203
   0.29921320  0.74543707  0.95033203
   0.79171346  0.75168484  0.54889842
   0.79171346  0.25168484  0.04889842
   0.59240389  0.54221826  0.05546644
   0.31724744  0.31505911  0.40507583
   0.52287242  0.47297654  0.13717277
   0.30771077  0.18328866  0.30228741
   0.50276235  0.49703030  0.25092885
   0.01932090  0.96623804  0.03961526
   0.10187223  0.05354752  0.14890768
   0.59240389  0.04221826  0.55546641
   0.31724744  0.81505911  0.90507583
   0.52287242  0.97297657  0.63717275
   0.30771077  0.68328863  0.80228741
   0.50276235  0.99703033  0.75092888
   0.01932090  0.46623807  0.53961526
   0.10187223  0.55354757  0.64890771
   0.11503373  0.44090733  0.94831327
   0.82097876  0.67810632  0.59621273
   0.02592053  0.52624834  0.86211917
   0.78853365  0.80632434  0.69537177
   0.00079302  0.50422961  0.74911365
   0.52149851  0.03411480  0.96239714
   0.59525429  0.95248747  0.85115225
   0.11503373  0.94090736  0.44831324
   0.82097876  0.17810632  0.09621274
   0.02592053  0.02624836  0.36211917
   0.78853365  0.30632434  0.19537177
   0.00079302  0.00422964  0.24911366
   0.52149851  0.53411483  0.46239711
   0.59525429  0.45248753  0.35115228
   0.09235863  0.45895273  0.05554720
   0.82379341  0.68407102  0.40367468
   0.02300892  0.52624281  0.13691467
   0.79190242  0.80972610  0.30405438
   0.00111121  0.50675478  0.25116479
   0.51813639  0.03432145  0.03978375
   0.60183509  0.94553111  0.14905954
   0.09235863  0.95895270  0.55554724
   0.82379341  0.18407103  0.90367471
   0.02300892  0.02624278  0.63691464
   0.79190242  0.30972613  0.80405435
   0.00111121  0.00675479  0.75116479
   0.51813639  0.53432146  0.53978372
   0.60183509  0.44553111  0.64905957
   0.61545909  0.56092167  0.94847400
   0.32009928  0.32110567  0.59626838
   0.52587843  0.47647351  0.86228817
   0.27953626  0.19147539  0.69534678
   0.50366219  0.49397969  0.74859212
   0.02273321  0.96268665  0.96220111
   0.09855334  0.04856930  0.85068281
   0.61545909  0.06092163  0.44847406
   0.32009928  0.82110567  0.09626839
   0.52587843  0.97647348  0.36228814
   0.27953626  0.69147539  0.19534674
   0.50366219  0.99397969  0.24859209
   0.02273321  0.46268668  0.46220111
   0.09855334  0.54856932  0.35068287
   0.32383088  0.16907955  0.50094064
   0.32383088  0.66907961  1.00094067
   0.82555835  0.83088626  0.50105308
   0.82555835  0.33088632  0.00105308
   0.29144071  0.24655415  0.34578048
   0.29144071  0.74655415  0.84578051
   0.79430154  0.75185176  0.44958718
   0.79430154  0.25185176  0.94958715
