   0.24872635  0.24897844  0.10359113
   0.23616123  0.27405682  0.22040838
   0.24872635  0.74897844  0.60359114
   0.23616123  0.77405685  0.72040834
   0.75051677  0.75408232  0.89353216
   0.71819422  0.72923364  0.78182117
   0.75051677  0.25408232  0.39353219
   0.71819422  0.22923366  0.28182111
   0.74908257  0.75155911  0.10371194
   0.74605525  0.73090940  0.22030761
   0.74908257  0.25155914  0.60371196
   0.74605525  0.23090938  0.72030764
   0.24780056  0.24490576  0.89358382
   0.23263786  0.28121585  0.78151892
   0.24780056  0.74490579  0.39358385
   0.23263786  0.78121582  0.28151895
   0.24862752  0.24211787 -0.00278980
   0.24862752  0.74211787  0.49721020
   0.75392460  0.75519802  0.99726900
   0.75392460  0.25519802  0.49726894
   0.79244053  0.75164124  0.34762332
   0.79244053  0.25164124  0.84762332
   0.79221730  0.74985501  0.65232607
   0.79221730  0.24985503  0.15232609
   0.29304898  0.24886120  0.54922788
   0.29163034  0.24929009  0.65240306
   0.29163034  0.74929009  0.15240306
   0.29304898  0.74886119  0.04922787
   0.30031741  0.24505732  0.45041678
   0.30031741  0.74505732  0.95041678
   0.79203234  0.75163960  0.54891300
   0.79203234  0.25163960  0.04891299
   0.59139305  0.54085165  0.05557757
   0.31762851  0.31476650  0.40520687
   0.52250256  0.47284393  0.13713039
   0.30771460  0.18322216  0.30228158
   0.50203154  0.49709922  0.25081989
   0.02070574  0.96722428  0.03962150
   0.10181375  0.05380975  0.14886399
   0.59139305  0.04085166  0.55557755
   0.31762851  0.81476650  0.90520687
   0.52250256  0.97284396  0.63713038
   0.30771460  0.68322213  0.80228158
   0.50203154  0.99709925  0.75081992
   0.02070574  0.46722431  0.53962149
   0.10181375  0.55380981  0.64886402
   0.11686756  0.44008936  0.94837226
   0.82094252  0.67775352  0.59621875
   0.02608355  0.52561061  0.86211475
   0.78863711  0.80675249  0.69527570
   0.00008942  0.50443692  0.74904032
   0.52263380  0.03396025  0.96250261
   0.59339085  0.95388067  0.85132030
   0.11686756  0.94008939  0.44837223
   0.82094252  0.17775352  0.09621877
   0.02608355  0.02561063  0.36211475
   0.78863711  0.30675249  0.19527570
   0.00008942  0.00443695  0.24904034
   0.52263380  0.53396027  0.46250258
   0.59339085  0.45388073  0.35132033
   0.09131610  0.46020660  0.05565735
   0.82411585  0.68436059  0.40379973
   0.02271417  0.52630805  0.13681479
   0.79152522  0.80984779  0.30406093
   0.00042314  0.50704037  0.25107467
   0.51956151  0.03315385  0.03977208
   0.60179902  0.94527011  0.14907134
   0.09131610  0.96020657  0.55565739
   0.82411585  0.18436061  0.90379976
   0.02271417  0.02630803  0.63681476
   0.79152522  0.30984782  0.80406090
   0.00042314  0.00704038  0.75107467
   0.51956151  0.53315386  0.53977205
   0.60179902  0.44527011  0.64907137
   0.61720999  0.56154785  0.94852702
   0.32028498  0.32141990  0.59627653
   0.52602036  0.47713597  0.86231270
   0.27815226  0.19126386  0.69525102
   0.50297930  0.49402607  0.74850666
   0.02388828  0.96249781  0.96230426
   0.09670587  0.04706462  0.85081717
   0.61720999  0.06154781  0.44852708
   0.32028498  0.82141990  0.09627655
   0.52602036  0.97713594  0.36231267
   0.27815226  0.69126386  0.19525098
   0.50297930  0.99402607  0.24850663
   0.02388828  0.46249784  0.46230426
   0.09670587  0.54706464  0.35081723
   0.32463889  0.16876857  0.50099085
   0.32463889  0.66876863  1.00099088
   0.82634878  0.83094604  0.50108792
   0.82634878  0.33094610  0.00108792
   0.29110283  0.24618252  0.34578116
   0.29110283  0.74618252  0.84578119
   0.79536478  0.75205622  0.44968280
   0.79536478  0.25205622  0.94968277
