   0.25263888  0.24735480  0.10521996
   0.23976375  0.27151345  0.22066225
   0.25263888  0.74735480  0.60521998
   0.23976375  0.77151348  0.72066220
   0.75388441  0.75156549  0.89335882
   0.73245890  0.72416664  0.78175540
   0.75388441  0.25156549  0.39335884
   0.73245890  0.22416666  0.28175534
   0.75138616  0.75302904  0.10553235
   0.73840077  0.73005442  0.22042203
   0.75138616  0.25302907  0.60553237
   0.73840077  0.23005440  0.72042206
   0.24972793  0.24947704  0.89316114
   0.23414778  0.27853270  0.78196812
   0.24972793  0.74947707  0.39316117
   0.23414778  0.77853267  0.28196815
   0.24293550  0.24111989 -0.00162406
   0.24293550  0.74111989  0.49837594
   0.74469984  0.75860718  0.99645362
   0.74469984  0.25860718  0.49645356
   0.79530575  0.74979987  0.34713683
   0.79530575  0.24979987  0.84713683
   0.79535124  0.75077812  0.65392534
   0.79535124  0.25077813  0.15392535
   0.29108424  0.24662329  0.54939962
   0.29514927  0.24878495  0.65369395
   0.29514927  0.74878495  0.15369395
   0.29108424  0.74662328  0.04939961
   0.29071573  0.24472955  0.44889701
   0.29071573  0.74472955  0.94889701
   0.78967237  0.75518392  0.54920894
   0.78967237  0.25518392  0.04920894
   0.60155830  0.55470826  0.05609146
   0.31880089  0.31985228  0.40387873
   0.52658254  0.47301636  0.13769042
   0.29471531  0.18244086  0.30262679
   0.50312928  0.49476550  0.25101758
   0.01171950  0.95807312  0.03919469
   0.10481781  0.05368194  0.15038225
   0.60155830  0.05470826  0.55609144
   0.31880089  0.81985228  0.90387873
   0.52658254  0.97301639  0.63769041
   0.29471531  0.68244083  0.80262679
   0.50312928  0.99476553  0.75101761
   0.01171950  0.45807315  0.53919468
   0.10481781  0.55368200  0.65038228
   0.10521069  0.44508966  0.94557771
   0.82091282  0.67909269  0.59672245
   0.02641504  0.52712284  0.86260349
   0.79046363  0.81099276  0.69574034
   0.00249194  0.50349991  0.74826312
   0.50863266  0.03889798  0.96246367
   0.60638490  0.94736662  0.84961446
   0.10521069  0.94508969  0.44557768
   0.82091282  0.17909269  0.09672246
   0.02641504  0.02712286  0.36260349
   0.79046363  0.31099276  0.19574034
   0.00249194  0.00349994  0.24826313
   0.50863266  0.53889800  0.46246364
   0.60638490  0.44736668  0.34961449
   0.10944043  0.44209950  0.05468442
   0.82506737  0.67813663  0.40275054
   0.02686093  0.52476015  0.13780344
   0.79491518  0.81461040  0.30359964
   0.00163462  0.50579816  0.25086582
   0.50495223  0.04554581  0.04027094
   0.60656053  0.94423291  0.15095221
   0.10944043  0.94209947  0.55468446
   0.82506737  0.17813665  0.90275056
   0.02686093  0.02476012  0.63780341
   0.79491518  0.31461043  0.80359961
   0.00163462  0.00579817  0.75086582
   0.50495223  0.54554582  0.54027091
   0.60656053  0.44423291  0.65095224
   0.60881799  0.56342044  0.94713470
   0.32439960  0.32080340  0.59719020
   0.52835617  0.47412294  0.86230484
   0.29272927  0.18816390  0.69550797
   0.50306589  0.49546304  0.74838156
   0.00773958  0.95417673  0.96125992
   0.10713610  0.05772579  0.84902786
   0.60881799  0.06342040  0.44713476
   0.32439960  0.82080340  0.09719021
   0.52835617  0.97412291  0.36230481
   0.29272927  0.68816390  0.19550793
   0.50306589  0.99546304  0.24838153
   0.00773958  0.45417676  0.46125992
   0.10713610  0.55772581  0.34902792
   0.31701035  0.16203848  0.50117030
   0.31701035  0.66203854  1.00117032
   0.81855627  0.83794464  0.50128919
   0.81855627  0.33794470  0.00128919
   0.29385069  0.24864622  0.34610377
   0.29385069  0.74864622  0.84610380
   0.78974868  0.75238954  0.44866415
   0.78974868  0.25238954  0.94866412
