   0.24951792  0.24807413  0.10383870
   0.23861083  0.27277112  0.22078417
   0.24951792  0.74807413  0.60383871
   0.23861083  0.77277115  0.72078412
   0.75023185  0.75250755  0.89350305
   0.72166737  0.72923748  0.78199727
   0.75023185  0.25250755  0.39350308
   0.72166737  0.22923749  0.28199721
   0.75037701  0.75170180  0.10395925
   0.74647457  0.73052431  0.22053835
   0.75037701  0.25170183  0.60395927
   0.74647457  0.23052430  0.72053838
   0.24836981  0.24739232  0.89357615
   0.23412705  0.28071390  0.78185950
   0.24836981  0.74739235  0.39357618
   0.23412705  0.78071387  0.28185953
   0.24568001  0.24349259 -0.00288400
   0.24568001  0.74349259  0.49711600
   0.75108473  0.75429097  0.99711169
   0.75108473  0.25429097  0.49711163
   0.79397376  0.75062165  0.34753860
   0.79397376  0.25062165  0.84753860
   0.79356460  0.75005243  0.65269953
   0.79356460  0.25005244  0.15269954
   0.29226360  0.24907181  0.54923869
   0.29342431  0.24885785  0.65276050
   0.29342431  0.74885785  0.15276050
   0.29226360  0.74907180  0.04923868
   0.29681586  0.24629350  0.45008165
   0.29681586  0.74629350  0.95008165
   0.79120501  0.75173677  0.54894242
   0.79120501  0.25173677  0.04894241
   0.59485673  0.54520179  0.05533640
   0.31655376  0.31564582  0.40477073
   0.52417527  0.47320209  0.13734039
   0.30623110  0.18351687  0.30219060
   0.50371581  0.49686091  0.25114195
   0.01631105  0.96388600  0.03969145
   0.10262107  0.05305362  0.14913719
   0.59485673  0.04520180  0.55533638
   0.31655376  0.81564582  0.90477073
   0.52417527  0.97320212  0.63734037
   0.30623110  0.68351684  0.80219060
   0.50371581  0.99686094  0.75114198
   0.01631105  0.46388603  0.53969144
   0.10262107  0.55305367  0.64913722
   0.11113402  0.44253285  0.94816593
   0.82145241  0.67886959  0.59629820
   0.02579831  0.52748650  0.86207627
   0.78817932  0.80563915  0.69563123
   0.00157009  0.50372453  0.74919397
   0.51890304  0.03443958  0.96215689
   0.59908986  0.94978271  0.85070803
   0.11113402  0.94253288  0.44816590
   0.82145241  0.17886959  0.09629821
   0.02579831  0.02748652  0.36207627
   0.78817932  0.30563915  0.19563123
   0.00157009  0.00372456  0.24919399
   0.51890304  0.53443960  0.46215686
   0.59908986  0.44978277  0.35070806
   0.09495288  0.45609401  0.05537842
   0.82293638  0.68352583  0.40334010
   0.02415702  0.52605169  0.13723403
   0.79305544  0.80940943  0.30397533
   0.00179865  0.50603298  0.25133198
   0.51497528  0.03706540  0.03991060
   0.60258761  0.94585832  0.14916870
   0.09495288  0.95609398  0.55537846
   0.82293638  0.18352585  0.90334012
   0.02415702  0.02605166  0.63723400
   0.79305544  0.30940946  0.80397530
   0.00179865  0.00603299  0.75133198
   0.51497528  0.53706541  0.53991058
   0.60258761  0.44585832  0.64916873
   0.61172816  0.55966240  0.94833915
   0.31998919  0.32041860  0.59634474
   0.52572145  0.47529874  0.86210878
   0.28319293  0.19177138  0.69562698
   0.50447708  0.49393535  0.74872183
   0.02002490  0.96290721  0.96192819
   0.10238689  0.05172203  0.85035447
   0.61172816  0.05966235  0.44833921
   0.31998919  0.82041860  0.09634476
   0.52572145  0.97529871  0.36210875
   0.28319293  0.69177138  0.19562694
   0.50447708  0.99393535  0.24872180
   0.02002490  0.46290724  0.46192819
   0.10238689  0.55172205  0.35035453
   0.32213474  0.16965970  0.50086270
   0.32213474  0.66965976  1.00086273
   0.82382021  0.83070750  0.50102676
   0.82382021  0.33070756  0.00102676
   0.29207214  0.24738942  0.34565930
   0.29207214  0.74738942  0.84565932
   0.79200863  0.75130765  0.44930313
   0.79200863  0.25130765  0.94930310
