   0.24881411  0.24874661  0.10363922
   0.23704215  0.27370978  0.22052072
   0.24881411  0.74874661  0.60363924
   0.23704215  0.77370981  0.72052068
   0.75041739  0.75354731  0.89355383
   0.71914446  0.72916949  0.78190843
   0.75041739  0.25354731  0.39355386
   0.71914446  0.22916951  0.28190837
   0.74928286  0.75163779  0.10375457
   0.74652906  0.73082458  0.22038871
   0.74928286  0.25163782  0.60375459
   0.74652906  0.23082456  0.72038874
   0.24786011  0.24555650  0.89361191
   0.23329252  0.28103714  0.78162353
   0.24786011  0.74555652  0.39361194
   0.23329252  0.78103711  0.28162356
   0.24784225  0.24248375 -0.00281615
   0.24784225  0.74248375  0.49718385
   0.75314363  0.75497215  0.99723515
   0.75314363  0.25497215  0.49723509
   0.79285460  0.75132010  0.34762659
   0.79285460  0.25132010  0.84762659
   0.79246762  0.74993763  0.65240782
   0.79246762  0.24993764  0.15240783
   0.29276024  0.24891735  0.54921057
   0.29198652  0.24916866  0.65247953
   0.29198652  0.74916866  0.15247953
   0.29276024  0.74891734  0.04921056
   0.29933353  0.24539592  0.45034248
   0.29933353  0.74539592  0.95034248
   0.79174848  0.75168192  0.54890014
   0.79174848  0.25168192  0.04890014
   0.59226712  0.54204805  0.05547890
   0.31729462  0.31501660  0.40509163
   0.52281460  0.47295636  0.13716757
   0.30773057  0.18327707  0.30228712
   0.50267765  0.49703941  0.25091508
   0.01949585  0.96637460  0.03961477
   0.10185681  0.05356976  0.14890168
   0.59226712  0.04204806  0.55547888
   0.31729462  0.81501660  0.90509163
   0.52281460  0.97295639  0.63716756
   0.30773057  0.68327704  0.80228712
   0.50267765  0.99703944  0.75091511
   0.01949585  0.46637463  0.53961476
   0.10185681  0.55356981  0.64890171
   0.11527553  0.44080333  0.94831930
   0.82096090  0.67806392  0.59621171
   0.02594249  0.52616083  0.86211928
   0.78854745  0.80638278  0.69536238
   0.00071241  0.50425639  0.74910573
   0.52163402  0.03407974  0.96240953
   0.59502542  0.95267023  0.85117411
   0.11527553  0.94080336  0.44831927
   0.82096090  0.17806392  0.09621172
   0.02594249  0.02616086  0.36211928
   0.78854745  0.30638278  0.19536238
   0.00071241  0.00425642  0.24910574
   0.52163402  0.53407977  0.46240950
   0.59502542  0.45267029  0.35117414
   0.09221697  0.45911175  0.05555960
   0.82383243  0.68410841  0.40368790
   0.02296490  0.52625810  0.13690087
   0.79184498  0.80974427  0.30405601
   0.00103439  0.50679374  0.25115360
   0.51831802  0.03416499  0.03978070
   0.60181804  0.94550586  0.14906169
   0.09221697  0.95911172  0.55555964
   0.82383243  0.18410842  0.90368793
   0.02296490  0.02625807  0.63690084
   0.79184498  0.30974430  0.80405598
   0.00103439  0.00679375  0.75115360
   0.51831802  0.53416500  0.53978068
   0.60181804  0.44550586  0.64906172
   0.61567100  0.56101919  0.94847922
   0.32011314  0.32114352  0.59626814
   0.52590978  0.47655043  0.86229306
   0.27933209  0.19143983  0.69533874
   0.50358535  0.49398601  0.74858222
   0.02288200  0.96266602  0.96221352
   0.09831486  0.04838332  0.85070001
   0.61567100  0.06101914  0.44847928
   0.32011314  0.82114352  0.09626815
   0.52590978  0.97655040  0.36229303
   0.27933209  0.69143983  0.19533870
   0.50358535  0.99398601  0.24858219
   0.02288200  0.46266605  0.46221352
   0.09831486  0.54838335  0.35070007
   0.32393197  0.16904100  0.50094495
   0.32393197  0.66904106  1.00094498
   0.82565626  0.83089320  0.50105630
   0.82565626  0.33089326  0.00105630
   0.29141003  0.24651368  0.34578224
   0.29141003  0.74651368  0.84578227
   0.79440849  0.75187075  0.44959529
   0.79440849  0.25187075  0.94959526
