   0.24883972  0.24877413  0.10363216
   0.23693764  0.27372858  0.22050022
   0.24883972  0.74877413  0.60363217
   0.23693764  0.77372861  0.72050017
   0.75048340  0.75362106  0.89355465
   0.71904290  0.72919615  0.78190071
   0.75048340  0.25362106  0.39355468
   0.71904290  0.22919617  0.28190065
   0.74928242  0.75163807  0.10374847
   0.74647825  0.73086962  0.22037226
   0.74928242  0.25163810  0.60374849
   0.74647825  0.23086960  0.72037229
   0.24790454  0.24545708  0.89361193
   0.23323003  0.28103141  0.78161261
   0.24790454  0.74545711  0.39361196
   0.23323003  0.78103138  0.28161264
   0.24797434  0.24242756 -0.00281124
   0.24797434  0.74242756  0.49718876
   0.75330928  0.75500848  0.99724331
   0.75330928  0.25500848  0.49724325
   0.79278217  0.75136146  0.34761907
   0.79278217  0.25136146  0.84761907
   0.79242010  0.74990236  0.65238611
   0.79242010  0.24990238  0.15238612
   0.29281440  0.24891699  0.54922123
   0.29192117  0.24921053  0.65245995
   0.29192117  0.74921053  0.15245995
   0.29281440  0.74891698  0.04922122
   0.29947875  0.24532955  0.45034700
   0.29947875  0.74532955  0.95034700
   0.79180488  0.75167245  0.54890506
   0.79180488  0.25167245  0.04890506
   0.59211612  0.54184561  0.05549470
   0.31732789  0.31496180  0.40510936
   0.52273969  0.47293749  0.13716102
   0.30772156  0.18328730  0.30228080
   0.50257266  0.49705556  0.25089675
   0.01967445  0.96653039  0.03961256
   0.10185708  0.05362811  0.14889778
   0.59211612  0.04184561  0.55549468
   0.31732789  0.81496180  0.90510936
   0.52273969  0.97293752  0.63716100
   0.30772156  0.68328727  0.80228080
   0.50257266  0.99705559  0.75089678
   0.01967445  0.46653042  0.53961255
   0.10185708  0.55362816  0.64889781
   0.11556174  0.44067835  0.94832502
   0.82092967  0.67802485  0.59621356
   0.02595755  0.52606495  0.86211836
   0.78855445  0.80646751  0.69537310
   0.00061496  0.50429021  0.74909237
   0.52177471  0.03405529  0.96242362
   0.59475647  0.95289376  0.85119875
   0.11556174  0.94067838  0.44832499
   0.82092967  0.17802485  0.09621358
   0.02595755  0.02606497  0.36211836
   0.78855445  0.30646751  0.19537310
   0.00061496  0.00429024  0.24909238
   0.52177471  0.53405532  0.46242359
   0.59475647  0.45289382  0.35119878
   0.09204641  0.45928803  0.05557510
   0.82384909  0.68415255  0.40369836
   0.02290414  0.52627141  0.13688526
   0.79177267  0.80974763  0.30405381
   0.00093994  0.50683363  0.25113907
   0.51851300  0.03398947  0.03977575
   0.60181488  0.94544317  0.14906625
   0.09204641  0.95928800  0.55557514
   0.82384909  0.18415257  0.90369838
   0.02290414  0.02627138  0.63688523
   0.79177267  0.30974766  0.80405378
   0.00093994  0.00683364  0.75113907
   0.51851300  0.53398948  0.53977573
   0.60181488  0.44544317  0.64906627
   0.61593023  0.56113813  0.94848381
   0.32011792  0.32118149  0.59627033
   0.52592286  0.47665023  0.86229822
   0.27908584  0.19139281  0.69534894
   0.50348857  0.49399991  0.74856663
   0.02305094  0.96262940  0.96222689
   0.09801606  0.04817568  0.85071980
   0.61593023  0.06113809  0.44848387
   0.32011792  0.82118149  0.09627034
   0.52592286  0.97665020  0.36229819
   0.27908584  0.69139281  0.19534889
   0.50348857  0.99399991  0.24856660
   0.02305094  0.46262943  0.46222689
   0.09801606  0.54817570  0.35071986
   0.32402862  0.16899918  0.50094662
   0.32402862  0.66899924  1.00094665
   0.82574625  0.83089918  0.50105737
   0.82574625  0.33089924  0.00105737
   0.29137519  0.24646247  0.34578110
   0.29137519  0.74646247  0.84578113
   0.79453408  0.75187879  0.44960537
   0.79453408  0.25187879  0.94960534
