   0.24872346  0.24897305  0.10359016
   0.23619058  0.27405063  0.22041162
   0.24872346  0.74897305  0.60359017
   0.23619058  0.77405066  0.72041158
   0.75052173  0.75406283  0.89353380
   0.71822128  0.72922478  0.78181987
   0.75052173  0.25406283  0.39353383
   0.71822128  0.22922480  0.28181981
   0.74908222  0.75156150  0.10371090
   0.74607940  0.73090217  0.22030975
   0.74908222  0.25156153  0.60371092
   0.74607940  0.23090216  0.72030978
   0.24779011  0.24492951  0.89358585
   0.23265940  0.28121912  0.78151812
   0.24779011  0.74492953  0.39358588
   0.23265940  0.78121909  0.28151815
   0.24857980  0.24212843 -0.00278999
   0.24857980  0.74212843  0.49721001
   0.75389815  0.75519141  0.99726969
   0.75389815  0.25519141  0.49726963
   0.79246466  0.75163360  0.34762658
   0.79246466  0.25163360  0.84762658
   0.79222183  0.74986281  0.65233397
   0.79222183  0.24986282  0.15233398
   0.29303641  0.24885962  0.54922601
   0.29163895  0.24928105  0.65240991
   0.29163895  0.74928105  0.15240991
   0.29303641  0.74885960  0.04922600
   0.30026532  0.24507188  0.45042268
   0.30026532  0.74507188  0.95042268
   0.79201875  0.75164418  0.54891141
   0.79201875  0.25164418  0.04891141
   0.59142004  0.54088737  0.05557552
   0.31762309  0.31478360  0.40519748
   0.52251117  0.47284828  0.13713185
   0.30772531  0.18321899  0.30228151
   0.50206065  0.49709461  0.25082478
   0.02067064  0.96720344  0.03962135
   0.10181286  0.05379988  0.14886506
   0.59142004  0.04088738  0.55557549
   0.31762309  0.81478360  0.90519748
   0.52251117  0.97284831  0.63713183
   0.30772531  0.68321896  0.80228151
   0.50206065  0.99709464  0.75082481
   0.02067064  0.46720347  0.53962134
   0.10181286  0.55379993  0.64886509
   0.11680813  0.44009884  0.94836939
   0.82094645  0.67775590  0.59622014
   0.02609108  0.52563253  0.86211496
   0.78863630  0.80673911  0.69527394
   0.00011679  0.50442610  0.74904522
   0.52259649  0.03395528  0.96249931
   0.59343185  0.95384243  0.85131656
   0.11680813  0.94009887  0.44836936
   0.82094645  0.17775590  0.09622016
   0.02609108  0.02563255  0.36211496
   0.78863630  0.30673911  0.19527394
   0.00011679  0.00442613  0.24904523
   0.52259649  0.53395530  0.46249928
   0.59343185  0.45384249  0.35131659
   0.09134219  0.46017365  0.05565522
   0.82411047  0.68434674  0.40379284
   0.02272180  0.52630560  0.13681736
   0.79153275  0.80985023  0.30405829
   0.00045097  0.50703369  0.25107863
   0.51952980  0.03318161  0.03977251
   0.60179821  0.94527978  0.14907133
   0.09134219  0.96017362  0.55565527
   0.82411047  0.18434675  0.90379287
   0.02272180  0.02630557  0.63681733
   0.79153275  0.30985026  0.80405826
   0.00045097  0.00703370  0.75107863
   0.51952980  0.53318162  0.53977249
   0.60179821  0.44527978  0.64907136
   0.61716550  0.56153840  0.94852433
   0.32028382  0.32141850  0.59627797
   0.52601874  0.47712386  0.86231261
   0.27818252  0.19127081  0.69524996
   0.50300501  0.49402950  0.74851193
   0.02385426  0.96250602  0.96230076
   0.09675907  0.04709336  0.85081428
   0.61716550  0.06153835  0.44852439
   0.32028382  0.82141850  0.09627798
   0.52601874  0.97712383  0.36231258
   0.27818252  0.69127081  0.19524992
   0.50300501  0.99402950  0.24851190
   0.02385426  0.46250605  0.46230076
   0.09675907  0.54709338  0.35081434
   0.32462415  0.16877280  0.50098675
   0.32462415  0.66877286  1.00098677
   0.82633196  0.83094994  0.50108490
   0.82633196  0.33095000  0.00108490
   0.29111455  0.24619671  0.34578150
   0.29111455  0.74619671  0.84578153
   0.79533101  0.75204570  0.44968137
   0.79533101  0.25204570  0.94968134
