   0.24873517  0.24895399  0.10359718
   0.23627274  0.27401483  0.22042254
   0.24873517  0.74895399  0.60359720
   0.23627274  0.77401486  0.72042249
   0.75052063  0.75401060  0.89353398
   0.71830602  0.72922860  0.78182923
   0.75052063  0.25401060  0.39353401
   0.71830602  0.22922861  0.28182917
   0.74910127  0.75157247  0.10371758
   0.74612860  0.73090337  0.22031816
   0.74910127  0.25157250  0.60371760
   0.74612860  0.23090336  0.72031819
   0.24780502  0.24498475  0.89358695
   0.23272663  0.28119698  0.78152860
   0.24780502  0.74498477  0.39358698
   0.23272663  0.78119695  0.28152863
   0.24850913  0.24216150 -0.00279436
   0.24850913  0.74216150  0.49720564
   0.75384520  0.75516947  0.99726559
   0.75384520  0.25516947  0.49726553
   0.79248847  0.75161335  0.34762155
   0.79248847  0.25161335  0.84762155
   0.79223758  0.74986508  0.65233735
   0.79223758  0.24986509  0.15233737
   0.29301736  0.24886845  0.54922635
   0.29165847  0.24927729  0.65241308
   0.29165847  0.74927729  0.15241308
   0.29301736  0.74886843  0.04922633
   0.30019344  0.24508000  0.45040942
   0.30019344  0.74508000  0.95040942
   0.79199519  0.75164553  0.54891102
   0.79199519  0.25164553  0.04891101
   0.59147779  0.54096985  0.05556685
   0.31759179  0.31479278  0.40519506
   0.52253044  0.47285530  0.13713485
   0.30773132  0.18322613  0.30228408
   0.50210914  0.49709309  0.25083096
   0.02058455  0.96714308  0.03962029
   0.10181151  0.05378155  0.14886711
   0.59147779  0.04096986  0.55556683
   0.31759179  0.81479278  0.90519506
   0.52253044  0.97285533  0.63713484
   0.30773132  0.68322610  0.80228408
   0.50210914  0.99709312  0.75083099
   0.02058455  0.46714311  0.53962028
   0.10181151  0.55378161  0.64886714
   0.11669653  0.44015814  0.94836605
   0.82093843  0.67778522  0.59621682
   0.02607799  0.52566483  0.86211652
   0.78862688  0.80670935  0.69528157
   0.00016788  0.50441496  0.74904930
   0.52251283  0.03395410  0.96249239
   0.59357333  0.95376903  0.85130720
   0.11669653  0.94015817  0.44836602
   0.82093843  0.17778522  0.09621683
   0.02607799  0.02566485  0.36211652
   0.78862688  0.30670935  0.19528157
   0.00016788  0.00441499  0.24904931
   0.52251283  0.53395413  0.46249236
   0.59357333  0.45376909  0.35130723
   0.09140178  0.46010021  0.05564665
   0.82407972  0.68432926  0.40378530
   0.02273542  0.52630217  0.13682346
   0.79155264  0.80983632  0.30406150
   0.00049970  0.50701312  0.25108399
   0.51944045  0.03325233  0.03977247
   0.60179559  0.94529878  0.14907012
   0.09140178  0.96010018  0.55564669
   0.82407972  0.18432927  0.90378533
   0.02273542  0.02630215  0.63682343
   0.79155264  0.30983635  0.80406147
   0.00049970  0.00701313  0.75108399
   0.51944045  0.53325234  0.53977244
   0.60179559  0.44529878  0.64907015
   0.61704064  0.56151103  0.94852100
   0.32026414  0.32139300  0.59627447
   0.52602244  0.47707219  0.86231287
   0.27825470  0.19128700  0.69525765
   0.50305246  0.49402535  0.74851652
   0.02378475  0.96251510  0.96229413
   0.09686730  0.04720618  0.85080673
   0.61704064  0.06151099  0.44852106
   0.32026414  0.82139300  0.09627448
   0.52602244  0.97707216  0.36231284
   0.27825470  0.69128700  0.19525760
   0.50305246  0.99402535  0.24851649
   0.02378475  0.46251513  0.46229413
   0.09686730  0.54720620  0.35080678
   0.32456869  0.16879826  0.50098538
   0.32456869  0.66879832  1.00098541
   0.82627565  0.83094245  0.50108504
   0.82627565  0.33094251  0.00108504
   0.29115122  0.24621763  0.34577837
   0.29115122  0.74621763  0.84577840
   0.79524108  0.75203578  0.44967102
   0.79524108  0.25203578  0.94967099
