   0.25170720  0.24705343  0.10467258
   0.23982043  0.27196445  0.22088255
   0.25170720  0.74705343  0.60467260
   0.23982043  0.77196448  0.72088251
   0.75310462  0.75190505  0.89336713
   0.72874921  0.72692980  0.78170900
   0.75310462  0.25190505  0.39336716
   0.72874921  0.22692982  0.28170894
   0.75173437  0.75317996  0.10498135
   0.74135891  0.72952647  0.22049341
   0.75173437  0.25317999  0.60498137
   0.74135891  0.22952645  0.72049344
   0.25060701  0.24942366  0.89327396
   0.23383879  0.28028508  0.78197681
   0.25060701  0.74942368  0.39327399
   0.23383879  0.78028505  0.28197684
   0.24239667  0.24190307 -0.00208278
   0.24239667  0.74190307  0.49791722
   0.74626051  0.75693088  0.99645841
   0.74626051  0.25693088  0.49645835
   0.79548009  0.74994388  0.34720667
   0.79548009  0.24994388  0.84720667
   0.79551167  0.75019750  0.65325630
   0.79551167  0.25019751  0.15325632
   0.29176758  0.24767131  0.54939916
   0.29543717  0.24885476  0.65322120
   0.29543717  0.74885476  0.15322120
   0.29176758  0.74767129  0.04939915
   0.29170781  0.24577122  0.44926015
   0.29170781  0.74577122  0.94926015
   0.79024444  0.75373371  0.54914461
   0.79024444  0.25373371  0.04914461
   0.60126821  0.55207108  0.05591635
   0.31739066  0.31852820  0.40406944
   0.52652489  0.47342323  0.13778291
   0.29764769  0.18092949  0.30232281
   0.50393336  0.49532107  0.25125784
   0.01207324  0.95929730  0.03954498
   0.10442917  0.05290031  0.15013662
   0.60126821  0.05207109  0.55591633
   0.31739066  0.81852820  0.90406944
   0.52652489  0.97342326  0.63778290
   0.29764769  0.68092946  0.80232281
   0.50393336  0.99532110  0.75125787
   0.01207324  0.45929733  0.53954497
   0.10442917  0.55290036  0.65013665
   0.10566762  0.44435183  0.94654291
   0.82137751  0.67970187  0.59659120
   0.02696135  0.52764425  0.86237491
   0.78923828  0.80988843  0.69610163
   0.00168387  0.50313854  0.74866629
   0.51142973  0.03710296  0.96223693
   0.60485570  0.94711393  0.84978974
   0.10566762  0.94435186  0.44654288
   0.82137751  0.17970187  0.09659122
   0.02696135  0.02764428  0.36237491
   0.78923828  0.30988843  0.19610163
   0.00168387  0.00313857  0.24866631
   0.51142973  0.53710299  0.46223690
   0.60485570  0.44711399  0.34978977
   0.10489168  0.44630882  0.05504356
   0.82329552  0.67943657  0.40287127
   0.02678629  0.52493614  0.13784166
   0.79474761  0.81342664  0.30366913
   0.00163993  0.50546131  0.25114399
   0.50751631  0.04405664  0.04019827
   0.60542702  0.94506100  0.15049278
   0.10489168  0.94630879  0.55504360
   0.82329552  0.17943659  0.90287130
   0.02678629  0.02493611  0.63784163
   0.79474761  0.31342667  0.80366910
   0.00163993  0.00546131  0.75114399
   0.50751631  0.54405665  0.54019825
   0.60542702  0.44506100  0.65049281
   0.60788850  0.56122800  0.94758750
   0.32178716  0.32005284  0.59683493
   0.52806614  0.47461559  0.86211223
   0.29069803  0.18885155  0.69598386
   0.50363594  0.49460324  0.74863190
   0.01188667  0.95862189  0.96130534
   0.10700024  0.05654981  0.84933575
   0.60788850  0.06122796  0.44758756
   0.32178716  0.82005284  0.09683495
   0.52806614  0.97461556  0.36211220
   0.29069803  0.68885155  0.19598382
   0.50363594  0.99460324  0.24863187
   0.01188667  0.45862192  0.46130534
   0.10700024  0.55654984  0.34933581
   0.31824588  0.16505313  0.50089987
   0.31824588  0.66505319  1.00089990
   0.81971864  0.83438893  0.50108779
   0.81971864  0.33438899  0.00108779
   0.29338145  0.24869401  0.34566981
   0.29338145  0.74869401  0.84566983
   0.78917895  0.75196698  0.44873517
   0.78917895  0.25196698  0.94873514
