   0.24959860  0.24800243  0.10386083
   0.23872450  0.27268753  0.22081153
   0.24959860  0.74800243  0.60386084
   0.23872450  0.77268756  0.72081149
   0.75025276  0.75243453  0.89348987
   0.72195135  0.72924978  0.78199717
   0.75025276  0.25243453  0.39348990
   0.72195135  0.22924979  0.28199711
   0.75049980  0.75169940  0.10398641
   0.74637209  0.73046982  0.22055035
   0.75049980  0.25169942  0.60398643
   0.74637209  0.23046980  0.72055038
   0.24847325  0.24758367  0.89356356
   0.23415820  0.28072223  0.78188671
   0.24847325  0.74758370  0.39356359
   0.23415820  0.78072220  0.28188674
   0.24545246  0.24358787 -0.00289431
   0.24545246  0.74358787  0.49710569
   0.75090064  0.75422835  0.99708847
   0.75090064  0.25422835  0.49708841
   0.79409425  0.75057955  0.34753161
   0.79409425  0.25057955  0.84753161
   0.79367203  0.75006841  0.65272877
   0.79367203  0.25006842  0.15272879
   0.29224808  0.24908507  0.54923778
   0.29356569  0.24882593  0.65278760
   0.29356569  0.74882593  0.15278760
   0.29224808  0.74908506  0.04923777
   0.29659619  0.24634654  0.45005991
   0.29659619  0.74634654  0.95005991
   0.79117821  0.75174434  0.54894334
   0.79117821  0.25174434  0.04894333
   0.59522506  0.54558357  0.05533387
   0.31648984  0.31572193  0.40472805
   0.52436404  0.47326298  0.13736047
   0.30590738  0.18350323  0.30218484
   0.50378807  0.49681970  0.25117027
   0.01594136  0.96355716  0.03970770
   0.10270169  0.05299638  0.14917026
   0.59522506  0.04558358  0.55533385
   0.31648984  0.81572193  0.90472805
   0.52436404  0.97326301  0.63736045
   0.30590738  0.68350320  0.80218484
   0.50378807  0.99681973  0.75117030
   0.01594136  0.46355719  0.53970770
   0.10270169  0.55299643  0.64917029
   0.11064211  0.44271016  0.94814530
   0.82153834  0.67897953  0.59631083
   0.02582540  0.52763260  0.86207605
   0.78814365  0.80565636  0.69566558
   0.00160257  0.50364912  0.74919836
   0.51859388  0.03450519  0.96213164
   0.59953250  0.94945883  0.85065055
   0.11064211  0.94271019  0.44814527
   0.82153834  0.17897953  0.09631084
   0.02582540  0.02763262  0.36207605
   0.78814365  0.30565636  0.19566558
   0.00160257  0.00364915  0.24919837
   0.51859388  0.53450522  0.46213161
   0.59953250  0.44945889  0.35065058
   0.09535528  0.45571126  0.05536135
   0.82280802  0.68345472  0.40329705
   0.02433421  0.52598573  0.13727524
   0.79322067  0.80940786  0.30396928
   0.00180588  0.50592026  0.25135568
   0.51456368  0.03744735  0.03993469
   0.60268351  0.94587900  0.14918983
   0.09535528  0.95571123  0.55536139
   0.82280802  0.18345473  0.90329708
   0.02433421  0.02598571  0.63727521
   0.79322067  0.30940789  0.80396925
   0.00180588  0.00592026  0.75135568
   0.51456368  0.53744736  0.53993467
   0.60268351  0.44587900  0.64918986
   0.61131129  0.55946927  0.94832049
   0.31999291  0.32033518  0.59635583
   0.52570224  0.47519790  0.86208593
   0.28368686  0.19176013  0.69565978
   0.50452047  0.49393631  0.74873388
   0.01966568  0.96290191  0.96189057
   0.10286319  0.05207612  0.85031356
   0.61131129  0.05946923  0.44832055
   0.31999291  0.82033518  0.09635584
   0.52570224  0.97519787  0.36208590
   0.28368686  0.69176013  0.19565973
   0.50452047  0.99393631  0.24873385
   0.01966568  0.46290194  0.46189057
   0.10286319  0.55207614  0.35031362
   0.32193239  0.16970112  0.50085978
   0.32193239  0.66970118  1.00085981
   0.82359203  0.83069300  0.50102771
   0.82359203  0.33069306  0.00102771
   0.29219519  0.24749120  0.34564983
   0.29219519  0.74749120  0.84564986
   0.79173221  0.75127931  0.44925607
   0.79173221  0.25127931  0.94925604
