   0.25169216  0.24627763  0.10510640
   0.23802863  0.27406321  0.22020650
   0.25169216  0.74627763  0.60510641
   0.23802863  0.77406324  0.72020645
   0.75128339  0.75373082  0.89397696
   0.73647678  0.72383343  0.78144940
   0.75128339  0.25373082  0.39397699
   0.73647678  0.22383344  0.28144934
   0.74936073  0.75375519  0.10543417
   0.73535210  0.72801339  0.22011028
   0.74936073  0.25375522  0.60543419
   0.73535210  0.22801337  0.72011031
   0.24819435  0.24671936  0.89373011
   0.23435717  0.27440699  0.78158583
   0.24819435  0.74671939  0.39373014
   0.23435717  0.77440696  0.28158586
   0.24310954  0.24147430 -0.00022659
   0.24310954  0.74147430  0.49977341
   0.74328354  0.75896445  0.99762134
   0.74328354  0.25896445  0.49762128
   0.79555537  0.74798261  0.34753371
   0.79555537  0.24798261  0.84753371
   0.79560870  0.75034555  0.65386241
   0.79560870  0.25034556  0.15386242
   0.29074888  0.24802285  0.54956331
   0.29492016  0.24943934  0.65357211
   0.29492016  0.74943934  0.15357211
   0.29074888  0.74802284  0.04956330
   0.29138590  0.24477133  0.44859294
   0.29138590  0.74477133  0.94859294
   0.79055033  0.75450421  0.54959474
   0.79055033  0.25450421  0.04959474
   0.60431033  0.55508105  0.05621336
   0.32033816  0.32138272  0.40365639
   0.52709017  0.47265970  0.13780249
   0.29288847  0.18559606  0.30355435
   0.50268802  0.49513682  0.25090894
   0.00748689  0.96083917  0.03849608
   0.10475102  0.05381985  0.15063750
   0.60431033  0.05508105  0.55621334
   0.32033816  0.82138272  0.90365639
   0.52709017  0.97265973  0.63780247
   0.29288847  0.68559603  0.80355435
   0.50268802  0.99513685  0.75090897
   0.00748689  0.46083920  0.53849608
   0.10475102  0.55381990  0.65063753
   0.10355205  0.44359951  0.94458703
   0.82087063  0.67791157  0.59703710
   0.02843691  0.52836989  0.86234838
   0.79159702  0.81246682  0.69575872
   0.00302218  0.50505419  0.74818518
   0.50872287  0.04083059  0.96229811
   0.60477417  0.94521287  0.84938640
   0.10355205  0.94359954  0.44458700
   0.82087063  0.17791157  0.09703711
   0.02843691  0.02836991  0.36234838
   0.79159702  0.31246682  0.19575872
   0.00302218  0.00505422  0.24818519
   0.50872287  0.54083061  0.46229808
   0.60477417  0.44521293  0.34938643
   0.10942934  0.43313187  0.05438490
   0.82748421  0.67679644  0.40214037
   0.02685948  0.52447370  0.13796864
   0.79480566  0.81599355  0.30330423
   0.00226198  0.50472114  0.25078418
   0.50626708  0.05044642  0.03994606
   0.60764499  0.94475360  0.15133355
   0.10942934  0.93313184  0.55438494
   0.82748421  0.17679646  0.90214040
   0.02685948  0.02447367  0.63796861
   0.79480566  0.31599358  0.80330420
   0.00226198  0.00472114  0.75078418
   0.50626708  0.55044642  0.53994603
   0.60764499  0.44475360  0.65133358
   0.61190034  0.56446654  0.94643376
   0.32783969  0.32295817  0.59844936
   0.52603581  0.47602326  0.86215284
   0.29424356  0.18690195  0.69533602
   0.50253679  0.49532116  0.74831841
   0.00343027  0.95195926  0.96097245
   0.10911874  0.05551371  0.84868900
   0.61190034  0.06446650  0.44643382
   0.32783969  0.82295817  0.09844938
   0.52603581  0.97602323  0.36215281
   0.29424356  0.68690195  0.19533598
   0.50253679  0.99532116  0.24831838
   0.00343027  0.45195929  0.46097245
   0.10911874  0.55551373  0.34868906
   0.31706210  0.15804782  0.50037191
   0.31706210  0.65804788  1.00037194
   0.81795651  0.84126617  0.50094463
   0.81795651  0.34126623  0.00094463
   0.29479903  0.24987186  0.34659138
   0.29479903  0.74987186  0.84659140
   0.78988750  0.75308772  0.44929458
   0.78988750  0.25308772  0.94929455
