   0.24971167  0.24791627  0.10389239
   0.23884431  0.27259030  0.22083671
   0.24971167  0.74791627  0.60389241
   0.23884431  0.77259033  0.72083667
   0.75026982  0.75238329  0.89347540
   0.72227557  0.72927317  0.78198132
   0.75026982  0.25238329  0.39347543
   0.72227557  0.22927318  0.28198126
   0.75066080  0.75171381  0.10402342
   0.74625784  0.73042754  0.22056035
   0.75066080  0.25171384  0.60402344
   0.74625784  0.23042752  0.72056038
   0.24857551  0.24777154  0.89354845
   0.23419424  0.28070827  0.78189942
   0.24857551  0.74777157  0.39354848
   0.23419424  0.78070824  0.28189945
   0.24519517  0.24369043 -0.00289481
   0.24519517  0.74369043  0.49710519
   0.75065417  0.75416734  0.99707038
   0.75065417  0.25416734  0.49707032
   0.79423563  0.75051379  0.34751214
   0.79423563  0.25051379  0.84751214
   0.79379965  0.75006848  0.65277012
   0.79379965  0.25006850  0.15277014
   0.29220991  0.24909183  0.54925625
   0.29373763  0.24879304  0.65283091
   0.29373763  0.74879304  0.15283091
   0.29220991  0.74909182  0.04925623
   0.29634580  0.24644273  0.45002401
   0.29634580  0.74644273  0.95002401
   0.79110014  0.75176536  0.54896512
   0.79110014  0.25176536  0.04896512
   0.59558389  0.54599574  0.05533006
   0.31642340  0.31579790  0.40469418
   0.52456668  0.47328724  0.13738874
   0.30554166  0.18343704  0.30216945
   0.50383770  0.49677674  0.25119544
   0.01555580  0.96325835  0.03971754
   0.10282651  0.05292547  0.14921359
   0.59558389  0.04599575  0.55533004
   0.31642340  0.81579790  0.90469418
   0.52456668  0.97328727  0.63738873
   0.30554166  0.68343701  0.80216945
   0.50383770  0.99677677  0.75119547
   0.01555580  0.46325838  0.53971753
   0.10282651  0.55292553  0.64921362
   0.11017877  0.44290302  0.94811620
   0.82161393  0.67907421  0.59632686
   0.02587609  0.52773355  0.86207249
   0.78809514  0.80567323  0.69569574
   0.00160977  0.50358725  0.74920187
   0.51824829  0.03452783  0.96210039
   0.59999613  0.94919248  0.85059178
   0.11017877  0.94290305  0.44811617
   0.82161393  0.17907421  0.09632687
   0.02587609  0.02773357  0.36207249
   0.78809514  0.30567323  0.19569574
   0.00160977  0.00358728  0.24920189
   0.51824829  0.53452786  0.46210036
   0.59999613  0.44919254  0.35059181
   0.09573984  0.45529324  0.05534061
   0.82269685  0.68337428  0.40325507
   0.02452117  0.52594792  0.13732260
   0.79339685  0.80947042  0.30395198
   0.00180320  0.50582108  0.25137454
   0.51414849  0.03784225  0.03995159
   0.60282756  0.94590512  0.14922485
   0.09573984  0.95529321  0.55534065
   0.82269685  0.18337430  0.90325510
   0.02452117  0.02594789  0.63732257
   0.79339685  0.30947045  0.80395195
   0.00180320  0.00582109  0.75137454
   0.51414849  0.53784226  0.53995156
   0.60282756  0.44590512  0.64922488
   0.61085784  0.55934425  0.94829449
   0.31998535  0.32026946  0.59637091
   0.52575262  0.47509270  0.86205653
   0.28416591  0.19173582  0.69569978
   0.50454060  0.49393420  0.74874615
   0.01930298  0.96289227  0.96184495
   0.10331809  0.05244645  0.85027235
   0.61085784  0.05934421  0.44829455
   0.31998535  0.82026946  0.09637093
   0.52575262  0.97509267  0.36205650
   0.28416591  0.69173582  0.19569973
   0.50454060  0.99393420  0.24874612
   0.01930298  0.46289230  0.46184495
   0.10331809  0.55244647  0.35027241
   0.32171770  0.16972019  0.50084824
   0.32171770  0.66972025  1.00084827
   0.82335272  0.83067791  0.50102379
   0.82335272  0.33067797  0.00102379
   0.29220615  0.24753231  0.34560928
   0.29220615  0.74753231  0.84560931
   0.79164415  0.75121268  0.44924631
   0.79164415  0.25121268  0.94924628
