   0.24876540  0.24885241  0.10361639
   0.23667762  0.27386772  0.22047013
   0.24876540  0.74885241  0.60361640
   0.23667762  0.77386775  0.72047009
   0.75047591  0.75377150  0.89354563
   0.71873925  0.72919338  0.78187158
   0.75047591  0.25377150  0.39354566
   0.71873925  0.22919340  0.28187152
   0.74917927  0.75161294  0.10373434
   0.74636081  0.73085748  0.22035187
   0.74917927  0.25161297  0.60373436
   0.74636081  0.23085746  0.72035190
   0.24783669  0.24526590  0.89360068
   0.23303383  0.28111458  0.78157747
   0.24783669  0.74526593  0.39360071
   0.23303383  0.78111455  0.28157750
   0.24817651  0.24232774 -0.00280514
   0.24817651  0.74232774  0.49719486
   0.75348452  0.75506782  0.99725010
   0.75348452  0.25506782  0.49725004
   0.79266774  0.75146540  0.34762842
   0.79266774  0.25146540  0.84762842
   0.79233570  0.74991341  0.65237403
   0.79233570  0.24991343  0.15237404
   0.29288449  0.24889235  0.54921527
   0.29180106  0.24921521  0.65244660
   0.29180106  0.74921521  0.15244660
   0.29288449  0.74889234  0.04921526
   0.29978404  0.24523571  0.45037983
   0.29978404  0.74523571  0.95037983
   0.79186642  0.75166482  0.54890322
   0.79186642  0.25166482  0.04890321
   0.59188252  0.54152127  0.05552175
   0.31742548  0.31491086  0.40513756
   0.52266497  0.47291154  0.13715258
   0.30774498  0.18325695  0.30228574
   0.50242374  0.49706795  0.25087653
   0.02002128  0.96674737  0.03961583
   0.10180930  0.05367330  0.14888314
   0.59188252  0.04152128  0.55552172
   0.31742548  0.81491086  0.90513756
   0.52266497  0.97291157  0.63715257
   0.30774498  0.68325692  0.80228574
   0.50242374  0.99706797  0.75087656
   0.02002128  0.46674740  0.53961582
   0.10180930  0.55367336  0.64888317
   0.11596181  0.44047123  0.94834050
   0.82093209  0.67792570  0.59621666
   0.02602287  0.52593082  0.86211853
   0.78857650  0.80652229  0.69531751
   0.00046840  0.50432726  0.74908102
   0.52208215  0.03404450  0.96244924
   0.59429721  0.95317648  0.85124038
   0.11596181  0.94047126  0.44834047
   0.82093209  0.17792570  0.09621667
   0.02602287  0.02593084  0.36211853
   0.78857650  0.30652229  0.19531751
   0.00046840  0.00432729  0.24908104
   0.52208215  0.53404452  0.46244921
   0.59429721  0.45317654  0.35124041
   0.09181696  0.45959496  0.05560210
   0.82394712  0.68421645  0.40373798
   0.02283837  0.52627241  0.13686327
   0.79169051  0.80979750  0.30405395
   0.00079551  0.50690221  0.25112247
   0.51886071  0.03372283  0.03977484
   0.60178579  0.94541331  0.14906493
   0.09181696  0.95959493  0.55560214
   0.82394712  0.18421646  0.90373801
   0.02283837  0.02627239  0.63686324
   0.79169051  0.30979753  0.80405392
   0.00079551  0.00690222  0.75112247
   0.51886071  0.53372283  0.53977482
   0.60178579  0.44541331  0.64906496
   0.61637215  0.56123489  0.94849803
   0.32017187  0.32127200  0.59627352
   0.52594545  0.47682522  0.86230522
   0.27877322  0.19138821  0.69529443
   0.50334780  0.49400585  0.74855219
   0.02330909  0.96259787  0.96225244
   0.09763363  0.04779286  0.85075162
   0.61637215  0.06123485  0.44849809
   0.32017187  0.82127200  0.09627353
   0.52594545  0.97682519  0.36230519
   0.27877322  0.69138821  0.19529439
   0.50334780  0.99400585  0.24855216
   0.02330909  0.46259790  0.46225244
   0.09763363  0.54779288  0.35075168
   0.32423687  0.16891754  0.50096432
   0.32423687  0.66891760  1.00096434
   0.82595297  0.83091870  0.50106649
   0.82595297  0.33091876  0.00106649
   0.29127189  0.24635553  0.34578504
   0.29127189  0.74635553  0.84578506
   0.79486724  0.75196557  0.44963973
   0.79486724  0.25196557  0.94963970
