   0.24939956  0.24816155  0.10381446
   0.23846957  0.27287238  0.22076503
   0.24939956  0.74816155  0.60381447
   0.23846957  0.77287241  0.72076499
   0.75022093  0.75258476  0.89351016
   0.72135264  0.72922656  0.78199203
   0.75022093  0.25258476  0.39351019
   0.72135264  0.22922657  0.28199197
   0.75020637  0.75169231  0.10393165
   0.74655365  0.73057593  0.22053334
   0.75020637  0.25169233  0.60393168
   0.74655365  0.23057592  0.72053337
   0.24825425  0.24719308  0.89358208
   0.23408360  0.28074754  0.78183063
   0.24825425  0.74719310  0.39358211
   0.23408360  0.78074751  0.28183066
   0.24591132  0.24337684 -0.00288164
   0.24591132  0.74337684  0.49711836
   0.75132209  0.75436163  0.99712752
   0.75132209  0.25436163  0.49712746
   0.79380938  0.75067797  0.34756699
   0.79380938  0.25067797  0.84756699
   0.79340287  0.75001733  0.65264186
   0.79340287  0.25001735  0.15264187
   0.29230322  0.24905872  0.54922832
   0.29321739  0.24892020  0.65270473
   0.29321739  0.74892020  0.15270473
   0.29230322  0.74905871  0.04922830
   0.29713236  0.24616666  0.45012591
   0.29713236  0.74616666  0.95012591
   0.79125575  0.75171734  0.54892955
   0.79125575  0.25171734  0.04892955
   0.59451881  0.54477984  0.05534500
   0.31661938  0.31557555  0.40481455
   0.52400291  0.47318548  0.13731627
   0.30653004  0.18350758  0.30220723
   0.50365431  0.49688102  0.25111943
   0.01671541  0.96420018  0.03967776
   0.10250027  0.05312559  0.14910094
   0.59451881  0.04477984  0.55534498
   0.31661938  0.81557555  0.90481455
   0.52400291  0.97318551  0.63731625
   0.30653004  0.68350756  0.80220723
   0.50365431  0.99688105  0.75111946
   0.01671541  0.46420021  0.53967775
   0.10250027  0.55312564  0.64910097
   0.11160403  0.44236732  0.94818478
   0.82138812  0.67876814  0.59627907
   0.02577116  0.52733915  0.86208469
   0.78823230  0.80567616  0.69559919
   0.00152925  0.50378899  0.74919035
   0.51921357  0.03439422  0.96218609
   0.59864513  0.95010293  0.85076973
   0.11160403  0.94236735  0.44818475
   0.82138812  0.17876814  0.09627909
   0.02577116  0.02733917  0.36208469
   0.78823230  0.30567616  0.19559919
   0.00152925  0.00378902  0.24919036
   0.51921357  0.53439424  0.46218606
   0.59864513  0.45010299  0.35076976
   0.09458690  0.45651071  0.05539832
   0.82304560  0.68358632  0.40338271
   0.02399100  0.52606410  0.13719015
   0.79289131  0.80942412  0.30398347
   0.00177469  0.50612442  0.25131497
   0.51541013  0.03668469  0.03988969
   0.60247236  0.94583092  0.14914407
   0.09458690  0.95651068  0.55539836
   0.82304560  0.18358633  0.90338274
   0.02399100  0.02606408  0.63719012
   0.79289131  0.30942415  0.80398344
   0.00177469  0.00612442  0.75131497
   0.51541013  0.53668470  0.53988966
   0.60247236  0.44583092  0.64914410
   0.61216597  0.55980363  0.94835692
   0.31999960  0.32050482  0.59632617
   0.52572372  0.47541498  0.86213951
   0.28272011  0.19176234  0.69559008
   0.50442768  0.49394061  0.74871048
   0.02038474  0.96288075  0.96196576
   0.10191466  0.05137153  0.85040017
   0.61216597  0.05980359  0.44835698
   0.31999960  0.82050482  0.09632619
   0.52572372  0.97541495  0.36213948
   0.28272011  0.69176234  0.19559003
   0.50442768  0.99394061  0.24871045
   0.02038474  0.46288078  0.46196576
   0.10191466  0.55137156  0.35040022
   0.32235073  0.16960394  0.50087261
   0.32235073  0.66960400  1.00087264
   0.82405029  0.83073747  0.50102948
   0.82405029  0.33073753  0.00102948
   0.29198883  0.24731802  0.34568226
   0.29198883  0.74731802  0.84568229
   0.79228172  0.75139350  0.44934540
   0.79228172  0.25139350  0.94934537
