   0.24970018  0.24792235  0.10388941
   0.23883406  0.27259866  0.22083505
   0.24970018  0.74792235  0.60388943
   0.23883406  0.77259869  0.72083501
   0.75026832  0.75238803  0.89347716
   0.72224754  0.72926839  0.78198336
   0.75026832  0.25238803  0.39347719
   0.72224754  0.22926841  0.28198330
   0.75064693  0.75171432  0.10402003
   0.74626686  0.73043147  0.22056008
   0.75064693  0.25171435  0.60402006
   0.74626686  0.23043145  0.72056011
   0.24856705  0.24775578  0.89355035
   0.23418955  0.28071126  0.78189890
   0.24856705  0.74775581  0.39355038
   0.23418955  0.78071123  0.28189893
   0.24521515  0.24368098 -0.00289442
   0.24521515  0.74368098  0.49710558
   0.75067252  0.75417327  0.99707186
   0.75067252  0.25417327  0.49707180
   0.79422530  0.75051912  0.34751494
   0.79422530  0.25051912  0.84751494
   0.79379320  0.75006214  0.65276138
   0.79379320  0.25006215  0.15276139
   0.29221067  0.24909432  0.54925366
   0.29372670  0.24880067  0.65282353
   0.29372670  0.74880067  0.15282353
   0.29221067  0.74909430  0.04925365
   0.29636035  0.24643502  0.45002766
   0.29636035  0.74643502  0.95002766
   0.79110595  0.75176090  0.54896251
   0.79110595  0.25176090  0.04896251
   0.59555065  0.54595944  0.05533083
   0.31643048  0.31579369  0.40469587
   0.52454927  0.47328440  0.13738684
   0.30557569  0.18343998  0.30216963
   0.50383237  0.49678104  0.25119249
   0.01559285  0.96328551  0.03971685
   0.10281479  0.05292941  0.14921015
   0.59555065  0.04595945  0.55533081
   0.31643048  0.81579369  0.90469587
   0.52454927  0.97328443  0.63738682
   0.30557569  0.68343995  0.80216963
   0.50383237  0.99678107  0.75119252
   0.01559285  0.46328554  0.53971685
   0.10281479  0.55292946  0.64921018
   0.11022021  0.44288346  0.94811854
   0.82160770  0.67906375  0.59632608
   0.02587443  0.52772541  0.86207242
   0.78809909  0.80567923  0.69569802
   0.00160948  0.50359312  0.74920102
   0.51828044  0.03452648  0.96210316
   0.59995144  0.94921677  0.85059659
   0.11022021  0.94288349  0.44811851
   0.82160770  0.17906375  0.09632609
   0.02587443  0.02772543  0.36207242
   0.78809909  0.30567923  0.19569802
   0.00160948  0.00359315  0.24920103
   0.51828044  0.53452651  0.46210313
   0.59995144  0.44921683  0.35059662
   0.09570508  0.45533011  0.05534288
   0.82270866  0.68338037  0.40325858
   0.02450525  0.52595173  0.13731885
   0.79338097  0.80946659  0.30395273
   0.00180336  0.50583099  0.25137214
   0.51418710  0.03780640  0.03995026
   0.60281404  0.94590482  0.14922228
   0.09570508  0.95533008  0.55534293
   0.82270866  0.18338039  0.90325861
   0.02450525  0.02595170  0.63731882
   0.79338097  0.30946662  0.80395270
   0.00180336  0.00583099  0.75137214
   0.51418710  0.53780641  0.53995023
   0.60281404  0.44590482  0.64922231
   0.61090106  0.55935496  0.94829658
   0.31998734  0.32027697  0.59637038
   0.52574870  0.47510354  0.86205876
   0.28412059  0.19173183  0.69569991
   0.50453894  0.49393418  0.74874450
   0.01933546  0.96289348  0.96184901
   0.10327794  0.05240907  0.85027543
   0.61090106  0.05935491  0.44829664
   0.31998734  0.82027697  0.09637039
   0.52574870  0.97510351  0.36205873
   0.28412059  0.69173183  0.19569986
   0.50453894  0.99393418  0.24874447
   0.01933546  0.46289351  0.46184901
   0.10327794  0.55240910  0.35027549
   0.32173770  0.16971743  0.50084932
   0.32173770  0.66971749  1.00084935
   0.82337488  0.83067990  0.50102398
   0.82337488  0.33067996  0.00102398
   0.29220617  0.24753062  0.34561340
   0.29220617  0.74753062  0.84561343
   0.79164723  0.75121847  0.44924700
   0.79164723  0.25121847  0.94924697
