   0.24907472  0.24844819  0.10372521
   0.23792356  0.27325802  0.22065931
   0.24907472  0.74844819  0.60372523
   0.23792356  0.77325805  0.72065927
   0.75026410  0.75296823  0.89354119
   0.72033494  0.72917941  0.78197251
   0.75026410  0.25296823  0.39354122
   0.72033494  0.22917943  0.28197245
   0.74972142  0.75166299  0.10383765
   0.74670610  0.73069630  0.22047687
   0.74972142  0.25166302  0.60383767
   0.74670610  0.23069628  0.72047690
   0.24799984  0.24645253  0.89360695
   0.23382348  0.28085919  0.78174220
   0.24799984  0.74645256  0.39360698
   0.23382348  0.78085916  0.28174223
   0.24677855  0.24296215 -0.00285603
   0.24677855  0.74296215  0.49714397
   0.75211977  0.75465008  0.99717966
   0.75211977  0.25465008  0.49717960
   0.79335944  0.75095149  0.34760086
   0.79335944  0.25095149  0.84760086
   0.79293051  0.75000312  0.65254018
   0.79293051  0.25000313  0.15254020
   0.29247700  0.24899185  0.54921049
   0.29260394  0.24901172  0.65261148
   0.29260394  0.74901172  0.15261148
   0.29247700  0.74899184  0.04921048
   0.29813495  0.24583207  0.45022761
   0.29813495  0.74583207  0.95022761
   0.79145661  0.75169794  0.54890749
   0.79145661  0.25169794  0.04890749
   0.59343295  0.54351155  0.05539282
   0.31689461  0.31532845  0.40494291
   0.52340835  0.47308568  0.13723814
   0.30728393  0.18342367  0.30225772
   0.50330167  0.49695926  0.25103128
   0.01799343  0.96523036  0.03963710
   0.10215521  0.05332511  0.14899232
   0.59343295  0.04351155  0.55539280
   0.31689461  0.81532845  0.90494291
   0.52340835  0.97308571  0.63723812
   0.30728393  0.68342364  0.80225772
   0.50330167  0.99695929  0.75103131
   0.01799343  0.46523039  0.53963709
   0.10215521  0.55332516  0.64899235
   0.11323316  0.44167396  0.94825009
   0.82116506  0.67843297  0.59623781
   0.02581474  0.52685462  0.86210401
   0.78838963  0.80592224  0.69547802
   0.00126181  0.50400469  0.74916347
   0.52033858  0.03427239  0.96228771
   0.59701699  0.95119191  0.85096218
   0.11323316  0.94167399  0.44825006
   0.82116506  0.17843297  0.09623782
   0.02581474  0.02685464  0.36210401
   0.78838963  0.30592224  0.19547802
   0.00126181  0.00400472  0.24916348
   0.52033858  0.53427242  0.46228768
   0.59701699  0.45119197  0.35096221
   0.09343548  0.45773610  0.05546662
   0.82340848  0.68382638  0.40353171
   0.02347020  0.52616660  0.13704632
   0.79236640  0.80953217  0.30402144
   0.00155108  0.50644207  0.25124633
   0.51675931  0.03548620  0.03982649
   0.60210599  0.94569962  0.14908560
   0.09343548  0.95773607  0.55546667
   0.82340848  0.18382640  0.90353174
   0.02347020  0.02616657  0.63704629
   0.79236640  0.30953220  0.80402141
   0.00155108  0.00644207  0.75124633
   0.51675931  0.53548621  0.53982647
   0.60210599  0.44569962  0.64908563
   0.61374520  0.56032094  0.94841662
   0.32003411  0.32080327  0.59628966
   0.52575586  0.47590829  0.86222312
   0.28113390  0.19167170  0.69545436
   0.50414112  0.49395299  0.74866058
   0.02152249  0.96282282  0.96208512
   0.10032954  0.05003622  0.85053980
   0.61374520  0.06032090  0.44841668
   0.32003411  0.82080327  0.09628967
   0.52575586  0.97590826  0.36222309
   0.28113390  0.69167170  0.19545431
   0.50414112  0.99395299  0.24866055
   0.02152249  0.46282285  0.46208512
   0.10032954  0.55003624  0.35053986
   0.32305821  0.16936073  0.50090234
   0.32305821  0.66936079  1.00090237
   0.82479154  0.83081978  0.50103580
   0.82479154  0.33081984  0.00103580
   0.29171713  0.24695031  0.34574087
   0.29171713  0.74695031  0.84574090
   0.79327463  0.75162148  0.44946791
   0.79327463  0.25162148  0.94946788
