   0.24872730  0.24899338  0.10358777
   0.23608629  0.27407764  0.22039979
   0.24872730  0.74899338  0.60358779
   0.23608629  0.77407767  0.72039974
   0.75051678  0.75413224  0.89352990
   0.71811775  0.72924318  0.78181440
   0.75051678  0.25413224  0.39352993
   0.71811775  0.22924320  0.28181434
   0.74907514  0.75154922  0.10370873
   0.74600066  0.73091836  0.22030116
   0.74907514  0.25154925  0.60370875
   0.74600066  0.23091835  0.72030119
   0.24779353  0.24485400  0.89358035
   0.23257343  0.28122085  0.78151095
   0.24779353  0.74485402  0.39358038
   0.23257343  0.78122082  0.28151098
   0.24872336  0.24209023 -0.00278577
   0.24872336  0.74209023  0.49721423
   0.75397406  0.75521784  0.99727131
   0.75397406  0.25521784  0.49727125
   0.79240876  0.75165287  0.34762534
   0.79240876  0.25165287  0.84762534
   0.79220132  0.74985298  0.65232713
   0.79220132  0.24985299  0.15232714
   0.29306477  0.24885453  0.54922775
   0.29160956  0.24929336  0.65240375
   0.29160956  0.74929336  0.15240375
   0.29306477  0.74885452  0.04922774
   0.30039691  0.24505020  0.45042120
   0.30039691  0.74505020  0.95042120
   0.79205356  0.75163686  0.54891410
   0.79205356  0.25163686  0.04891409
   0.59133709  0.54077278  0.05558304
   0.31765434  0.31475324  0.40521208
   0.52247742  0.47283165  0.13712823
   0.30769986  0.18321817  0.30227889
   0.50196916  0.49709953  0.25081318
   0.02078505  0.96727955  0.03962228
   0.10181784  0.05383568  0.14886379
   0.59133709  0.04077279  0.55558302
   0.31765434  0.81475324  0.90521208
   0.52247742  0.97283168  0.63712821
   0.30769986  0.68321814  0.80227889
   0.50196916  0.99709956  0.75081321
   0.02078505  0.46727958  0.53962228
   0.10181784  0.55383573  0.64886382
   0.11699626  0.44005384  0.94837587
   0.82094228  0.67772892  0.59621990
   0.02608300  0.52556100  0.86211369
   0.78863907  0.80676449  0.69526659
   0.00002998  0.50444828  0.74903589
   0.52272448  0.03396150  0.96250723
   0.59326405  0.95395331  0.85132866
   0.11699626  0.94005387  0.44837584
   0.82094228  0.17772892  0.09621991
   0.02608300  0.02556103  0.36211369
   0.78863907  0.30676449  0.19526659
   0.00002998  0.00444831  0.24903591
   0.52272448  0.53396152  0.46250720
   0.59326405  0.45395337  0.35132869
   0.09125703  0.46027315  0.05566289
   0.82413422  0.68438537  0.40381132
   0.02269282  0.52631569  0.13680981
   0.79150871  0.80986179  0.30405871
   0.00036254  0.50706384  0.25106884
   0.51964380  0.03309192  0.03977192
   0.60180414  0.94524485  0.14907383
   0.09125703  0.96027312  0.55566293
   0.82413422  0.18438538  0.90381135
   0.02269282  0.02631567  0.63680978
   0.79150871  0.30986182  0.80405868
   0.00036254  0.00706385  0.75106884
   0.51964380  0.53309193  0.53977190
   0.60180414  0.44524485  0.64907386
   0.61732412  0.56157075  0.94853031
   0.32029755  0.32144020  0.59627809
   0.52601916  0.47718230  0.86231217
   0.27809257  0.19125930  0.69524218
   0.50292118  0.49403162  0.74850193
   0.02397702  0.96247626  0.96230963
   0.09658971  0.04697324  0.85082403
   0.61732412  0.06157070  0.44853037
   0.32029755  0.82144020  0.09627811
   0.52601916  0.97718227  0.36231214
   0.27809257  0.69125930  0.19524214
   0.50292118  0.99403162  0.24850190
   0.02397702  0.46247629  0.46230963
   0.09658971  0.54697326  0.35082409
   0.32468781  0.16875234  0.50099405
   0.32468781  0.66875240  1.00099408
   0.82639875  0.83094761  0.50109026
   0.82639875  0.33094767  0.00109026
   0.29105914  0.24615432  0.34577964
   0.29105914  0.74615432  0.84577967
   0.79548635  0.75207559  0.44969312
   0.79548635  0.25207559  0.94969309
