   0.24896149  0.24854998  0.10369290
   0.23764247  0.27341734  0.22061225
   0.24896149  0.74854998  0.60369292
   0.23764247  0.77341737  0.72061221
   0.75029515  0.75316635  0.89354933
   0.71991115  0.72915857  0.78195468
   0.75029515  0.25316635  0.39354936
   0.71991115  0.22915859  0.28195462
   0.74953710  0.75166012  0.10380556
   0.74669718  0.73073513  0.22044816
   0.74953710  0.25166015  0.60380558
   0.74669718  0.23073512  0.72044819
   0.24791335  0.24612453  0.89361224
   0.23367213  0.28092451  0.78170121
   0.24791335  0.74612456  0.39361227
   0.23367213  0.78092448  0.28170124
   0.24714414  0.24278691 -0.00283849
   0.24714414  0.74278691  0.49716151
   0.75246730  0.75476772  0.99720442
   0.75246730  0.25476772  0.49720436
   0.79317545  0.75106458  0.34761592
   0.79317545  0.25106458  0.84761592
   0.79274194  0.74997194  0.65248439
   0.79274194  0.24997195  0.15248440
   0.29256598  0.24896171  0.54921513
   0.29236313  0.24908354  0.65255415
   0.29236313  0.74908354  0.15255415
   0.29256598  0.74896170  0.04921512
   0.29856172  0.24568401  0.45027220
   0.29856172  0.74568401  0.95027220
   0.79154812  0.75169500  0.54890835
   0.79154812  0.25169500  0.04890835
   0.59302283  0.54301352  0.05541490
   0.31702334  0.31522641  0.40499516
   0.52319020  0.47304692  0.13721440
   0.30748996  0.18337762  0.30227640
   0.50313840  0.49698092  0.25099821
   0.01849367  0.96562725  0.03962251
   0.10204418  0.05338565  0.14896102
   0.59302283  0.04301352  0.55541488
   0.31702334  0.81522641  0.90499516
   0.52319020  0.97304695  0.63721439
   0.30748996  0.68337759  0.80227640
   0.50313840  0.99698095  0.75099824
   0.01849367  0.46562728  0.53962250
   0.10204418  0.55338570  0.64896105
   0.11390496  0.44142253  0.94827154
   0.82108012  0.67830503  0.59622411
   0.02583499  0.52661314  0.86210914
   0.78844480  0.80605695  0.69543586
   0.00111662  0.50407380  0.74915155
   0.52075004  0.03418304  0.96232471
   0.59639086  0.95168358  0.85103433
   0.11390496  0.94142256  0.44827151
   0.82108012  0.17830503  0.09622412
   0.02583499  0.02661316  0.36210914
   0.78844480  0.30605695  0.19543586
   0.00111662  0.00407383  0.24915156
   0.52075004  0.53418306  0.46232468
   0.59639086  0.45168364  0.35103436
   0.09300449  0.45820459  0.05549246
   0.82355438  0.68392218  0.40358482
   0.02329312  0.52621093  0.13699701
   0.79218917  0.80961743  0.30403426
   0.00141711  0.50656614  0.25121978
   0.51728557  0.03503242  0.03980409
   0.60197613  0.94564064  0.14907579
   0.09300449  0.95820456  0.55549250
   0.82355438  0.18392219  0.90358485
   0.02329312  0.02621090  0.63699698
   0.79218917  0.30961745  0.80403423
   0.00141711  0.00656614  0.75121978
   0.51728557  0.53503243  0.53980406
   0.60197613  0.44564064  0.64907582
   0.61433131  0.56055783  0.94843578
   0.32004754  0.32091960  0.59627885
   0.52582517  0.47609806  0.86224911
   0.28050452  0.19162990  0.69540532
   0.50399496  0.49396546  0.74864034
   0.02199073  0.96276375  0.96212605
   0.09965759  0.04952956  0.85059298
   0.61433131  0.06055778  0.44843584
   0.32004754  0.82091960  0.09627887
   0.52582517  0.97609803  0.36224908
   0.28050452  0.69162990  0.19540528
   0.50399496  0.99396546  0.24864031
   0.02199073  0.46276378  0.46212605
   0.09965759  0.54952959  0.35059304
   0.32333972  0.16925464  0.50090814
   0.32333972  0.66925470  1.00090816
   0.82507888  0.83084850  0.50103568
   0.82507888  0.33084856  0.00103568
   0.29158434  0.24674138  0.34575414
   0.29158434  0.74674138  0.84575417
   0.79380222  0.75174851  0.44953909
   0.79380222  0.25174851  0.94953906
