   0.25007625  0.24765134  0.10397166
   0.23917285  0.27228552  0.22091556
   0.25007625  0.74765134  0.60397168
   0.23917285  0.77228555  0.72091552
   0.75028610  0.75235428  0.89340333
   0.72326815  0.72937786  0.78195171
   0.75028610  0.25235428  0.39340336
   0.72326815  0.22937788  0.28195165
   0.75129990  0.75162482  0.10412414
   0.74592651  0.73029854  0.22059856
   0.75129990  0.25162485  0.60412416
   0.74592651  0.23029853  0.72059859
   0.24900076  0.24830823  0.89348984
   0.23427400  0.28070223  0.78197581
   0.24900076  0.74830826  0.39348987
   0.23427400  0.78070220  0.28197584
   0.24436165  0.24422739 -0.00294532
   0.24436165  0.74422739  0.49705468
   0.75004671  0.75376005  0.99701516
   0.75004671  0.25376005  0.49701510
   0.79482272  0.75040056  0.34748251
   0.79482272  0.25040056  0.84748251
   0.79426445  0.75008986  0.65287525
   0.79426445  0.25008987  0.15287527
   0.29211675  0.24929817  0.54929655
   0.29435299  0.24868336  0.65296005
   0.29435299  0.74868336  0.15296005
   0.29211675  0.74929815  0.04929654
   0.29553801  0.24670050  0.44993560
   0.29553801  0.74670050  0.94993560
   0.79092028  0.75173811  0.54900810
   0.79092028  0.25173811  0.04900810
   0.59656173  0.54715627  0.05532777
   0.31616535  0.31598107  0.40458581
   0.52516679  0.47341120  0.13747477
   0.30447502  0.18327013  0.30210836
   0.50388263  0.49665389  0.25124988
   0.01450580  0.96241250  0.03976782
   0.10311482  0.05264185  0.14933173
   0.59656173  0.04715628  0.55532775
   0.31616535  0.81598107  0.90458581
   0.52516679  0.97341123  0.63747475
   0.30447502  0.68327010  0.80210836
   0.50388263  0.99665392  0.75124991
   0.01450580  0.46241253  0.53976781
   0.10311482  0.55264190  0.64933176
   0.10874853  0.44340798  0.94807301
   0.82184539  0.67932730  0.59639751
   0.02607895  0.52804431  0.86205043
   0.78797665  0.80583211  0.69579769
   0.00154182  0.50346897  0.74921913
   0.51739495  0.03446870  0.96200864
   0.60132049  0.94849055  0.85041051
   0.10874853  0.94340801  0.44807298
   0.82184539  0.17932730  0.09639753
   0.02607895  0.02804433  0.36205043
   0.78797665  0.30583211  0.19579769
   0.00154182  0.00346900  0.24921914
   0.51739495  0.53446873  0.46200861
   0.60132049  0.44849061  0.35041054
   0.09686795  0.45417687  0.05528859
   0.82220361  0.68323947  0.40309784
   0.02512367  0.52581598  0.13746328
   0.79385686  0.80953714  0.30393504
   0.00166317  0.50547831  0.25143522
   0.51298118  0.03893781  0.04001003
   0.60318703  0.94600881  0.14930941
   0.09686795  0.95417684  0.55528863
   0.82220361  0.18323949  0.90309787
   0.02512367  0.02581595  0.63746325
   0.79385686  0.30953717  0.80393501
   0.00166317  0.00547832  0.75143522
   0.51298118  0.53893782  0.54001000
   0.60318703  0.44600881  0.64930944
   0.60970052  0.55891626  0.94821908
   0.31995866  0.32012809  0.59643742
   0.52579450  0.47483304  0.86195229
   0.28548558  0.19160746  0.69583207
   0.50452057  0.49393550  0.74876522
   0.01826317  0.96293052  0.96171607
   0.10477788  0.05340331  0.85015372
   0.60970052  0.05891621  0.44821914
   0.31995866  0.82012809  0.09643743
   0.52579450  0.97483301  0.36195226
   0.28548558  0.69160746  0.19583202
   0.50452057  0.99393550  0.24876519
   0.01826317  0.46293055  0.46171607
   0.10477788  0.55340334  0.35015377
   0.32105948  0.16987996  0.50083377
   0.32105948  0.66988002  1.00083380
   0.82260381  0.83057364  0.50103494
   0.82260381  0.33057370  0.00103494
   0.29263607  0.24765638  0.34552558
   0.29263607  0.74765638  0.84552560
   0.79080899  0.75087361  0.44912879
   0.79080899  0.25087361  0.94912876
