   0.24872734  0.24898075  0.10359105
   0.23615952  0.27405823  0.22040898
   0.24872734  0.74898075  0.60359106
   0.23615952  0.77405826  0.72040894
   0.75052144  0.75407818  0.89353128
   0.71819235  0.72923312  0.78182232
   0.75052144  0.25407818  0.39353131
   0.71819235  0.22923313  0.28182226
   0.74908356  0.75155630  0.10371191
   0.74605411  0.73090829  0.22030814
   0.74908356  0.25155632  0.60371194
   0.74605411  0.23090827  0.72030817
   0.24780022  0.24491102  0.89358295
   0.23263835  0.28121684  0.78152007
   0.24780022  0.74491105  0.39358298
   0.23263835  0.78121681  0.28152010
   0.24862524  0.24211854 -0.00279112
   0.24862524  0.74211854  0.49720888
   0.75392505  0.75519630  0.99726781
   0.75392505  0.25519630  0.49726775
   0.79243791  0.75164384  0.34762573
   0.79243791  0.25164384  0.84762573
   0.79221485  0.74986420  0.65233324
   0.79221485  0.24986421  0.15233325
   0.29305046  0.24885925  0.54922685
   0.29162530  0.24928191  0.65240906
   0.29162530  0.74928191  0.15240906
   0.29305046  0.74885923  0.04922683
   0.30032361  0.24504833  0.45041796
   0.30032361  0.74504833  0.95041796
   0.79203421  0.75164002  0.54891217
   0.79203421  0.25164002  0.04891216
   0.59140019  0.54085898  0.05557677
   0.31762558  0.31477163  0.40520500
   0.52250300  0.47284376  0.13713056
   0.30771791  0.18322404  0.30228249
   0.50204045  0.49709593  0.25082101
   0.02069952  0.96721653  0.03962190
   0.10181475  0.05380953  0.14886478
   0.59140019  0.04085898  0.55557674
   0.31762558  0.81477163  0.90520500
   0.52250300  0.97284379  0.63713055
   0.30771791  0.68322401  0.80228249
   0.50204045  0.99709596  0.75082104
   0.02069952  0.46721656  0.53962189
   0.10181475  0.55380958  0.64886481
   0.11685258  0.44009509  0.94837230
   0.82094328  0.67775415  0.59621876
   0.02608627  0.52561690  0.86211507
   0.78863670  0.80673758  0.69526984
   0.00009778  0.50443229  0.74904144
   0.52261880  0.03395710  0.96250255
   0.59340344  0.95387064  0.85131939
   0.11685258  0.94009512  0.44837227
   0.82094328  0.17775415  0.09621877
   0.02608627  0.02561692  0.36211507
   0.78863670  0.30673758  0.19526984
   0.00009778  0.00443232  0.24904146
   0.52261880  0.53395712  0.46250252
   0.59340344  0.45387070  0.35131942
   0.09132366  0.46020041  0.05565650
   0.82411119  0.68435728  0.40379809
   0.02271381  0.52630875  0.13681529
   0.79152834  0.80985075  0.30405893
   0.00043223  0.50703897  0.25107552
   0.51955401  0.03316083  0.03977266
   0.60179996  0.94527007  0.14907172
   0.09132366  0.96020038  0.55565654
   0.82411119  0.18435729  0.90379812
   0.02271381  0.02630873  0.63681526
   0.79152834  0.30985078  0.80405890
   0.00043223  0.00703898  0.75107552
   0.51955401  0.53316084  0.53977263
   0.60179996  0.44527007  0.64907175
   0.61719416  0.56154829  0.94852699
   0.32028466  0.32141920  0.59627653
   0.52601912  0.47713242  0.86231292
   0.27816437  0.19127464  0.69524627
   0.50298683  0.49402845  0.74850784
   0.02387983  0.96249769  0.96230386
   0.09672031  0.04707426  0.85081656
   0.61719416  0.06154825  0.44852705
   0.32028466  0.82141920  0.09627654
   0.52601912  0.97713239  0.36231289
   0.27816437  0.69127464  0.19524623
   0.50298683  0.99402845  0.24850781
   0.02387983  0.46249772  0.46230386
   0.09672031  0.54707429  0.35081661
   0.32463330  0.16877172  0.50099161
   0.32463330  0.66877178  1.00099164
   0.82634232  0.83094565  0.50108871
   0.82634232  0.33094571  0.00108871
   0.29110971  0.24618311  0.34578046
   0.29110971  0.74618311  0.84578049
   0.79534810  0.75205810  0.44967924
   0.79534810  0.25205810  0.94967921
