   0.24875310  0.24887811  0.10361127
   0.23657368  0.27391348  0.22045628
   0.24875310  0.74887811  0.60361129
   0.23657368  0.77391351  0.72045623
   0.75047817  0.75383688  0.89354580
   0.71862931  0.72919424  0.78186625
   0.75047817  0.25383688  0.39354583
   0.71862931  0.22919426  0.28186619
   0.74915356  0.75160565  0.10372993
   0.74630265  0.73086375  0.22034201
   0.74915356  0.25160568  0.60372995
   0.74630265  0.23086373  0.72034204
   0.24782900  0.24518166  0.89359989
   0.23295590  0.28113676  0.78157001
   0.24782900  0.74518169  0.39359992
   0.23295590  0.78113673  0.28157004
   0.24827803  0.24228169 -0.00280060
   0.24827803  0.74228169  0.49719940
   0.75357832  0.75509834  0.99725499
   0.75357832  0.25509834  0.49725493
   0.79261433  0.75150721  0.34762258
   0.79261433  0.25150721  0.84762258
   0.79230187  0.74989439  0.65235738
   0.79230187  0.24989441  0.15235740
   0.29292548  0.24888932  0.54921965
   0.29175763  0.24923882  0.65243118
   0.29175763  0.74923882  0.15243118
   0.29292548  0.74888931  0.04921964
   0.29991149  0.24520107  0.45038644
   0.29991149  0.74520107  0.95038644
   0.79190887  0.75165591  0.54890686
   0.79190887  0.25165591  0.04890685
   0.59179708  0.54140049  0.05553179
   0.31746013  0.31488360  0.40515025
   0.52262413  0.47290347  0.13714863
   0.30774102  0.18325433  0.30228570
   0.50235801  0.49707616  0.25086546
   0.02013624  0.96683144  0.03961464
   0.10179639  0.05370180  0.14887901
   0.59179708  0.04140050  0.55553177
   0.31746013  0.81488360  0.90515025
   0.52262413  0.97290350  0.63714862
   0.30774102  0.68325430  0.80228570
   0.50235801  0.99707618  0.75086549
   0.02013624  0.46683147  0.53961464
   0.10179639  0.55370186  0.64887904
   0.11612930  0.44039146  0.94834666
   0.82092866  0.67789569  0.59621847
   0.02603158  0.52587984  0.86211840
   0.78858121  0.80655209  0.69531129
   0.00040738  0.50434988  0.74907316
   0.52220058  0.03404994  0.96245965
   0.59412112  0.95329431  0.85125624
   0.11612930  0.94039149  0.44834663
   0.82092866  0.17789569  0.09621849
   0.02603158  0.02587986  0.36211840
   0.78858121  0.30655209  0.19531129
   0.00040738  0.00434991  0.24907318
   0.52220058  0.53404997  0.46245962
   0.59412112  0.45329437  0.35125627
   0.09172567  0.45970121  0.05561204
   0.82397583  0.68424401  0.40375197
   0.02280520  0.52627665  0.13685445
   0.79166018  0.80980912  0.30405513
   0.00073466  0.50692392  0.25111316
   0.51898088  0.03362156  0.03977207
   0.60177373  0.94538531  0.14906541
   0.09172567  0.95970118  0.55561209
   0.82397583  0.18424403  0.90375200
   0.02280520  0.02627662  0.63685442
   0.79166018  0.30980915  0.80405510
   0.00073466  0.00692392  0.75111316
   0.51898088  0.53362157  0.53977204
   0.60177373  0.44538531  0.64906544
   0.61654892  0.56127444  0.94850349
   0.32018839  0.32129982  0.59627595
   0.52594009  0.47689220  0.86230777
   0.27865454  0.19137933  0.69528627
   0.50329003  0.49400631  0.74854360
   0.02341382  0.96257910  0.96226280
   0.09747015  0.04765393  0.85076409
   0.61654892  0.06127440  0.44850355
   0.32018839  0.82129982  0.09627596
   0.52594009  0.97689217  0.36230774
   0.27865454  0.69137933  0.19528622
   0.50329003  0.99400631  0.24854357
   0.02341382  0.46257913  0.46226280
   0.09747015  0.54765395  0.35076415
   0.32430857  0.16888555  0.50096831
   0.32430857  0.66888561  1.00096834
   0.82602375  0.83092649  0.50106802
   0.82602375  0.33092655  0.00106802
   0.29123931  0.24631060  0.34578410
   0.29123931  0.74631060  0.84578413
   0.79500174  0.75198846  0.44965202
   0.79500174  0.25198846  0.94965199
