   0.24872695  0.24905458  0.10357603
   0.23578327  0.27417872  0.22036409
   0.24872695  0.74905458  0.60357605
   0.23578327  0.77417875  0.72036405
   0.75053431  0.75428230  0.89352267
   0.71781101  0.72926481  0.78178062
   0.75053431  0.25428230  0.39352270
   0.71781101  0.22926483  0.28178056
   0.74905106  0.75151132  0.10369791
   0.74578176  0.73093362  0.22027201
   0.74905106  0.25151135  0.60369793
   0.74578176  0.23093361  0.72027204
   0.24775670  0.24469010  0.89357275
   0.23231724  0.28128383  0.78147566
   0.24775670  0.74469013  0.39357278
   0.23231724  0.78128380  0.28147569
   0.24891590  0.24200183 -0.00277747
   0.24891590  0.74200183  0.49722253
   0.75422762  0.75526042  0.99728402
   0.75422762  0.25526042  0.49728396
   0.79229041  0.75176570  0.34762433
   0.79229041  0.25176570  0.84762433
   0.79216597  0.74981582  0.65229774
   0.79216597  0.24981584  0.15229775
   0.29316770  0.24883849  0.54923625
   0.29154955  0.24933577  0.65237540
   0.29154955  0.74933577  0.15237540
   0.29316770  0.74883848  0.04923624
   0.30065681  0.24493052  0.45044937
   0.30065681  0.74493052  0.95044937
   0.79215348  0.75162132  0.54891906
   0.79215348  0.25162132  0.04891906
   0.59111280  0.54043830  0.05561381
   0.31777040  0.31468902  0.40524504
   0.52242415  0.47278967  0.13711908
   0.30763972  0.18321860  0.30227598
   0.50175217  0.49711376  0.25078544
   0.02113270  0.96750218  0.03962705
   0.10186343  0.05391120  0.14885842
   0.59111280  0.04043831  0.55561379
   0.31777040  0.81468902  0.90524504
   0.52242415  0.97278970  0.63711907
   0.30763972  0.68321857  0.80227598
   0.50175217  0.99711379  0.75078547
   0.02113270  0.46750221  0.53962705
   0.10186343  0.55391125  0.64885845
   0.11745024  0.43984119  0.94839208
   0.82096859  0.67763736  0.59622607
   0.02612752  0.52541524  0.86211185
   0.78865814  0.80685372  0.69524245
  -0.00019052  0.50449770  0.74901402
   0.52300323  0.03390298  0.96253560
   0.59279627  0.95432390  0.85137136
   0.11745024  0.93984122  0.44839205
   0.82096859  0.17763736  0.09622609
   0.02612752  0.02541527  0.36211185
   0.78865814  0.30685372  0.19524245
  -0.00019052  0.00449773  0.24901403
   0.52300323  0.53390300  0.46253557
   0.59279627  0.45432396  0.35137139
   0.09103030  0.46057328  0.05569350
   0.82421639  0.68444614  0.40383790
   0.02265535  0.52633874  0.13678999
   0.79144382  0.80989539  0.30405590
   0.00014741  0.50713445  0.25104386
   0.51999886  0.03281545  0.03977270
   0.60185293  0.94516190  0.14907859
   0.09103030  0.96057325  0.55569354
   0.82421639  0.18444615  0.90383793
   0.02265535  0.02633871  0.63678996
   0.79144382  0.30989542  0.80405587
   0.00014741  0.00713445  0.75104386
   0.51999886  0.53281546  0.53977267
   0.60185293  0.44516190  0.64907862
   0.61775884  0.56174525  0.94854554
   0.32036689  0.32151519  0.59628498
   0.52604632  0.47734583  0.86231424
   0.27783106  0.19122192  0.69521767
   0.50270874  0.49404347  0.74847849
   0.02427807  0.96243985  0.96233663
   0.09610886  0.04658636  0.85086122
   0.61775884  0.06174521  0.44854560
   0.32036689  0.82151519  0.09628500
   0.52604632  0.97734580  0.36231421
   0.27783106  0.69122192  0.19521762
   0.50270874  0.99404347  0.24847846
   0.02427807  0.46243988  0.46233663
   0.09610886  0.54658638  0.35086128
   0.32491422  0.16867999  0.50100851
   0.32491422  0.66868005  1.00100854
   0.82661825  0.83095739  0.50110120
   0.82661825  0.33095745  0.00110120
   0.29100354  0.24608516  0.34577546
   0.29100354  0.74608516  0.84577549
   0.79562125  0.75211009  0.44971485
   0.79562125  0.25211009  0.94971482
