   0.24958729  0.24800310  0.10386269
   0.23871563  0.27269353  0.22081196
   0.24958729  0.74800310  0.60386271
   0.23871563  0.77269356  0.72081192
   0.75023077  0.75244665  0.89349091
   0.72192260  0.72923905  0.78199243
   0.75023077  0.25244665  0.39349094
   0.72192260  0.22923907  0.28199237
   0.75048768  0.75170570  0.10398765
   0.74637662  0.73047958  0.22055232
   0.75048768  0.25170573  0.60398767
   0.74637662  0.23047957  0.72055235
   0.24844617  0.24757187  0.89356451
   0.23414722  0.28072472  0.78187914
   0.24844617  0.74757190  0.39356454
   0.23414722  0.78072469  0.28187917
   0.24547002  0.24358449 -0.00289003
   0.24547002  0.74358449  0.49710997
   0.75087726  0.75422930  0.99709179
   0.75087726  0.25422930  0.49709173
   0.79408654  0.75055926  0.34753571
   0.79408654  0.25055926  0.84753571
   0.79367246  0.75004554  0.65271327
   0.79367246  0.25004555  0.15271328
   0.29221737  0.24908555  0.54924291
   0.29356667  0.24884096  0.65277732
   0.29356667  0.74884096  0.15277732
   0.29221737  0.74908553  0.04924289
   0.29660901  0.24636855  0.45005928
   0.29660901  0.74636855  0.95005928
   0.79115057  0.75174533  0.54894907
   0.79115057  0.25174533  0.04894906
   0.59516488  0.54553151  0.05533274
   0.31650208  0.31571903  0.40473445
   0.52433324  0.47324390  0.13736113
   0.30595384  0.18346825  0.30217209
   0.50377521  0.49683052  0.25116178
   0.01599690  0.96360710  0.03970445
   0.10269647  0.05299530  0.14917028
   0.59516488  0.04553152  0.55533272
   0.31650208  0.81571903  0.90473445
   0.52433324  0.97324393  0.63736111
   0.30595384  0.68346823  0.80217209
   0.50377521  0.99683055  0.75116181
   0.01599690  0.46360713  0.53970444
   0.10269647  0.55299536  0.64917031
   0.11072311  0.44269758  0.94814746
   0.82152849  0.67894825  0.59631155
   0.02581734  0.52759538  0.86207361
   0.78813875  0.80566097  0.69567133
   0.00159831  0.50366490  0.74919392
   0.51865031  0.03449524  0.96213356
   0.59947154  0.94952515  0.85065498
   0.11072311  0.94269761  0.44814743
   0.82152849  0.17894825  0.09631157
   0.02581734  0.02759540  0.36207361
   0.78813875  0.30566097  0.19567133
   0.00159831  0.00366493  0.24919394
   0.51865031  0.53449526  0.46213353
   0.59947154  0.44952521  0.35065501
   0.09528501  0.45576568  0.05536333
   0.82284509  0.68346493  0.40330985
   0.02430668  0.52600948  0.13727240
   0.79321321  0.80944695  0.30395535
   0.00180572  0.50593837  0.25134716
   0.51462869  0.03739818  0.03992993
   0.60267368  0.94588430  0.14919195
   0.09528501  0.95576565  0.55536337
   0.82284509  0.18346494  0.90330987
   0.02430668  0.02600946  0.63727237
   0.79321321  0.30944697  0.80395532
   0.00180572  0.00593838  0.75134716
   0.51462869  0.53739819  0.53992990
   0.60267368  0.44588430  0.64919198
   0.61137017  0.55949647  0.94832260
   0.31999484  0.32036041  0.59635731
   0.52572472  0.47520392  0.86208534
   0.28361248  0.19174362  0.69566812
   0.50451657  0.49393456  0.74872881
   0.01972487  0.96290191  0.96189550
   0.10278742  0.05202373  0.85031604
   0.61137017  0.05949643  0.44832266
   0.31999484  0.82036041  0.09635732
   0.52572472  0.97520389  0.36208531
   0.28361248  0.69174362  0.19566807
   0.50451657  0.99393456  0.24872878
   0.01972487  0.46290194  0.46189550
   0.10278742  0.55202375  0.35031610
   0.32196666  0.16968670  0.50086086
   0.32196666  0.66968676  1.00086089
   0.82363080  0.83069491  0.50102737
   0.82363080  0.33069497  0.00102737
   0.29213077  0.24746167  0.34564106
   0.29213077  0.74746167  0.84564109
   0.79186795  0.75127777  0.44928266
   0.79186795  0.25127777  0.94928263
