   0.24884750  0.24867909  0.10366132
   0.23728038  0.27360068  0.22056073
   0.24884750  0.74867909  0.60366134
   0.23728038  0.77360071  0.72056068
   0.75035974  0.75340585  0.89355183
   0.71942205  0.72915957  0.78193120
   0.75035974  0.25340585  0.39355186
   0.71942205  0.22915959  0.28193114
   0.74935446  0.75164380  0.10377505
   0.74662076  0.73079730  0.22041806
   0.74935446  0.25164383  0.60377507
   0.74662076  0.23079729  0.72041809
   0.24786648  0.24575539  0.89361165
   0.23345593  0.28098712  0.78165464
   0.24786648  0.74575542  0.39361168
   0.23345593  0.78098709  0.28165467
   0.24761979  0.24258791 -0.00282795
   0.24761979  0.74258791  0.49717205
   0.75289423  0.75490847  0.99721931
   0.75289423  0.25490847  0.49721925
   0.79296898  0.75122911  0.34761769
   0.79296898  0.25122911  0.84761769
   0.79256259  0.74995471  0.65244269
   0.79256259  0.24995473  0.15244271
   0.29267418  0.24893621  0.54920750
   0.29211568  0.24913326  0.65251447
   0.29211568  0.74913326  0.15251447
   0.29267418  0.74893620  0.04920749
   0.29905885  0.24549948  0.45030766
   0.29905885  0.74549948  0.95030766
   0.79167101  0.75168623  0.54889792
   0.79167101  0.25168623  0.04889792
   0.59255838  0.54242096  0.05545105
   0.31718423  0.31508861  0.40506535
   0.52294283  0.47299127  0.13717901
   0.30767514  0.18330981  0.30228672
   0.50285882  0.49702383  0.25094129
   0.01911536  0.96608221  0.03961815
   0.10190790  0.05352883  0.14891556
   0.59255838  0.04242097  0.55545103
   0.31718423  0.81508861  0.90506535
   0.52294283  0.97299130  0.63717899
   0.30767514  0.68330978  0.80228672
   0.50285882  0.99702386  0.75094132
   0.01911536  0.46608224  0.53961815
   0.10190790  0.55352888  0.64891559
   0.11476284  0.44104313  0.94830722
   0.82099477  0.67816255  0.59620985
   0.02589169  0.52634600  0.86211931
   0.78851232  0.80624533  0.69538042
   0.00088318  0.50419825  0.74912019
   0.52131683  0.03414523  0.96238315
   0.59553974  0.95226625  0.85112578
   0.11476284  0.94104316  0.44830719
   0.82099477  0.17816255  0.09620987
   0.02589169  0.02634602  0.36211931
   0.78851232  0.30624533  0.19538042
   0.00088318  0.00419828  0.24912020
   0.52131683  0.53414525  0.46238312
   0.59553974  0.45226631  0.35112581
   0.09251994  0.45876428  0.05553159
   0.82373885  0.68403933  0.40366120
   0.02306109  0.52622877  0.13693073
   0.79196798  0.80969831  0.30405223
   0.00119836  0.50670627  0.25117382
   0.51792113  0.03450063  0.03978965
   0.60187460  0.94555375  0.14905824
   0.09251994  0.95876425  0.55553164
   0.82373885  0.18403935  0.90366123
   0.02306109  0.02622874  0.63693070
   0.79196798  0.30969834  0.80405220
   0.00119836  0.00670628  0.75117382
   0.51792113  0.53450064  0.53978962
   0.60187460  0.44555375  0.64905827
   0.61517865  0.56082949  0.94846879
   0.32007937  0.32105264  0.59626459
   0.52584933  0.47637779  0.86228182
   0.27976858  0.19152388  0.69535535
   0.50375153  0.49397057  0.74860124
   0.02254675  0.96270605  0.96218696
   0.09884300  0.04880604  0.85066258
   0.61517865  0.06082945  0.44846885
   0.32007937  0.82105264  0.09626460
   0.52584933  0.97637776  0.36228179
   0.27976858  0.69152388  0.19535530
   0.50375153  0.99397057  0.24860121
   0.02254675  0.46270608  0.46218696
   0.09884300  0.54880606  0.35066264
   0.32369994  0.16912859  0.50093942
   0.32369994  0.66912865  1.00093944
   0.82543243  0.83087130  0.50105520
   0.82543243  0.33087136  0.00105520
   0.29148460  0.24659826  0.34577326
   0.29148460  0.74659826  0.84577329
   0.79416695  0.75182744  0.44956644
   0.79416695  0.25182744  0.94956641
