   0.24961329  0.24801241  0.10386137
   0.23872708  0.27268365  0.22080605
   0.24961329  0.74801241  0.60386138
   0.23872708  0.77268368  0.72080601
   0.75026156  0.75242557  0.89349123
   0.72195932  0.72925542  0.78199540
   0.75026156  0.25242557  0.39349126
   0.72195932  0.22925543  0.28199534
   0.75051482  0.75169164  0.10398672
   0.74637842  0.73047642  0.22054544
   0.75051482  0.25169167  0.60398674
   0.74637842  0.23047641  0.72054547
   0.24848563  0.24759300  0.89356529
   0.23415786  0.28070561  0.78188396
   0.24848563  0.74759303  0.39356532
   0.23415786  0.78070558  0.28188399
   0.24545967  0.24358690 -0.00288936
   0.24545967  0.74358690  0.49711064
   0.75090426  0.75423128  0.99709371
   0.75090426  0.25423128  0.49709365
   0.79408914  0.75059409  0.34751739
   0.79408914  0.25059409  0.84751739
   0.79366554  0.75008728  0.65274181
   0.79366554  0.25008730  0.15274183
   0.29223647  0.24907279  0.54924476
   0.29355724  0.24880520  0.65280073
   0.29355724  0.74880520  0.15280073
   0.29223647  0.74907278  0.04924475
   0.29658516  0.24636445  0.45006117
   0.29658516  0.74636445  0.95006117
   0.79116836  0.75175860  0.54895029
   0.79116836  0.25175860  0.04895028
   0.59519601  0.54555593  0.05533210
   0.31649142  0.31571844  0.40472931
   0.52434203  0.47325267  0.13735846
   0.30591973  0.18350754  0.30218787
   0.50377716  0.49682756  0.25116856
   0.01595679  0.96358478  0.03970418
   0.10269532  0.05300392  0.14916944
   0.59519601  0.04555594  0.55533207
   0.31649142  0.81571844  0.90472931
   0.52434203  0.97325270  0.63735844
   0.30591973  0.68350751  0.80218787
   0.50377716  0.99682759  0.75116859
   0.01595679  0.46358481  0.53970418
   0.10269532  0.55300397  0.64916947
   0.11066513  0.44269035  0.94814594
   0.82152568  0.67897024  0.59631162
   0.02582011  0.52761973  0.86207702
   0.78814141  0.80562871  0.69565058
   0.00159631  0.50366061  0.74919749
   0.51863514  0.03451107  0.96213124
   0.59949518  0.94948536  0.85065436
   0.11066513  0.94269038  0.44814591
   0.82152568  0.17897024  0.09631164
   0.02582011  0.02761975  0.36207702
   0.78814141  0.30562871  0.19565058
   0.00159631  0.00366064  0.24919751
   0.51863514  0.53451109  0.46213121
   0.59949518  0.44948542  0.35065439
   0.09531535  0.45573628  0.05536141
   0.82281750  0.68346223  0.40330107
   0.02431244  0.52599788  0.13727141
   0.79321401  0.80940691  0.30397420
   0.00180563  0.50593016  0.25135461
   0.51458782  0.03742127  0.03993035
   0.60267841  0.94587920  0.14918998
   0.09531535  0.95573625  0.55536145
   0.82281750  0.18346224  0.90330109
   0.02431244  0.02599785  0.63727138
   0.79321401  0.30940693  0.80397417
   0.00180563  0.00593016  0.75135461
   0.51458782  0.53742128  0.53993033
   0.60267841  0.44587920  0.64919000
   0.61135314  0.55947145  0.94832102
   0.31998690  0.32034308  0.59635718
   0.52570091  0.47520589  0.86208813
   0.28365182  0.19177992  0.69564869
   0.50451295  0.49393734  0.74873245
   0.01968934  0.96291072  0.96189158
   0.10282580  0.05204314  0.85031615
   0.61135314  0.05947140  0.44832108
   0.31998690  0.82034308  0.09635719
   0.52570091  0.97520586  0.36208810
   0.28365182  0.69177992  0.19564864
   0.50451295  0.99393734  0.24873242
   0.01968934  0.46291075  0.46189158
   0.10282580  0.55204316  0.35031621
   0.32194524  0.16969476  0.50085646
   0.32194524  0.66969482  1.00085649
   0.82360403  0.83069256  0.50102242
   0.82360403  0.33069262  0.00102242
   0.29215047  0.24745363  0.34563253
   0.29215047  0.74745363  0.84563256
   0.79182670  0.75127220  0.44927616
   0.79182670  0.25127220  0.94927613
