   0.24882087  0.24873007  0.10364335
   0.23709804  0.27368507  0.22052951
   0.24882087  0.74873007  0.60364336
   0.23709804  0.77368510  0.72052946
   0.75040086  0.75351672  0.89355401
   0.71920644  0.72916558  0.78191344
   0.75040086  0.25351672  0.39355404
   0.71920644  0.22916560  0.28191338
   0.74929657  0.75164004  0.10375832
   0.74655330  0.73081722  0.22039514
   0.74929657  0.25164007  0.60375834
   0.74655330  0.23081721  0.72039517
   0.24785849  0.24559938  0.89361266
   0.23332832  0.28102632  0.78163026
   0.24785849  0.74559941  0.39361269
   0.23332832  0.78102629  0.28163029
   0.24778994  0.24250385 -0.00281851
   0.24778994  0.74250385  0.49718149
   0.75308964  0.75496118  0.99723193
   0.75308964  0.25496118  0.49723187
   0.79288126  0.75129582  0.34762340
   0.79288126  0.25129582  0.84762340
   0.79248343  0.74994239  0.65241733
   0.79248343  0.24994240  0.15241735
   0.29273940  0.24892399  0.54921152
   0.29201175  0.24915938  0.65248943
   0.29201175  0.74915938  0.15248943
   0.29273940  0.74892398  0.04921151
   0.29926926  0.24542522  0.45033325
   0.29926926  0.74542522  0.95033325
   0.79172864  0.75168234  0.54890022
   0.79172864  0.25168234  0.04890022
   0.59233477  0.54213507  0.05547234
   0.31727113  0.31503354  0.40508515
   0.52284938  0.47295988  0.13716997
   0.30772222  0.18328428  0.30228811
   0.50271769  0.49703564  0.25092152
   0.01940823  0.96630811  0.03961494
   0.10185915  0.05356227  0.14890421
   0.59233477  0.04213507  0.55547232
   0.31727113  0.81503354  0.90508515
   0.52284938  0.97295991  0.63716995
   0.30772222  0.68328425  0.80228811
   0.50271769  0.99703567  0.75092155
   0.01940823  0.46630814  0.53961493
   0.10185915  0.55356233  0.64890424
   0.11515807  0.44085245  0.94831706
   0.82096940  0.67808563  0.59621316
   0.02593834  0.52620636  0.86211927
   0.78854106  0.80635030  0.69536398
   0.00075254  0.50424195  0.74910971
   0.52156881  0.03409630  0.96240386
   0.59513298  0.95257434  0.85116318
   0.11515807  0.94085248  0.44831703
   0.82096940  0.17808563  0.09621317
   0.02593834  0.02620638  0.36211927
   0.78854106  0.30635030  0.19536398
   0.00075254  0.00424198  0.24910973
   0.52156881  0.53409632  0.46240383
   0.59513298  0.45257440  0.35116321
   0.09228712  0.45903021  0.05555308
   0.82381428  0.68409259  0.40368320
   0.02298141  0.52624586  0.13690742
   0.79187272  0.80973479  0.30405483
   0.00107057  0.50677775  0.25115871
   0.51822730  0.03424260  0.03978217
   0.60183264  0.94552698  0.14906024
   0.09228712  0.95903018  0.55555312
   0.82381428  0.18409261  0.90368323
   0.02298141  0.02624583  0.63690739
   0.79187272  0.30973482  0.80405480
   0.00107057  0.00677775  0.75115871
   0.51822730  0.53424261  0.53978214
   0.60183264  0.44552698  0.64906027
   0.61556675  0.56097428  0.94847736
   0.32010662  0.32112478  0.59626819
   0.52589188  0.47651900  0.86229078
   0.27943336  0.19145973  0.69534132
   0.50362201  0.49398333  0.74858729
   0.02280878  0.96267757  0.96220790
   0.09843606  0.04846911  0.85069156
   0.61556675  0.06097423  0.44847742
   0.32010662  0.82112478  0.09626820
   0.52589188  0.97651897  0.36229075
   0.27943336  0.69145973  0.19534127
   0.50362201  0.99398333  0.24858726
   0.02280878  0.46267760  0.46220790
   0.09843606  0.54846913  0.35069162
   0.32388215  0.16905844  0.50094154
   0.32388215  0.66905850  1.00094157
   0.82560909  0.83089087  0.50105373
   0.82560909  0.33089093  0.00105373
   0.29142950  0.24654014  0.34578063
   0.29142950  0.74654014  0.84578066
   0.79434747  0.75185107  0.44958825
   0.79434747  0.25185107  0.94958822
