   0.24875195  0.24886203  0.10361594
   0.23663890  0.27387989  0.22046989
   0.24875195  0.74886203  0.60361596
   0.23663890  0.77387992  0.72046984
   0.75047814  0.75379924  0.89354189
   0.71869012  0.72919222  0.78186381
   0.75047814  0.25379924  0.39354192
   0.71869012  0.22919223  0.28186375
   0.74916055  0.75161349  0.10373399
   0.74634323  0.73086795  0.22035347
   0.74916055  0.25161352  0.60373401
   0.74634323  0.23086794  0.72035350
   0.24782719  0.24523234  0.89359662
   0.23300692  0.28112841  0.78156850
   0.24782719  0.74523237  0.39359665
   0.23300692  0.78112838  0.28156853
   0.24821152  0.24230440 -0.00280522
   0.24821152  0.74230440  0.49719478
   0.75351599  0.75508532  0.99725012
   0.75351599  0.25508532  0.49725006
   0.79266053  0.75146557  0.34762905
   0.79266053  0.25146557  0.84762905
   0.79233500  0.74989911  0.65237013
   0.79233500  0.24989913  0.15237015
   0.29288369  0.24888799  0.54921708
   0.29179887  0.24922748  0.65244399
   0.29179887  0.74922748  0.15244399
   0.29288369  0.74888797  0.04921707
   0.29979785  0.24523221  0.45037908
   0.29979785  0.74523221  0.95037908
   0.79186850  0.75166738  0.54890422
   0.79186850  0.25166738  0.04890422
   0.59181978  0.54144232  0.05552588
   0.31745482  0.31489058  0.40514996
   0.52264938  0.47290015  0.13714932
   0.30775375  0.18324779  0.30228787
   0.50237530  0.49707099  0.25086808
   0.02011255  0.96680789  0.03961755
   0.10181313  0.05368004  0.14887905
   0.59181978  0.04144232  0.55552585
   0.31745482  0.81489058  0.90514996
   0.52264938  0.97290018  0.63714930
   0.30775375  0.68324776  0.80228787
   0.50237530  0.99707102  0.75086811
   0.02011255  0.46680792  0.53961755
   0.10181313  0.55368009  0.64887908
   0.11608512  0.44044716  0.94834531
   0.82093597  0.67790666  0.59621092
   0.02602485  0.52587446  0.86211847
   0.78858979  0.80656966  0.69531738
   0.00042417  0.50434145  0.74907579
   0.52212719  0.03400687  0.96245578
   0.59421371  0.95327712  0.85125024
   0.11608512  0.94044719  0.44834528
   0.82093597  0.17790666  0.09621093
   0.02602485  0.02587449  0.36211847
   0.78858979  0.30656966  0.19531738
   0.00042417  0.00434148  0.24907581
   0.52212719  0.53400690  0.46245575
   0.59421371  0.45327718  0.35125027
   0.09175606  0.45967086  0.05560619
   0.82397987  0.68423234  0.40374471
   0.02282801  0.52628019  0.13685640
   0.79167259  0.80980010  0.30406125
   0.00075150  0.50691942  0.25111499
   0.51895250  0.03365449  0.03977568
   0.60178992  0.94540400  0.14906427
   0.09175606  0.95967083  0.55560623
   0.82397987  0.18423236  0.90374474
   0.02282801  0.02628017  0.63685637
   0.79167259  0.30980013  0.80406122
   0.00075150  0.00691943  0.75111499
   0.51895250  0.53365450  0.53977565
   0.60178992  0.44540400  0.64906430
   0.61643898  0.56130078  0.94850266
   0.32018925  0.32128606  0.59626739
   0.52598236  0.47684479  0.86230624
   0.27869396  0.19135304  0.69529334
   0.50330432  0.49400785  0.74854668
   0.02339323  0.96257593  0.96225890
   0.09751137  0.04772264  0.85076005
   0.61643898  0.06130074  0.44850272
   0.32018925  0.82128606  0.09626740
   0.52598236  0.97684476  0.36230621
   0.27869396  0.69135304  0.19529329
   0.50330432  0.99400785  0.24854665
   0.02339323  0.46257596  0.46225890
   0.09751137  0.54772266  0.35076011
   0.32428866  0.16890428  0.50096726
   0.32428866  0.66890434  1.00096728
   0.82600642  0.83092051  0.50107190
   0.82600642  0.33092057  0.00107190
   0.29127371  0.24635921  0.34578352
   0.29127371  0.74635921  0.84578355
   0.79483852  0.75195517  0.44963433
   0.79483852  0.25195517  0.94963430
