   0.25090838  0.24721871  0.10423665
   0.23968116  0.27218998  0.22098381
   0.25090838  0.74721871  0.60423666
   0.23968116  0.77219001  0.72098376
   0.75208064  0.75215548  0.89332790
   0.72543583  0.72941894  0.78175651
   0.75208064  0.25215548  0.39332792
   0.72543583  0.22941895  0.28175645
   0.75204344  0.75265082  0.10450857
   0.74420162  0.72942660  0.22051189
   0.75204344  0.25265085  0.60450859
   0.74420162  0.22942659  0.72051192
   0.25071851  0.24935026  0.89334883
   0.23390656  0.28145374  0.78203379
   0.25071851  0.74935029  0.39334886
   0.23390656  0.78145371  0.28203382
   0.24232232  0.24311307 -0.00266917
   0.24232232  0.74311307  0.49733083
   0.74799790  0.75501572  0.99650006
   0.74799790  0.25501572  0.49650000
   0.79562577  0.75009232  0.34744333
   0.79562577  0.25009232  0.84744333
   0.79528617  0.75050217  0.65318753
   0.79528617  0.25050218  0.15318755
   0.29267562  0.24861108  0.54927109
   0.29549267  0.24833419  0.65317024
   0.29549267  0.74833419  0.15317024
   0.29267562  0.74861106  0.04927108
   0.29284926  0.24647670  0.44967305
   0.29284926  0.74647670  0.94967305
   0.79069777  0.75242204  0.54900150
   0.79069777  0.25242204  0.04900149
   0.59972775  0.54985480  0.05567798
   0.31614031  0.31717419  0.40425751
   0.52624030  0.47359563  0.13771996
   0.30097031  0.18041016  0.30204446
   0.50436145  0.49612999  0.25142768
   0.01281652  0.96056190  0.03985790
   0.10400894  0.05233809  0.14974023
   0.59972775  0.04985481  0.55567796
   0.31614031  0.81717419  0.90425751
   0.52624030  0.97359566  0.63771995
   0.30097031  0.68041013  0.80204446
   0.50436145  0.99613002  0.75142771
   0.01281652  0.46056193  0.53985789
   0.10400894  0.55233815  0.64974026
   0.10652744  0.44363947  0.94751841
   0.82183570  0.67995916  0.59653209
   0.02722367  0.52811288  0.86215376
   0.78820312  0.80785639  0.69596230
   0.00093413  0.50313971  0.74906072
   0.51446791  0.03534187  0.96204037
   0.60336451  0.94725123  0.85003222
   0.10652744  0.94363950  0.44751838
   0.82183570  0.17995916  0.09653210
   0.02722367  0.02811290  0.36215376
   0.78820312  0.30785639  0.19596230
   0.00093413  0.00313974  0.24906074
   0.51446791  0.53534189  0.46204034
   0.60336451  0.44725129  0.35003225
   0.10045785  0.45075333  0.05531894
   0.82175543  0.68104037  0.40294332
   0.02638431  0.52528738  0.13773002
   0.79442816  0.81189822  0.30365919
   0.00157087  0.50503896  0.25142004
   0.51000828  0.04182814  0.04013642
   0.60439895  0.94578205  0.14985811
   0.10045785  0.95075330  0.55531898
   0.82175543  0.18104038  0.90294335
   0.02638431  0.02528735  0.63772999
   0.79442816  0.31189825  0.80365916
   0.00157087  0.00503896  0.75142004
   0.51000828  0.54182815  0.54013640
   0.60439895  0.44578205  0.64985814
   0.60762322  0.55945315  0.94801514
   0.31961515  0.31955732  0.59655316
   0.52725952  0.47489052  0.86193281
   0.28842938  0.19016130  0.69609962
   0.50416438  0.49364132  0.74882076
   0.01570310  0.96256948  0.96144008
   0.10673171  0.05534741  0.84973737
   0.60762322  0.05945311  0.44801520
   0.31961515  0.81955732  0.09655318
   0.52725952  0.97489049  0.36193278
   0.28842938  0.69016130  0.19609957
   0.50416438  0.99364132  0.24882073
   0.01570310  0.46256951  0.46144008
   0.10673171  0.55534743  0.34973743
   0.31949511  0.16816858  0.50082015
   0.31949511  0.66816864  1.00082018
   0.82104175  0.83113471  0.50101537
   0.82104175  0.33113477  0.00101537
   0.29305674  0.24833871  0.34534234
   0.29305674  0.74833871  0.84534237
   0.78913010  0.75131155  0.44884591
   0.78913010  0.25131155  0.94884588
