   0.24946756  0.24810989  0.10383007
   0.23855518  0.27280952  0.22077846
   0.24946756  0.74810989  0.60383009
   0.23855518  0.77280955  0.72077842
   0.75023450  0.75252799  0.89350560
   0.72153046  0.72923246  0.78199506
   0.75023450  0.25252799  0.39350563
   0.72153046  0.22923248  0.28199500
   0.75030735  0.75169983  0.10394910
   0.74650495  0.73055287  0.22053842
   0.75030735  0.25169986  0.60394912
   0.74650495  0.23055285  0.72053845
   0.24832483  0.24732107  0.89357833
   0.23411597  0.28073018  0.78184729
   0.24832483  0.74732109  0.39357836
   0.23411597  0.78073015  0.28184732
   0.24577482  0.24345104 -0.00288381
   0.24577482  0.74345104  0.49711619
   0.75117773  0.75431443  0.99711760
   0.75117773  0.25431443  0.49711754
   0.79389945  0.75065256  0.34754874
   0.79389945  0.25065256  0.84754874
   0.79350182  0.75003145  0.65267201
   0.79350182  0.25003146  0.15267202
   0.29227882  0.24906771  0.54923208
   0.29334014  0.24888464  0.65273701
   0.29334014  0.74888464  0.15273701
   0.29227882  0.74906769  0.04923207
   0.29694651  0.24622735  0.45010699
   0.29694651  0.74622735  0.95010699
   0.79122891  0.75172516  0.54893611
   0.79122891  0.25172516  0.04893611
   0.59471166  0.54502279  0.05533968
   0.31657976  0.31562458  0.40478290
   0.52410306  0.47319435  0.13733037
   0.30635102  0.18352986  0.30220563
   0.50369545  0.49686792  0.25113257
   0.01648290  0.96401836  0.03968631
   0.10257559  0.05308310  0.14912189
   0.59471166  0.04502279  0.55533966
   0.31657976  0.81562458  0.90478290
   0.52410306  0.97319438  0.63733035
   0.30635102  0.68352983  0.80220563
   0.50369545  0.99686795  0.75113260
   0.01648290  0.46401839  0.53968631
   0.10257559  0.55308315  0.64912192
   0.11132586  0.44246013  0.94817297
   0.82142451  0.67882922  0.59628867
   0.02578561  0.52742831  0.86208043
   0.78819983  0.80565800  0.69562283
   0.00155254  0.50375087  0.74919224
   0.51902779  0.03441936  0.96216860
   0.59890471  0.94991277  0.85073421
   0.11132586  0.94246016  0.44817294
   0.82142451  0.17882922  0.09628869
   0.02578561  0.02742833  0.36208043
   0.78819983  0.30565800  0.19562283
   0.00155254  0.00375090  0.24919225
   0.51902779  0.53441938  0.46216857
   0.59890471  0.44991283  0.35073424
   0.09479689  0.45627195  0.05538670
   0.82298151  0.68354715  0.40335508
   0.02408989  0.52605974  0.13721565
   0.79298955  0.80941175  0.30397980
   0.00178953  0.50606753  0.25132454
   0.51515954  0.03690393  0.03990229
   0.60254273  0.94584524  0.14915815
   0.09479689  0.95627192  0.55538674
   0.82298151  0.18354717  0.90335511
   0.02408989  0.02605971  0.63721562
   0.79298955  0.30941178  0.80397977
   0.00178953  0.00606753  0.75132454
   0.51515954  0.53690394  0.53990226
   0.60254273  0.44584524  0.64915818
   0.61190851  0.55972387  0.94834595
   0.31999265  0.32045161  0.59633592
   0.52571925  0.47534565  0.86212215
   0.28300025  0.19176687  0.69561278
   0.50446160  0.49393409  0.74871667
   0.02017063  0.96289983  0.96194346
   0.10219490  0.05157810  0.85037388
   0.61190851  0.05972383  0.44834601
   0.31999265  0.82045161  0.09633594
   0.52571925  0.97534562  0.36212212
   0.28300025  0.69176687  0.19561274
   0.50446160  0.99393409  0.24871664
   0.02017063  0.46289986  0.46194346
   0.10219490  0.55157812  0.35037394
   0.32222409  0.16964081  0.50086818
   0.32222409  0.66964087  1.00086820
   0.82391371  0.83071763  0.50102897
   0.82391371  0.33071769  0.00102897
   0.29204360  0.24734700  0.34565900
   0.29204360  0.74734700  0.84565903
   0.79211156  0.75134931  0.44932241
   0.79211156  0.25134931  0.94932238
