   0.24932618  0.24823109  0.10379128
   0.23837067  0.27296143  0.22074105
   0.24932618  0.74823109  0.60379130
   0.23837067  0.77296146  0.72074101
   0.75021357  0.75267035  0.89352014
   0.72112388  0.72921534  0.78199050
   0.75021357  0.25267035  0.39352017
   0.72112388  0.22921535  0.28199044
   0.75009567  0.75167682  0.10390673
   0.74661352  0.73059417  0.22051999
   0.75009567  0.25167685  0.60390675
   0.74661352  0.23059415  0.72052002
   0.24817232  0.24702516  0.89359087
   0.23403123  0.28077440  0.78181302
   0.24817232  0.74702519  0.39359090
   0.23403123  0.78077437  0.28181305
   0.24609144  0.24327597 -0.00287634
   0.24609144  0.74327597  0.49712366
   0.75150062  0.75443068  0.99714102
   0.75150062  0.25443068  0.49714096
   0.79371394  0.75072007  0.34758094
   0.79371394  0.25072007  0.84758094
   0.79327794  0.75000926  0.65261563
   0.79327794  0.25000927  0.15261564
   0.29233720  0.24904413  0.54922648
   0.29306581  0.24895034  0.65267778
   0.29306581  0.74895034  0.15267778
   0.29233720  0.74904412  0.04922647
   0.29735498  0.24610579  0.45014745
   0.29735498  0.74610579  0.95014745
   0.79129196  0.75171189  0.54892555
   0.79129196  0.25171189  0.04892554
   0.59427512  0.54449623  0.05535253
   0.31667817  0.31551509  0.40484791
   0.52386463  0.47317046  0.13729660
   0.30672891  0.18349237  0.30221775
   0.50358976  0.49689656  0.25110278
   0.01699603  0.96442587  0.03966661
   0.10240475  0.05317521  0.14907573
   0.59427512  0.04449623  0.55535251
   0.31667817  0.81551509  0.90484791
   0.52386463  0.97317049  0.63729659
   0.30672891  0.68349234  0.80221775
   0.50358976  0.99689659  0.75110281
   0.01699603  0.46442590  0.53966660
   0.10240475  0.55317526  0.64907576
   0.11196271  0.44225096  0.94820032
   0.82134262  0.67869367  0.59627018
   0.02576614  0.52722510  0.86208869
   0.78826547  0.80571104  0.69557020
   0.00148953  0.50382948  0.74918640
   0.51946230  0.03436069  0.96220810
   0.59830928  0.95035055  0.85081108
   0.11196271  0.94225099  0.44820029
   0.82134262  0.17869367  0.09627020
   0.02576614  0.02722513  0.36208869
   0.78826547  0.30571104  0.19557020
   0.00148953  0.00382951  0.24918642
   0.51946230  0.53436071  0.46220807
   0.59830928  0.45035061  0.35081111
   0.09432184  0.45678432  0.05541196
   0.82312280  0.68364194  0.40341676
   0.02386732  0.52608435  0.13715646
   0.79277433  0.80943822  0.30399387
   0.00173804  0.50619943  0.25130279
   0.51571227  0.03642015  0.03987378
   0.60237042  0.94580412  0.14912843
   0.09432184  0.95678429  0.55541200
   0.82312280  0.18364195  0.90341679
   0.02386732  0.02608432  0.63715643
   0.79277433  0.30943825  0.80399384
   0.00173804  0.00619944  0.75130279
   0.51571227  0.53642016  0.53987376
   0.60237042  0.44580412  0.64912846
   0.61249179  0.55990698  0.94837072
   0.32000911  0.32056968  0.59631862
   0.52573914  0.47550940  0.86215884
   0.28237650  0.19175165  0.69555986
   0.50438259  0.49394581  0.74870025
   0.02065906  0.96285716  0.96199297
   0.10155467  0.05109874  0.85042919
   0.61249179  0.05990694  0.44837078
   0.32000911  0.82056968  0.09631863
   0.52573914  0.97550937  0.36215881
   0.28237650  0.69175165  0.19555982
   0.50438259  0.99394581  0.24870022
   0.02065906  0.46285719  0.46199297
   0.10155467  0.55109877  0.35042925
   0.32250828  0.16955132  0.50087656
   0.32250828  0.66955138  1.00087659
   0.82422112  0.83075907  0.50102869
   0.82422112  0.33075913  0.00102869
   0.29192624  0.24724942  0.34569829
   0.29192624  0.74724942  0.84569832
   0.79250784  0.75143789  0.44937489
   0.79250784  0.25143789  0.94937486
