   0.24885033  0.24867142  0.10365918
   0.23733184  0.27358455  0.22056230
   0.24885033  0.74867142  0.60365919
   0.23733184  0.77358458  0.72056226
   0.75033644  0.75339525  0.89355807
   0.71946851  0.72914047  0.78194048
   0.75033644  0.25339525  0.39355810
   0.71946851  0.22914049  0.28194042
   0.74935109  0.75164597  0.10377222
   0.74668314  0.73078293  0.22041864
   0.74935109  0.25164599  0.60377224
   0.74668314  0.23078292  0.72041867
   0.24783816  0.24575595  0.89361757
   0.23350016  0.28097790  0.78166175
   0.24783816  0.74575598  0.39361760
   0.23350016  0.78097787  0.28166178
   0.24757976  0.24259036 -0.00282308
   0.24757976  0.74259036  0.49717692
   0.75284476  0.75490642  0.99722588
   0.75284476  0.25490642  0.49722582
   0.79298237  0.75120441  0.34762132
   0.79298237  0.25120441  0.84762132
   0.79254503  0.74995744  0.65244282
   0.79254503  0.24995746  0.15244284
   0.29265914  0.24893618  0.54921090
   0.29210793  0.24913919  0.65250663
   0.29210793  0.74913919  0.15250663
   0.29265914  0.74893616  0.04921089
   0.29904418  0.24553430  0.45030986
   0.29904418  0.74553430  0.95030986
   0.79165137  0.75168072  0.54890246
   0.79165137  0.25168072  0.04890245
   0.59260334  0.54251391  0.05543962
   0.31715552  0.31511107  0.40505171
   0.52297091  0.47299123  0.13718636
   0.30769392  0.18332408  0.30228931
   0.50294197  0.49701303  0.25095708
   0.01901181  0.96603266  0.03961185
   0.10191829  0.05348485  0.14892394
   0.59260334  0.04251392  0.55543960
   0.31715552  0.81511107  0.90505171
   0.52297091  0.97299126  0.63718634
   0.30769392  0.68332405  0.80228931
   0.50294197  0.99701306  0.75095711
   0.01901181  0.46603269  0.53961185
   0.10191829  0.55348490  0.64892397
   0.11459596  0.44111294  0.94829841
   0.82098884  0.67817802  0.59621233
   0.02587747  0.52638415  0.86211526
   0.78850013  0.80618469  0.69538058
   0.00095639  0.50416296  0.74913299
   0.52121056  0.03412690  0.96236858
   0.59568919  0.95216015  0.85111127
   0.11459596  0.94111297  0.44829838
   0.82098884  0.17817802  0.09621235
   0.02587747  0.02638418  0.36211526
   0.78850013  0.30618469  0.19538058
   0.00095639  0.00416299  0.24913300
   0.52121056  0.53412692  0.46236855
   0.59568919  0.45216021  0.35111130
   0.09256665  0.45867824  0.05552082
   0.82370673  0.68403779  0.40365008
   0.02308977  0.52624377  0.13694244
   0.79200027  0.80970368  0.30405081
   0.00126805  0.50669197  0.25118669
   0.51782565  0.03456694  0.03978514
   0.60186785  0.94558300  0.14906178
   0.09256665  0.95867821  0.55552086
   0.82370673  0.18403780  0.90365011
   0.02308977  0.02624374  0.63694241
   0.79200027  0.30970371  0.80405078
   0.00126805  0.00669197  0.75118669
   0.51782565  0.53456695  0.53978511
   0.60186785  0.44558300  0.64906180
   0.61499391  0.56078388  0.94846023
   0.32005944  0.32103541  0.59626825
   0.52586150  0.47632534  0.86227662
   0.27985075  0.19158627  0.69535164
   0.50382272  0.49397542  0.74861370
   0.02244274  0.96272978  0.96217376
   0.09898519  0.04894930  0.85064925
   0.61499391  0.06078383  0.44846029
   0.32005944  0.82103541  0.09626826
   0.52586150  0.97632531  0.36227659
   0.27985075  0.69158627  0.19535159
   0.50382272  0.99397542  0.24861367
   0.02244274  0.46272981  0.46217376
   0.09898519  0.54894932  0.35064931
   0.32362848  0.16914664  0.50092587
   0.32362848  0.66914670  1.00092590
   0.82536960  0.83086647  0.50104218
   0.82536960  0.33086653  0.00104218
   0.29144589  0.24654309  0.34577456
   0.29144589  0.74654309  0.84577459
   0.79432599  0.75186875  0.44959983
   0.79432599  0.25186875  0.94959980
