   0.25081390  0.24721961  0.10423735
   0.23960198  0.27212167  0.22096570
   0.25081390  0.74721961  0.60423736
   0.23960198  0.77212170  0.72096566
   0.75171498  0.75220180  0.89334280
   0.72568275  0.72896165  0.78179689
   0.75171498  0.25220180  0.39334283
   0.72568275  0.22896166  0.28179683
   0.75189384  0.75251374  0.10448959
   0.74411296  0.72969548  0.22055145
   0.75189384  0.25251377  0.60448961
   0.74411296  0.22969547  0.72055148
   0.25034972  0.24909994  0.89336523
   0.23394265  0.28103120  0.78201673
   0.25034972  0.74909997  0.39336526
   0.23394265  0.78103117  0.28201676
   0.24274643  0.24322679 -0.00262683
   0.24274643  0.74322679  0.49737317
   0.74817019  0.75497271  0.99663035
   0.74817019  0.25497271  0.49663029
   0.79544100  0.75021345  0.34736918
   0.79544100  0.25021345  0.84736918
   0.79512784  0.75030466  0.65310372
   0.79512784  0.25030467  0.15310373
   0.29229208  0.24868245  0.54932395
   0.29523813  0.24852314  0.65314599
   0.29523813  0.74852314  0.15314599
   0.29229208  0.74868243  0.04932394
   0.29329140  0.24647777  0.44962038
   0.29329140  0.74647777  0.94962038
   0.79074067  0.75244308  0.54904789
   0.79074067  0.25244308  0.04904788
   0.59922730  0.54959454  0.05561651
   0.31630258  0.31706318  0.40433947
   0.52608335  0.47352485  0.13768145
   0.30122874  0.18121245  0.30209236
   0.50411564  0.49615633  0.25134712
   0.01305155  0.96077442  0.03978255
   0.10385860  0.05244555  0.14970741
   0.59922730  0.04959455  0.55561648
   0.31630258  0.81706318  0.90433947
   0.52608335  0.97352488  0.63768143
   0.30122874  0.68121242  0.80209236
   0.50411564  0.99615636  0.75134715
   0.01305155  0.46077445  0.53978254
   0.10385860  0.55244560  0.64970744
   0.10681398  0.44381037  0.94750924
   0.82178083  0.67974627  0.59652288
   0.02693228  0.52803345  0.86214933
   0.78830489  0.80771515  0.69596887
   0.00116871  0.50328214  0.74903351
   0.51470686  0.03531399  0.96204847
   0.60322844  0.94753110  0.85007244
   0.10681398  0.94381040  0.44750921
   0.82178083  0.17974627  0.09652289
   0.02693228  0.02803347  0.36214933
   0.78830489  0.30771515  0.19596887
   0.00116871  0.00328217  0.24903353
   0.51470686  0.53531401  0.46204844
   0.60322844  0.44753116  0.35007247
   0.10029832  0.45083129  0.05525905
   0.82205002  0.68135038  0.40295119
   0.02618795  0.52536276  0.13769672
   0.79437932  0.81148639  0.30376877
   0.00158341  0.50514633  0.25138082
   0.51032179  0.04155435  0.04010952
   0.60427822  0.94577247  0.14982168
   0.10029832  0.95083126  0.55525909
   0.82205002  0.18135040  0.90295121
   0.02618795  0.02536273  0.63769669
   0.79437932  0.31148642  0.80376874
   0.00158341  0.00514633  0.75138082
   0.51032179  0.54155436  0.54010949
   0.60427822  0.44577247  0.64982170
   0.60811135  0.55955728  0.94799219
   0.32006101  0.31980967  0.59659018
   0.52701778  0.47477713  0.86194647
   0.28816954  0.19028467  0.69602377
   0.50415577  0.49384054  0.74876700
   0.01567186  0.96203212  0.96147577
   0.10643918  0.05509336  0.84976987
   0.60811135  0.05955724  0.44799225
   0.32006101  0.81980967  0.09659020
   0.52701778  0.97477710  0.36194644
   0.28816954  0.69028467  0.19602372
   0.50415577  0.99384054  0.24876697
   0.01567186  0.46203215  0.46147577
   0.10643918  0.55509338  0.34976992
   0.31964204  0.16813638  0.50082068
   0.31964204  0.66813644  1.00082070
   0.82116748  0.83151418  0.50103283
   0.82116748  0.33151424  0.00103283
   0.29309578  0.24826120  0.34546054
   0.29309578  0.74826120  0.84546057
   0.78940464  0.75129641  0.44888092
   0.78940464  0.25129641  0.94888089
