   0.24921545  0.24831547  0.10376023
   0.23818665  0.27309556  0.22070515
   0.24921545  0.74831547  0.60376025
   0.23818665  0.77309559  0.72070510
   0.75022415  0.75278698  0.89353213
   0.72078231  0.72916590  0.78198979
   0.75022415  0.25278698  0.39353216
   0.72078231  0.22916591  0.28198973
   0.74993457  0.75167670  0.10387348
   0.74667307  0.73062721  0.22050055
   0.74993457  0.25167673  0.60387350
   0.74667307  0.23062720  0.72050058
   0.24808900  0.24678957  0.89360117
   0.23394743  0.28083338  0.78178842
   0.24808900  0.74678960  0.39360120
   0.23394743  0.78083335  0.28178845
   0.24636030  0.24314918 -0.00286814
   0.24636030  0.74314918  0.49713186
   0.75173345  0.75451817  0.99715801
   0.75173345  0.25451817  0.49715795
   0.79358645  0.75082351  0.34758008
   0.79358645  0.25082351  0.84758008
   0.79314580  0.75001218  0.65259296
   0.79314580  0.25001220  0.15259298
   0.29237804  0.24901245  0.54921913
   0.29289363  0.24896316  0.65266067
   0.29289363  0.74896316  0.15266067
   0.29237804  0.74901243  0.04921912
   0.29764316  0.24601470  0.45017764
   0.29764316  0.74601470  0.95017764
   0.79134462  0.75171420  0.54891890
   0.79134462  0.25171420  0.04891890
   0.59393309  0.54410967  0.05536638
   0.31677138  0.31546372  0.40487372
   0.52366889  0.47313885  0.13727377
   0.30698385  0.18347695  0.30223626
   0.50349230  0.49692849  0.25107161
   0.01739152  0.96475142  0.03965420
   0.10232192  0.05321139  0.14904170
   0.59393309  0.04410968  0.55536636
   0.31677138  0.81546372  0.90487372
   0.52366889  0.97313888  0.63727375
   0.30698385  0.68347692  0.80223626
   0.50349230  0.99692852  0.75107164
   0.01739152  0.46475145  0.53965419
   0.10232192  0.55321144  0.64904173
   0.11243554  0.44196912  0.94822107
   0.82126834  0.67858342  0.59625708
   0.02578188  0.52707964  0.86209383
   0.78831512  0.80578124  0.69553334
   0.00141706  0.50389348  0.74917667
   0.51984380  0.03434466  0.96224091
   0.59779250  0.95068037  0.85087081
   0.11243554  0.94196915  0.44822104
   0.82126834  0.17858342  0.09625709
   0.02578188  0.02707966  0.36209383
   0.78831512  0.30578124  0.19553334
   0.00141706  0.00389351  0.24917669
   0.51984380  0.53434468  0.46224088
   0.59779250  0.45068043  0.35087084
   0.09396705  0.45716881  0.05543239
   0.82324345  0.68371795  0.40345958
   0.02372125  0.52614033  0.13711337
   0.79259933  0.80945063  0.30400874
   0.00168204  0.50629908  0.25127643
   0.51612775  0.03603953  0.03985402
   0.60224905  0.94575690  0.14910991
   0.09396705  0.95716878  0.55543243
   0.82324345  0.18371797  0.90345961
   0.02372125  0.02614030  0.63711334
   0.79259933  0.30945065  0.80400871
   0.00168204  0.00629909  0.75127643
   0.51612775  0.53603954  0.53985399
   0.60224905  0.44575690  0.64910994
   0.61301822  0.56005737  0.94838983
   0.32001898  0.32066537  0.59630771
   0.52575758  0.47565593  0.86218463
   0.28187305  0.19174358  0.69551212
   0.50431112  0.49394276  0.74868423
   0.02095789  0.96289037  0.96203235
   0.10106138  0.05067208  0.85047151
   0.61301822  0.06005732  0.44838989
   0.32001898  0.82066537  0.09630773
   0.52575758  0.97565590  0.36218460
   0.28187305  0.69174358  0.19551207
   0.50431112  0.99394276  0.24868420
   0.02095789  0.46289040  0.46203235
   0.10106138  0.55067210  0.35047157
   0.32272553  0.16947428  0.50088830
   0.32272553  0.66947434  1.00088833
   0.82445621  0.83078526  0.50103090
   0.82445621  0.33078532  0.00103090
   0.29182120  0.24711163  0.34572623
   0.29182120  0.74711163  0.84572626
   0.79285331  0.75151722  0.44941614
   0.79285331  0.25151722  0.94941611
