   0.24873058  0.24900442  0.10358529
   0.23603643  0.27409451  0.22039290
   0.24873058  0.74900442  0.60358530
   0.23603643  0.77409454  0.72039285
   0.75052515  0.75415567  0.89352888
   0.71806664  0.72924900  0.78180724
   0.75052515  0.25415567  0.39352891
   0.71806664  0.22924901  0.28180718
   0.74907282  0.75154244  0.10370630
   0.74596592  0.73092286  0.22029514
   0.74907282  0.25154247  0.60370633
   0.74596592  0.23092285  0.72029517
   0.24779337  0.24482837  0.89357926
   0.23253270  0.28122908  0.78150344
   0.24779337  0.74482839  0.39357929
   0.23253270  0.78122905  0.28150347
   0.24876031  0.24207690 -0.00278362
   0.24876031  0.74207690  0.49721638
   0.75402425  0.75522308  0.99727413
   0.75402425  0.25522308  0.49727407
   0.79238727  0.75167265  0.34762588
   0.79238727  0.25167265  0.84762588
   0.79219814  0.74985345  0.65232696
   0.79219814  0.24985346  0.15232697
   0.29308314  0.24885279  0.54922950
   0.29159979  0.24929297  0.65240420
   0.29159979  0.74929297  0.15240420
   0.29308314  0.74885278  0.04922949
   0.30043569  0.24502454  0.45042772
   0.30043569  0.74502454  0.95042772
   0.79207046  0.75163505  0.54891435
   0.79207046  0.25163505  0.04891435
   0.59128971  0.54070663  0.05558914
   0.31767788  0.31473855  0.40521762
   0.52246722  0.47282195  0.13712634
   0.30768469  0.18322016  0.30227923
   0.50192721  0.49710164  0.25080738
   0.02085439  0.96732687  0.03962315
   0.10182916  0.05384921  0.14886268
   0.59128971  0.04070663  0.55558912
   0.31767788  0.81473855  0.90521762
   0.52246722  0.97282198  0.63712632
   0.30768469  0.68322013  0.80227923
   0.50192721  0.99710167  0.75080741
   0.02085439  0.46732690  0.53962315
   0.10182916  0.55384926  0.64886271
   0.11708880  0.43999988  0.94837927
   0.82094558  0.67771185  0.59622108
   0.02609508  0.52553596  0.86211310
   0.78864385  0.80677875  0.69525897
  -0.00001249  0.50445821  0.74903149
   0.52278358  0.03394675  0.96251337
   0.59317198  0.95403081  0.85133792
   0.11708880  0.93999991  0.44837924
   0.82094558  0.17771185  0.09622110
   0.02609508  0.02553598  0.36211310
   0.78864385  0.30677875  0.19525897
  -0.00001249  0.00445824  0.24903150
   0.52278358  0.53394677  0.46251334
   0.59317198  0.45403087  0.35133795
   0.09121117  0.46033183  0.05566916
   0.82415810  0.68439678  0.40381703
   0.02268536  0.52632148  0.13680580
   0.79149454  0.80986754  0.30405791
   0.00032154  0.50707840  0.25106354
   0.51971320  0.03303656  0.03977164
   0.60181610  0.94522962  0.14907488
   0.09121117  0.96033180  0.55566920
   0.82415810  0.18439680  0.90381706
   0.02268536  0.02632145  0.63680577
   0.79149454  0.30986757  0.80405788
   0.00032154  0.00707840  0.75106354
   0.51971320  0.53303657  0.53977161
   0.60181610  0.44522962  0.64907491
   0.61741608  0.56161355  0.94853383
   0.32031030  0.32145488  0.59627955
   0.52602148  0.47721281  0.86231251
   0.27803508  0.19125713  0.69523402
   0.50287981  0.49403482  0.74849713
   0.02403549  0.96248009  0.96231529
   0.09649519  0.04688992  0.85083189
   0.61741608  0.06161350  0.44853389
   0.32031030  0.82145488  0.09627957
   0.52602148  0.97721278  0.36231248
   0.27803508  0.69125713  0.19523398
   0.50287981  0.99403482  0.24849710
   0.02403549  0.46248012  0.46231529
   0.09649519  0.54688995  0.35083195
   0.32473506  0.16873867  0.50099695
   0.32473506  0.66873873  1.00099698
   0.82644295  0.83094665  0.50109133
   0.82644295  0.33094671  0.00109133
   0.29107350  0.24615408  0.34577835
   0.29107350  0.74615408  0.84577838
   0.79542544  0.75207001  0.44969078
   0.79542544  0.25207001  0.94969075
