   0.24887384  0.24864355  0.10367330
   0.23740906  0.27353972  0.22058050
   0.24887384  0.74864355  0.60367331
   0.23740906  0.77353975  0.72058046
   0.75033327  0.75334373  0.89355216
   0.71957471  0.72914758  0.78194218
   0.75033327  0.25334373  0.39355219
   0.71957471  0.22914759  0.28194212
   0.74940297  0.75164628  0.10378633
   0.74666654  0.73077956  0.22043199
   0.74940297  0.25164631  0.60378635
   0.74666654  0.23077955  0.72043202
   0.24786540  0.24585471  0.89361286
   0.23353205  0.28096541  0.78167086
   0.24786540  0.74585474  0.39361289
   0.23353205  0.78096538  0.28167089
   0.24749263  0.24264465 -0.00283250
   0.24749263  0.74264465  0.49716750
   0.75274553  0.75487371  0.99721308
   0.75274553  0.25487371  0.49721302
   0.79303917  0.75117322  0.34761560
   0.79303917  0.25117322  0.84761560
   0.79262069  0.74995102  0.65245259
   0.79262069  0.24995104  0.15245260
   0.29263034  0.24893874  0.54920644
   0.29219638  0.24912620  0.65252186
   0.29219638  0.74912620  0.15252186
   0.29263034  0.74893873  0.04920643
   0.29890182  0.24556958  0.45029579
   0.29890182  0.74556958  0.95029579
   0.79162962  0.75168951  0.54890039
   0.79162962  0.25168951  0.04890038
   0.59269487  0.54259538  0.05543756
   0.31713085  0.31512906  0.40504379
   0.52301076  0.47300423  0.13718790
   0.30764187  0.18332607  0.30228201
   0.50295301  0.49701132  0.25095677
   0.01892469  0.96594807  0.03961875
   0.10193398  0.05350666  0.14892592
   0.59269487  0.04259538  0.55543754
   0.31713085  0.81512906  0.90504379
   0.52301076  0.97300426  0.63718789
   0.30764187  0.68332604  0.80228201
   0.50295301  0.99701135  0.75095680
   0.01892469  0.46594810  0.53961874
   0.10193398  0.55350671  0.64892595
   0.11449920  0.44117221  0.94829831
   0.82101041  0.67820520  0.59621106
   0.02586611  0.52642819  0.86211634
   0.78848967  0.80618024  0.69539689
   0.00097252  0.50416091  0.74912951
   0.52114739  0.03416626  0.96236637
   0.59580827  0.95206582  0.85109811
   0.11449920  0.94117224  0.44829828
   0.82101041  0.17820520  0.09621108
   0.02586611  0.02642821  0.36211634
   0.78848967  0.30618024  0.19539689
   0.00097252  0.00416094  0.24912953
   0.52114739  0.53416629  0.46236634
   0.59580827  0.45206588  0.35109814
   0.09265861  0.45859860  0.05551770
   0.82368473  0.68401498  0.40364402
   0.02311257  0.52621704  0.13694893
   0.79203661  0.80967764  0.30405021
   0.00127930  0.50666511  0.25118593
   0.51772891  0.03466188  0.03979333
   0.60190382  0.94558084  0.14906027
   0.09265861  0.95859857  0.55551774
   0.82368473  0.18401500  0.90364405
   0.02311257  0.02621701  0.63694890
   0.79203661  0.30967767  0.80405018
   0.00127930  0.00666511  0.75118593
   0.51772891  0.53466189  0.53979330
   0.60190382  0.44558084  0.64906030
   0.61491515  0.56073346  0.94846066
   0.32006255  0.32101215  0.59626606
   0.52583848  0.47629075  0.86227237
   0.27997903  0.19156347  0.69536952
   0.50383746  0.49397046  0.74861319
   0.02237218  0.96272027  0.96216999
   0.09911043  0.04903486  0.85064029
   0.61491515  0.06073341  0.44846072
   0.32006255  0.82101215  0.09626607
   0.52583848  0.97629072  0.36227234
   0.27997903  0.69156347  0.19536948
   0.50383746  0.99397046  0.24861316
   0.02237218  0.46272030  0.46216999
   0.09911043  0.54903489  0.35064035
   0.32357814  0.16916821  0.50093261
   0.32357814  0.66916827  1.00093264
   0.82531432  0.83086084  0.50105135
   0.82531432  0.33086090  0.00105135
   0.29150852  0.24663706  0.34577122
   0.29150852  0.74663706  0.84577125
   0.79408126  0.75180539  0.44955954
   0.79408126  0.25180539  0.94955951
