   0.24872727  0.24898021  0.10359111
   0.23616219  0.27405748  0.22040920
   0.24872727  0.74898021  0.60359113
   0.23616219  0.77405751  0.72040916
   0.75052220  0.75407704  0.89353131
   0.71819444  0.72923221  0.78182247
   0.75052220  0.25407704  0.39353134
   0.71819444  0.22923222  0.28182241
   0.74908366  0.75155666  0.10371197
   0.74605620  0.73090824  0.22030834
   0.74908366  0.25155669  0.60371199
   0.74605620  0.23090822  0.72030837
   0.24779990  0.24491229  0.89358306
   0.23264012  0.28121712  0.78152022
   0.24779990  0.74491232  0.39358309
   0.23264012  0.78121709  0.28152025
   0.24862132  0.24211895 -0.00279115
   0.24862132  0.74211895  0.49720885
   0.75392399  0.75519588  0.99726790
   0.75392399  0.25519588  0.49726784
   0.79244119  0.75164280  0.34762629
   0.79244119  0.25164280  0.84762629
   0.79221619  0.74986388  0.65233324
   0.79221619  0.24986389  0.15233326
   0.29304985  0.24885926  0.54922677
   0.29162697  0.24928183  0.65240913
   0.29162697  0.74928183  0.15240913
   0.29304985  0.74885924  0.04922675
   0.30031718  0.24504926  0.45041835
   0.30031718  0.74504926  0.95041835
   0.79203313  0.75164017  0.54891213
   0.79203313  0.25164017  0.04891213
   0.59140042  0.54085946  0.05557665
   0.31762605  0.31477273  0.40520447
   0.52250340  0.47284312  0.13713069
   0.30771908  0.18322433  0.30228264
   0.50204031  0.49709548  0.25082110
   0.02070003  0.96721650  0.03962193
   0.10181557  0.05380912  0.14886496
   0.59140042  0.04085947  0.55557663
   0.31762605  0.81477273  0.90520447
   0.52250340  0.97284315  0.63713067
   0.30771908  0.68322430  0.80228264
   0.50204031  0.99709551  0.75082113
   0.02070003  0.46721653  0.53962192
   0.10181557  0.55380917  0.64886499
   0.11685099  0.44009489  0.94837227
   0.82094368  0.67775365  0.59621871
   0.02608782  0.52561664  0.86211499
   0.78863701  0.80673766  0.69527026
   0.00009780  0.50443182  0.74904157
   0.52261736  0.03395509  0.96250245
   0.59340539  0.95387097  0.85131921
   0.11685099  0.94009492  0.44837224
   0.82094368  0.17775365  0.09621872
   0.02608782  0.02561666  0.36211499
   0.78863701  0.30673766  0.19527026
   0.00009780  0.00443185  0.24904159
   0.52261736  0.53395511  0.46250242
   0.59340539  0.45387103  0.35131924
   0.09132406  0.46019999  0.05565639
   0.82411140  0.68435653  0.40379746
   0.02271409  0.52630920  0.13681540
   0.79152922  0.80985088  0.30405894
   0.00043210  0.50703960  0.25107560
   0.51955442  0.03316100  0.03977273
   0.60180064  0.94527048  0.14907189
   0.09132406  0.96019996  0.55565643
   0.82411140  0.18435655  0.90379749
   0.02271409  0.02630917  0.63681537
   0.79152922  0.30985091  0.80405891
   0.00043210  0.00703960  0.75107560
   0.51955442  0.53316100  0.53977271
   0.60180064  0.44527048  0.64907192
   0.61719301  0.56154947  0.94852692
   0.32028523  0.32141954  0.59627648
   0.52602056  0.47713220  0.86231285
   0.27816612  0.19127407  0.69524661
   0.50298664  0.49402891  0.74850800
   0.02388069  0.96249775  0.96230370
   0.09672092  0.04707494  0.85081642
   0.61719301  0.06154942  0.44852698
   0.32028523  0.82141954  0.09627649
   0.52602056  0.97713217  0.36231282
   0.27816612  0.69127407  0.19524656
   0.50298664  0.99402891  0.24850797
   0.02388069  0.46249778  0.46230370
   0.09672092  0.54707496  0.35081648
   0.32463375  0.16877185  0.50099141
   0.32463375  0.66877191  1.00099144
   0.82634269  0.83094564  0.50108855
   0.82634269  0.33094570  0.00108855
   0.29111671  0.24618947  0.34578101
   0.29111671  0.74618947  0.84578104
   0.79532673  0.75205358  0.44967733
   0.79532673  0.25205358  0.94967730
