   0.24962082  0.24797127  0.10387193
   0.23876058  0.27265885  0.22082629
   0.24962082  0.74797127  0.60387195
   0.23876058  0.77265888  0.72082624
   0.75024546  0.75242153  0.89348458
   0.72204742  0.72925023  0.78199402
   0.75024546  0.25242153  0.39348461
   0.72204742  0.22925025  0.28199396
   0.75054451  0.75170792  0.10399932
   0.74633252  0.73045446  0.22056056
   0.75054451  0.25170794  0.60399934
   0.74633252  0.23045444  0.72056059
   0.24848941  0.24764385  0.89355836
   0.23416825  0.28072721  0.78189212
   0.24848941  0.74764388  0.39355839
   0.23416825  0.78072718  0.28189215
   0.24536158  0.24362153 -0.00289712
   0.24536158  0.74362153  0.49710288
   0.75080887  0.75420753  0.99707958
   0.75080887  0.25420753  0.49707952
   0.79414571  0.75054105  0.34753780
   0.79414571  0.25054105  0.84753780
   0.79372846  0.75004603  0.65272694
   0.79372846  0.25004604  0.15272696
   0.29221983  0.24910126  0.54923670
   0.29363554  0.24883458  0.65278994
   0.29363554  0.74883458  0.15278994
   0.29221983  0.74910125  0.04923669
   0.29650048  0.24637675  0.45004660
   0.29650048  0.74637675  0.95004660
   0.79114843  0.75173674  0.54894405
   0.79114843  0.25173674  0.04894405
   0.59533730  0.54572305  0.05533371
   0.31647298  0.31575169  0.40471704
   0.52443024  0.47327213  0.13737050
   0.30580059  0.18346322  0.30217145
   0.50380424  0.49681121  0.25117459
   0.01582966  0.96345586  0.03971246
   0.10274099  0.05296875  0.14918454
   0.59533730  0.04572306  0.55533369
   0.31647298  0.81575169  0.90471704
   0.52443024  0.97327216  0.63737049
   0.30580059  0.68346319  0.80217145
   0.50380424  0.99681124  0.75117462
   0.01582966  0.46345589  0.53971246
   0.10274099  0.55296880  0.64918457
   0.11050433  0.44278148  0.94813652
   0.82156865  0.67900097  0.59631875
   0.02583890  0.52765973  0.86207373
   0.78812568  0.80568007  0.69568938
   0.00160893  0.50363149  0.74919685
   0.51848192  0.03451296  0.96212242
   0.59968599  0.94937844  0.85063034
   0.11050433  0.94278151  0.44813649
   0.82156865  0.17900097  0.09631877
   0.02583890  0.02765975  0.36207373
   0.78812568  0.30568007  0.19568938
   0.00160893  0.00363152  0.24919686
   0.51848192  0.53451298  0.46212239
   0.59968599  0.44937850  0.35063037
   0.09548096  0.45557695  0.05535604
   0.82278253  0.68342590  0.40328514
   0.02439631  0.52597374  0.13729134
   0.79327949  0.80944347  0.30395360
   0.00180652  0.50588906  0.25135776
   0.51443564  0.03757413  0.03994171
   0.60272582  0.94588861  0.14920135
   0.09548096  0.95557692  0.55535608
   0.82278253  0.18342591  0.90328517
   0.02439631  0.02597371  0.63729131
   0.79327949  0.30944350  0.80395357
   0.00180652  0.00588906  0.75135776
   0.51443564  0.53757414  0.53994168
   0.60272582  0.44588861  0.64920138
   0.61116635  0.55942848  0.94831269
   0.31999704  0.32032103  0.59636361
   0.52572712  0.47515912  0.86207490
   0.28383749  0.19173430  0.69568428
   0.50453123  0.49393031  0.74873514
   0.01955615  0.96289076  0.96187720
   0.10300722  0.05219810  0.85029889
   0.61116635  0.05942843  0.44831275
   0.31999704  0.82032103  0.09636363
   0.52572712  0.97515909  0.36207487
   0.28383749  0.69173430  0.19568424
   0.50453123  0.99393031  0.24873511
   0.01955615  0.46289079  0.46187720
   0.10300722  0.55219812  0.35029895
   0.32186750  0.16970726  0.50085952
   0.32186750  0.66970732  1.00085955
   0.82352038  0.83068956  0.50102957
   0.82352038  0.33068962  0.00102957
   0.29220063  0.24751942  0.34564215
   0.29220063  0.74751942  0.84564217
   0.79169306  0.75125778  0.44925108
   0.79169306  0.25125778  0.94925105
