   0.25008983  0.24768759  0.10398604
   0.23913757  0.27234681  0.22089920
   0.25008983  0.74768759  0.60398606
   0.23913757  0.77234684  0.72089916
   0.75047862  0.75229451  0.89342453
   0.72327374  0.72929685  0.78194774
   0.75047862  0.25229451  0.39342456
   0.72327374  0.22929687  0.28194768
   0.75120066  0.75175113  0.10414549
   0.74580916  0.73025613  0.22058056
   0.75120066  0.25175116  0.60414551
   0.74580916  0.23025612  0.72058059
   0.24905527  0.24827910  0.89349635
   0.23421513  0.28073052  0.78196262
   0.24905527  0.74827912  0.39349638
   0.23421513  0.78073049  0.28196265
   0.24440570  0.24394083 -0.00289071
   0.24440570  0.74394083  0.49710929
   0.74998461  0.75403226  0.99698582
   0.74998461  0.25403226  0.49698576
   0.79472428  0.75039111  0.34748408
   0.79472428  0.25039111  0.84748408
   0.79424874  0.75011112  0.65287656
   0.79424874  0.25011114  0.15287657
   0.29216683  0.24914345  0.54928261
   0.29429092  0.24869548  0.65294020
   0.29429092  0.74869548  0.15294020
   0.29216683  0.74914344  0.04928260
   0.29545572  0.24660857  0.44992322
   0.29545572  0.74660857  0.94992322
   0.79096093  0.75183889  0.54899490
   0.79096093  0.25183889  0.04899490
   0.59653894  0.54705208  0.05535308
   0.31626355  0.31604548  0.40458401
   0.52508064  0.47339278  0.13746755
   0.30445253  0.18312637  0.30212039
   0.50391743  0.49665036  0.25124826
   0.01462742  0.96248275  0.03975796
   0.10310865  0.05270970  0.14933367
   0.59653894  0.04705208  0.55535306
   0.31626355  0.81604548  0.90458401
   0.52508064  0.97339281  0.63746754
   0.30445253  0.68312634  0.80212039
   0.50391743  0.99665039  0.75124829
   0.01462742  0.46248278  0.53975795
   0.10310865  0.55270976  0.64933370
   0.10896410  0.44330656  0.94803148
   0.82177509  0.67930571  0.59639277
   0.02609321  0.52797296  0.86206669
   0.78803935  0.80593225  0.69578351
   0.00154974  0.50346071  0.74919721
   0.51736063  0.03459497  0.96203717
   0.60114083  0.94856572  0.85042377
   0.10896410  0.94330659  0.44803145
   0.82177509  0.17930571  0.09639278
   0.02609321  0.02797298  0.36206669
   0.78803935  0.30593225  0.19578351
   0.00154974  0.00346074  0.24919722
   0.51736063  0.53459499  0.46203714
   0.60114083  0.44856578  0.35042380
   0.09685035  0.45418110  0.05530369
   0.82234151  0.68309519  0.40312832
   0.02505357  0.52580789  0.13744564
   0.79379529  0.80970366  0.30391167
   0.00171912  0.50555186  0.25141406
   0.51304568  0.03887286  0.04000692
   0.60318124  0.94594877  0.14933062
   0.09685035  0.95418107  0.55530373
   0.82234151  0.18309520  0.90312835
   0.02505357  0.02580786  0.63744561
   0.79379529  0.30970369  0.80391164
   0.00171912  0.00555187  0.75141406
   0.51304568  0.53887287  0.54000690
   0.60318124  0.44594877  0.64933064
   0.60984961  0.55905966  0.94822166
   0.31997408  0.32012470  0.59643502
   0.52590626  0.47488642  0.86198181
   0.28536824  0.19153450  0.69581632
   0.50451761  0.49392005  0.74876347
   0.01831603  0.96281446  0.96173064
   0.10453447  0.05330476  0.85014500
   0.60984961  0.05905962  0.44822172
   0.31997408  0.82012470  0.09643504
   0.52590626  0.97488639  0.36198178
   0.28536824  0.69153450  0.19581627
   0.50451761  0.99392005  0.24876344
   0.01831603  0.46281449  0.46173064
   0.10453447  0.55330478  0.35014506
   0.32111998  0.16969063  0.50083567
   0.32111998  0.66969069  1.00083570
   0.82267239  0.83068798  0.50103104
   0.82267239  0.33068804  0.00103104
   0.29256689  0.24775385  0.34554450
   0.29256689  0.74775385  0.84554453
   0.79077755  0.75105876  0.44911712
   0.79077755  0.25105876  0.94911709
