   0.24875240  0.24889933  0.10360715
   0.23649530  0.27393733  0.22044763
   0.24875240  0.74889933  0.60360716
   0.23649530  0.77393736  0.72044759
   0.75049645  0.75387594  0.89354081
   0.71854481  0.72920428  0.78185387
   0.75049645  0.25387594  0.39354084
   0.71854481  0.22920430  0.28185381
   0.74914175  0.75159576  0.10372616
   0.74626279  0.73087932  0.22033600
   0.74914175  0.25159579  0.60372618
   0.74626279  0.23087931  0.72033603
   0.24783421  0.24513363  0.89359462
   0.23290280  0.28115107  0.78155606
   0.24783421  0.74513366  0.39359465
   0.23290280  0.78115104  0.28155609
   0.24833657  0.24224552 -0.00279985
   0.24833657  0.74224552  0.49720015
   0.75364957  0.75512304  0.99725689
   0.75364957  0.25512304  0.49725683
   0.79258958  0.75153074  0.34762140
   0.79258958  0.25153074  0.84762140
   0.79229349  0.74989518  0.65235776
   0.79229349  0.24989519  0.15235778
   0.29294514  0.24888501  0.54922184
   0.29173325  0.24923771  0.65243359
   0.29173325  0.74923771  0.15243359
   0.29294514  0.74888500  0.04922183
   0.29997150  0.24516698  0.45039011
   0.29997150  0.74516698  0.95039011
   0.79192713  0.75165446  0.54890755
   0.79192713  0.25165446  0.04890754
   0.59166193  0.54123153  0.05554390
   0.31751783  0.31485068  0.40516600
   0.52259008  0.47288151  0.13714029
   0.30775015  0.18324278  0.30228710
   0.50225344  0.49708446  0.25085066
   0.02032313  0.96696907  0.03961749
   0.10181207  0.05373653  0.14887408
   0.59166193  0.04123153  0.55554388
   0.31751783  0.81485068  0.90516600
   0.52259008  0.97288154  0.63714027
   0.30775015  0.68324275  0.80228710
   0.50225344  0.99708449  0.75085069
   0.02032313  0.46696910  0.53961749
   0.10181207  0.55373659  0.64887411
   0.11634350  0.44029337  0.94835399
   0.82093518  0.67785389  0.59621448
   0.02608124  0.52580975  0.86211873
   0.78861421  0.80664298  0.69530532
   0.00029670  0.50437564  0.74906247
   0.52231989  0.03400677  0.96247191
   0.59388804  0.95346255  0.85127510
   0.11634350  0.94029340  0.44835396
   0.82093518  0.17785389  0.09621449
   0.02608124  0.02580977  0.36211873
   0.78861421  0.30664298  0.19530532
   0.00029670  0.00437567  0.24906249
   0.52231989  0.53400679  0.46247188
   0.59388804  0.45346261  0.35127513
   0.09159108  0.45986205  0.05562416
   0.82402683  0.68427550  0.40376582
   0.02277858  0.52628709  0.13683846
   0.79161818  0.80982771  0.30405610
   0.00063106  0.50696571  0.25110120
   0.51916836  0.03346395  0.03977286
   0.60179327  0.94534698  0.14906762
   0.09159108  0.95986202  0.55562420
   0.82402683  0.18427551  0.90376585
   0.02277858  0.02628706  0.63683843
   0.79161818  0.30982774  0.80405607
   0.00063106  0.00696571  0.75110120
   0.51916836  0.53346396  0.53977283
   0.60179327  0.44534698  0.64906765
   0.61673128  0.56137469  0.94851008
   0.32022403  0.32133421  0.59627171
   0.52596739  0.47698006  0.86231101
   0.27848376  0.19131217  0.69528102
   0.50318705  0.49401106  0.74853071
   0.02355657  0.96256475  0.96227463
   0.09725061  0.04745482  0.85078020
   0.61673128  0.06137464  0.44851014
   0.32022403  0.82133421  0.09627172
   0.52596739  0.97698003  0.36231098
   0.27848376  0.69131217  0.19528098
   0.50318705  0.99401106  0.24853068
   0.02355657  0.46256478  0.46227463
   0.09725061  0.54745485  0.35078026
   0.32441545  0.16885503  0.50097675
   0.32441545  0.66885509  1.00097678
   0.82612833  0.83092783  0.50107496
   0.82612833  0.33092789  0.00107496
   0.29124412  0.24631619  0.34578376
   0.29124412  0.74631619  0.84578379
   0.79493961  0.75198323  0.44964575
   0.79493961  0.25198323  0.94964572
