   0.24872853  0.24904194  0.10357775
   0.23584568  0.27415595  0.22037040
   0.24872853  0.74904194  0.60357776
   0.23584568  0.77415598  0.72037035
   0.75053412  0.75425252  0.89352439
   0.71787360  0.72925829  0.78178595
   0.75053412  0.25425252  0.39352442
   0.71787360  0.22925830  0.28178589
   0.74905665  0.75152004  0.10369940
   0.74582893  0.73093371  0.22027709
   0.74905665  0.25152007  0.60369942
   0.74582893  0.23093370  0.72027712
   0.24776953  0.24472012  0.89357457
   0.23236632  0.28126995  0.78148128
   0.24776953  0.74472015  0.39357460
   0.23236632  0.78126992  0.28148131
   0.24887806  0.24201656 -0.00277837
   0.24887806  0.74201656  0.49722163
   0.75418097  0.75525392  0.99728234
   0.75418097  0.25525392  0.49728228
   0.79231535  0.75174620  0.34762032
   0.79231535  0.25174620  0.84762032
   0.79217162  0.74982518  0.65230758
   0.79217162  0.24982519  0.15230759
   0.29314692  0.24884002  0.54923601
   0.29155844  0.24932556  0.65238523
   0.29155844  0.74932556  0.15238523
   0.29314692  0.74884001  0.04923600
   0.30059831  0.24495636  0.45044523
   0.30059831  0.74495636  0.95044523
   0.79213116  0.75162690  0.54891908
   0.79213116  0.25162690  0.04891908
   0.59114707  0.54048819  0.05560857
   0.31775301  0.31469831  0.40523820
   0.52243113  0.47279508  0.13712079
   0.30764620  0.18322030  0.30227712
   0.50178519  0.49710815  0.25078988
   0.02107908  0.96746889  0.03962607
   0.10185783  0.05389686  0.14885971
   0.59114707  0.04048819  0.55560854
   0.31775301  0.81469831  0.90523820
   0.52243113  0.97279511  0.63712077
   0.30764620  0.68322027  0.80227712
   0.50178519  0.99710818  0.75078991
   0.02107908  0.46746892  0.53962606
   0.10185783  0.55389691  0.64885974
   0.11737667  0.43986573  0.94838943
   0.82096307  0.67765067  0.59622446
   0.02612422  0.52544000  0.86211222
   0.78865413  0.80683826  0.69524372
  -0.00015573  0.50448692  0.74901775
   0.52296359  0.03391113  0.96253066
   0.59286661  0.95426654  0.85136491
   0.11737667  0.93986576  0.44838940
   0.82096307  0.17765067  0.09622447
   0.02612422  0.02544002  0.36211222
   0.78865413  0.30683826  0.19524372
  -0.00015573  0.00448695  0.24901776
   0.52296359  0.53391115  0.46253063
   0.59286661  0.45426660  0.35136494
   0.09106505  0.46052931  0.05568822
   0.82420391  0.68443885  0.40383274
   0.02266093  0.52633641  0.13679325
   0.79145255  0.80988499  0.30406130
   0.00018043  0.50712769  0.25104780
   0.51994501  0.03285834  0.03977223
   0.60184583  0.94517557  0.14907846
   0.09106505  0.96052928  0.55568826
   0.82420391  0.18443886  0.90383277
   0.02266093  0.02633638  0.63679322
   0.79145255  0.30988502  0.80406127
   0.00018043  0.00712769  0.75104780
   0.51994501  0.53285834  0.53977220
   0.60184583  0.44517557  0.64907849
   0.61769219  0.56171886  0.94854312
   0.32035536  0.32150467  0.59628334
   0.52604096  0.47732237  0.86231415
   0.27786354  0.19123164  0.69521887
   0.50274100  0.49404741  0.74848253
   0.02422886  0.96245048  0.96233227
   0.09618488  0.04664096  0.85085565
   0.61769219  0.06171882  0.44854318
   0.32035536  0.82150467  0.09628335
   0.52604096  0.97732234  0.36231412
   0.27786354  0.69123164  0.19521883
   0.50274100  0.99404741  0.24848250
   0.02422886  0.46245051  0.46233227
   0.09618488  0.54664098  0.35085571
   0.32487907  0.16869006  0.50100468
   0.32487907  0.66869012  1.00100471
   0.82658472  0.83095591  0.50109771
   0.82658472  0.33095597  0.00109771
   0.29102591  0.24610845  0.34577618
   0.29102591  0.74610845  0.84577621
   0.79557321  0.75209963  0.44970569
   0.79557321  0.25209963  0.94970566
