   0.24999052  0.24772355  0.10396337
   0.23907143  0.27240858  0.22089188
   0.24999052  0.74772355  0.60396338
   0.23907143  0.77240861  0.72089184
   0.75044792  0.75229815  0.89343838
   0.72307086  0.72926109  0.78195578
   0.75044792  0.25229815  0.39343841
   0.72307086  0.22926111  0.28195572
   0.75107138  0.75178060  0.10411698
   0.74587014  0.73028740  0.22058169
   0.75107138  0.25178063  0.60411700
   0.74587014  0.23028738  0.72058172
   0.24897016  0.24818062  0.89350957
   0.23419871  0.28074376  0.78194969
   0.24897016  0.74818065  0.39350960
   0.23419871  0.78074373  0.28194972
   0.24454614  0.24384677 -0.00288069
   0.24454614  0.74384677  0.49711931
   0.75010234  0.75410038  0.99700082
   0.75010234  0.25410038  0.49700076
   0.79460240  0.75042642  0.34747808
   0.79460240  0.25042642  0.84747808
   0.79416528  0.75007481  0.65281900
   0.79416528  0.25007482  0.15281902
   0.29216796  0.24912048  0.54927373
   0.29416123  0.24872850  0.65289902
   0.29416123  0.74872850  0.15289902
   0.29216796  0.74912046  0.04927372
   0.29561398  0.24656830  0.44994860
   0.29561398  0.74656830  0.94994860
   0.79099110  0.75182801  0.54898620
   0.79099110  0.25182801  0.04898620
   0.59633038  0.54681408  0.05535273
   0.31631552  0.31600802  0.40460467
   0.52496519  0.47337603  0.13745470
   0.30468982  0.18317191  0.30213077
   0.50391189  0.49667620  0.25123276
   0.01486643  0.96264408  0.03974774
   0.10305861  0.05274550  0.14931242
   0.59633038  0.04681409  0.55535271
   0.31631552  0.81600802  0.90460467
   0.52496519  0.97337606  0.63745468
   0.30468982  0.68317188  0.80213077
   0.50391189  0.99667623  0.75123279
   0.01486643  0.46264411  0.53974773
   0.10305861  0.55274555  0.64931245
   0.10925674  0.44321355  0.94804069
   0.82173427  0.67924773  0.59637718
   0.02603677  0.52790207  0.86207076
   0.78805454  0.80592797  0.69579251
   0.00156659  0.50349493  0.74919021
   0.51753219  0.03458815  0.96205252
   0.60089187  0.94871407  0.85046239
   0.10925674  0.94321358  0.44804066
   0.82173427  0.17924773  0.09637720
   0.02603677  0.02790209  0.36207076
   0.78805454  0.30592797  0.19579251
   0.00156659  0.00349496  0.24919022
   0.51753219  0.53458818  0.46205249
   0.60089187  0.44871413  0.35046242
   0.09662763  0.45443357  0.05531473
   0.82244361  0.68312115  0.40315190
   0.02494764  0.52583785  0.13742230
   0.79370906  0.80966458  0.30392731
   0.00174756  0.50560748  0.25139750
   0.51328712  0.03863918  0.03999497
   0.60309865  0.94593929  0.14931586
   0.09662763  0.95443354  0.55531477
   0.82244361  0.18312116  0.90315193
   0.02494764  0.02583782  0.63742227
   0.79370906  0.30966461  0.80392728
   0.00174756  0.00560748  0.75139750
   0.51328712  0.53863919  0.53999495
   0.60309865  0.44593929  0.64931589
   0.61005428  0.55916247  0.94823463
   0.31998147  0.32015567  0.59642095
   0.52590375  0.47492763  0.86200298
   0.28510684  0.19155114  0.69579930
   0.50453046  0.49391791  0.74875586
   0.01854214  0.96280807  0.96175496
   0.10421983  0.05312849  0.85017121
   0.61005428  0.05916242  0.44823469
   0.31998147  0.82015567  0.09642096
   0.52590375  0.97492760  0.36200295
   0.28510684  0.69155114  0.19579925
   0.50453046  0.99391791  0.24875583
   0.01854214  0.46280810  0.46175496
   0.10421983  0.55312851  0.35017127
   0.32126366  0.16966836  0.50083688
   0.32126366  0.66966842  1.00083691
   0.82283689  0.83070862  0.50102877
   0.82283689  0.33070868  0.00102877
   0.29247703  0.24771542  0.34556279
   0.29247703  0.74771542  0.84556282
   0.79096970  0.75111127  0.44915288
   0.79096970  0.25111127  0.94915285
