   0.24876557  0.24883015  0.10362139
   0.23674237  0.27383754  0.22048235
   0.24876557  0.74883015  0.60362141
   0.23674237  0.77383757  0.72048231
   0.75046889  0.75373740  0.89354485
   0.71880688  0.72918904  0.78187570
   0.75046889  0.25373740  0.39354488
   0.71880688  0.22918906  0.28187564
   0.74918752  0.75162561  0.10373896
   0.74639685  0.73085792  0.22036186
   0.74918752  0.25162564  0.60373898
   0.74639685  0.23085791  0.72036189
   0.24784268  0.24530999  0.89360057
   0.23308203  0.28110275  0.78158274
   0.24784268  0.74531002  0.39360060
   0.23308203  0.78110272  0.28158277
   0.24811551  0.24234744 -0.00280840
   0.24811551  0.74234744  0.49719160
   0.75343022  0.75505628  0.99724654
   0.75343022  0.25505628  0.49724648
   0.79270030  0.75143880  0.34762559
   0.79270030  0.25143880  0.84762559
   0.79236113  0.74990305  0.65237340
   0.79236113  0.24990306  0.15237342
   0.29285830  0.24889930  0.54921688
   0.29183555  0.24921975  0.65244761
   0.29183555  0.74921975  0.15244761
   0.29285830  0.74889929  0.04921687
   0.29970195  0.24526606  0.45037027
   0.29970195  0.74526606  0.95037027
   0.79184092  0.75166688  0.54890427
   0.79184092  0.25166688  0.04890427
   0.59192646  0.54158763  0.05551499
   0.31740760  0.31491788  0.40513628
   0.52268575  0.47291769  0.13715440
   0.30775036  0.18325894  0.30228784
   0.50245561  0.49706454  0.25087982
   0.01996058  0.96670354  0.03961612
   0.10182229  0.05365723  0.14888535
   0.59192646  0.04158764  0.55551496
   0.31740760  0.81491788  0.90513628
   0.52268575  0.97291772  0.63715438
   0.30775036  0.68325891  0.80228784
   0.50245561  0.99706457  0.75087985
   0.01996058  0.46670357  0.53961611
   0.10182229  0.55365728  0.64888538
   0.11588481  0.44053385  0.94833754
   0.82093642  0.67794352  0.59621159
   0.02600582  0.52594012  0.86211826
   0.78857530  0.80653253  0.69533436
   0.00050125  0.50432050  0.74908289
   0.52200494  0.03402677  0.96244353
   0.59441295  0.95313341  0.85123156
   0.11588481  0.94053388  0.44833751
   0.82093642  0.17794352  0.09621161
   0.02600582  0.02594014  0.36211826
   0.78857530  0.30653253  0.19533436
   0.00050125  0.00432053  0.24908291
   0.52200494  0.53402679  0.46244350
   0.59441295  0.45313347  0.35123159
   0.09186458  0.45953810  0.05559540
   0.82393426  0.68420402  0.40372930
   0.02285917  0.52627257  0.13686758
   0.79170844  0.80977867  0.30406341
   0.00082772  0.50688651  0.25112483
   0.51879581  0.03377633  0.03977603
   0.60179339  0.94542351  0.14906473
   0.09186458  0.95953807  0.55559544
   0.82393426  0.18420403  0.90372933
   0.02285917  0.02627254  0.63686755
   0.79170844  0.30977870  0.80406338
   0.00082772  0.00688652  0.75112483
   0.51879581  0.53377634  0.53977601
   0.60179339  0.44542351  0.64906476
   0.61625592  0.56122789  0.94849538
   0.32016596  0.32125380  0.59626809
   0.52596950  0.47677269  0.86230333
   0.27883279  0.19137054  0.69530935
   0.50337821  0.49400504  0.74855454
   0.02326646  0.96259507  0.96224675
   0.09770223  0.04788460  0.85074495
   0.61625592  0.06122785  0.44849544
   0.32016596  0.82125380  0.09626811
   0.52596950  0.97677266  0.36230330
   0.27883279  0.69137054  0.19530930
   0.50337821  0.99400504  0.24855451
   0.02326646  0.46259510  0.46224675
   0.09770223  0.54788462  0.35074501
   0.32419774  0.16893581  0.50096003
   0.32419774  0.66893587  1.00096006
   0.82591631  0.83091644  0.50106604
   0.82591631  0.33091650  0.00106604
   0.29130244  0.24638953  0.34578270
   0.29130244  0.74638953  0.84578273
   0.79476194  0.75194259  0.44962837
   0.79476194  0.25194259  0.94962834
