   0.24872858  0.24896477  0.10359274
   0.23622242  0.27403644  0.22041551
   0.24872858  0.74896477  0.60359275
   0.23622242  0.77403647  0.72041547
   0.75051917  0.75404326  0.89353397
   0.71825452  0.72922590  0.78182400
   0.75051917  0.25404326  0.39353400
   0.71825452  0.22922592  0.28182394
   0.74908986  0.75156675  0.10371329
   0.74609809  0.73090286  0.22031265
   0.74908986  0.25156677  0.60371331
   0.74609809  0.23090284  0.72031268
   0.24779709  0.24494995  0.89358640
   0.23268488  0.28121029  0.78152266
   0.24779709  0.74494998  0.39358643
   0.23268488  0.78121026  0.28152269
   0.24855452  0.24214211 -0.00279140
   0.24855452  0.74214211  0.49720860
   0.75387746  0.75518292  0.99726824
   0.75387746  0.25518292  0.49726818
   0.79247366  0.75162410  0.34762408
   0.79247366  0.25162410  0.84762408
   0.79222778  0.74986271  0.65233463
   0.79222778  0.24986273  0.15233465
   0.29302760  0.24886427  0.54922670
   0.29164718  0.24928069  0.65241052
   0.29164718  0.74928069  0.15241052
   0.29302760  0.74886426  0.04922669
   0.30023473  0.24507684  0.45041656
   0.30023473  0.74507684  0.95041656
   0.79200962  0.75164491  0.54891149
   0.79200962  0.25164491  0.04891148
   0.59144552  0.54092888  0.05557150
   0.31760934  0.31478772  0.40519562
   0.52251942  0.47285058  0.13713304
   0.30772628  0.18322190  0.30228249
   0.50208267  0.49709344  0.25082777
   0.02062733  0.96717664  0.03962054
   0.10181337  0.05379201  0.14886622
   0.59144552  0.04092889  0.55557148
   0.31760934  0.81478772  0.90519562
   0.52251942  0.97285061  0.63713303
   0.30772628  0.68322187  0.80228249
   0.50208267  0.99709347  0.75082780
   0.02062733  0.46717667  0.53962053
   0.10181337  0.55379206  0.64886625
   0.11675660  0.44012616  0.94836748
   0.82094237  0.67776947  0.59621874
   0.02608146  0.52564715  0.86211521
   0.78863098  0.80673032  0.69528057
   0.00013966  0.50442131  0.74904711
   0.52255574  0.03395358  0.96249590
   0.59349900  0.95380896  0.85131160
   0.11675660  0.94012619  0.44836745
   0.82094237  0.17776947  0.09621875
   0.02608146  0.02564717  0.36211521
   0.78863098  0.30673032  0.19528057
   0.00013966  0.00442134  0.24904712
   0.52255574  0.53395360  0.46249587
   0.59349900  0.45380902  0.35131163
   0.09136898  0.46013658  0.05565127
   0.82409826  0.68433863  0.40378839
   0.02272791  0.52630521  0.13681998
   0.79154127  0.80984292  0.30406019
   0.00047321  0.50702426  0.25108122
   0.51948503  0.03321426  0.03977209
   0.60179798  0.94528791  0.14907107
   0.09136898  0.96013655  0.55565131
   0.82409826  0.18433865  0.90378842
   0.02272791  0.02630518  0.63681995
   0.79154127  0.30984295  0.80406016
   0.00047321  0.00702427  0.75108122
   0.51948503  0.53321427  0.53977207
   0.60179798  0.44528791  0.64907110
   0.61710529  0.56152820  0.94852254
   0.32027419  0.32140679  0.59627642
   0.52602171  0.47709644  0.86231209
   0.27821480  0.19127368  0.69525664
   0.50302639  0.49402757  0.74851408
   0.02382029  0.96251273  0.96229745
   0.09680931  0.04714775  0.85081015
   0.61710529  0.06152816  0.44852260
   0.32027419  0.82140679  0.09627644
   0.52602171  0.97709641  0.36231206
   0.27821480  0.69127368  0.19525659
   0.50302639  0.99402757  0.24851405
   0.02382029  0.46251276  0.46229745
   0.09680931  0.54714777  0.35081021
   0.32459722  0.16878409  0.50098496
   0.32459722  0.66878415  1.00098499
   0.82630530  0.83094721  0.50108397
   0.82630530  0.33094727  0.00108397
   0.29111251  0.24618990  0.34578006
   0.29111251  0.74618990  0.84578009
   0.79534315  0.75204877  0.44968151
   0.79534315  0.25204877  0.94968148
