   0.25048802  0.24742278  0.10410511
   0.23941119  0.27217925  0.22093392
   0.25048802  0.74742278  0.60410512
   0.23941119  0.77217928  0.72093388
   0.75103655  0.75228016  0.89337343
   0.72455806  0.72918317  0.78187326
   0.75103655  0.25228016  0.39337345
   0.72455806  0.22918318  0.28187320
   0.75163674  0.75206349  0.10430801
   0.74499362  0.72999678  0.22056571
   0.75163674  0.25206352  0.60430804
   0.74499362  0.22999676  0.72056574
   0.24970612  0.24873562  0.89342830
   0.23412822  0.28084327  0.78200213
   0.24970612  0.74873565  0.39342833
   0.23412822  0.78084324  0.28200216
   0.24352841  0.24373863 -0.00278164
   0.24352841  0.74373863  0.49721836
   0.74906434  0.75436566  0.99682205
   0.74906434  0.25436566  0.49682199
   0.79516632  0.75029254  0.34743499
   0.79516632  0.25029254  0.84743499
   0.79470905  0.75021867  0.65299507
   0.79470905  0.25021868  0.15299509
   0.29222489  0.24899872  0.54931325
   0.29482331  0.24859220  0.65305026
   0.29482331  0.74859220  0.15305026
   0.29222489  0.74899870  0.04931324
   0.29436406  0.24660534  0.44979125
   0.29436406  0.74660534  0.94979125
   0.79079503  0.75210330  0.54903266
   0.79079503  0.25210330  0.04903265
   0.59797400  0.54844645  0.05547587
   0.31622363  0.31655375  0.40444036
   0.52565286  0.47347486  0.13758566
   0.30276058  0.18223033  0.30210135
   0.50399283  0.49638637  0.25130458
   0.01370781  0.96155418  0.03977529
   0.10351053  0.05252493  0.14953188
   0.59797400  0.04844646  0.55547585
   0.31622363  0.81655375  0.90444036
   0.52565286  0.97347489  0.63758565
   0.30276058  0.68223030  0.80210135
   0.50399283  0.99638640  0.75130461
   0.01370781  0.46155421  0.53977528
   0.10351053  0.55252499  0.64953191
   0.10768219  0.44361980  0.94777648
   0.82181738  0.67955472  0.59646539
   0.02652666  0.52805084  0.86209938
   0.78814305  0.80680984  0.69589341
   0.00133733  0.50337284  0.74912559
   0.51598533  0.03489825  0.96202276
   0.60233681  0.94797912  0.85022918
   0.10768219  0.94361983  0.44777645
   0.82181738  0.17955472  0.09646541
   0.02652666  0.02805086  0.36209938
   0.78814305  0.30680984  0.19589341
   0.00133733  0.00337287  0.24912561
   0.51598533  0.53489827  0.46202273
   0.60233681  0.44797918  0.35022921
   0.09867146  0.45238900  0.05526946
   0.82210399  0.68226719  0.40301049
   0.02569832  0.52558654  0.13758985
   0.79413398  0.81054406  0.30384174
   0.00160721  0.50529665  0.25141325
   0.51157678  0.04033366  0.04006240
   0.60375544  0.94588573  0.14957901
   0.09867146  0.95238897  0.55526950
   0.82210399  0.18226721  0.90301052
   0.02569832  0.02558651  0.63758982
   0.79413398  0.31054409  0.80384171
   0.00160721  0.00529666  0.75141325
   0.51157678  0.54033367  0.54006238
   0.60375544  0.44588573  0.64957904
   0.60885559  0.55923919  0.94809435
   0.32001216  0.31996218  0.59652163
   0.52640780  0.47480354  0.86194412
   0.28691008  0.19091318  0.69594411
   0.50432025  0.49389570  0.74876770
   0.01688335  0.96246911  0.96158418
   0.10568326  0.05429866  0.84995140
   0.60885559  0.05923915  0.44809441
   0.32001216  0.81996218  0.09652164
   0.52640780  0.97480351  0.36194409
   0.28691008  0.69091318  0.19594407
   0.50432025  0.99389570  0.24876767
   0.01688335  0.46246914  0.46158418
   0.10568326  0.55429868  0.34995146
   0.32029548  0.16898310  0.50082477
   0.32029548  0.66898316  1.00082480
   0.82182969  0.83105715  0.50103312
   0.82182969  0.33105721  0.00103312
   0.29288942  0.24794725  0.34548729
   0.29288942  0.74794725  0.84548732
   0.79008051  0.75105209  0.44900609
   0.79008051  0.25105209  0.94900606
