   0.24969513  0.24792299  0.10388619
   0.23883602  0.27259772  0.22083045
   0.24969513  0.74792299  0.60388621
   0.23883602  0.77259775  0.72083041
   0.75026193  0.75238587  0.89348057
   0.72223169  0.72926845  0.78198420
   0.75026193  0.25238587  0.39348060
   0.72223169  0.22926846  0.28198414
   0.75063836  0.75171364  0.10401564
   0.74628449  0.73044061  0.22055613
   0.75063836  0.25171366  0.60401566
   0.74628449  0.23044059  0.72055616
   0.24856080  0.24774908  0.89355388
   0.23419036  0.28070511  0.78189753
   0.24856080  0.74774911  0.39355391
   0.23419036  0.78070508  0.28189756
   0.24523368  0.24368285 -0.00289303
   0.24523368  0.74368285  0.49710697
   0.75068476  0.75417033  0.99707785
   0.75068476  0.25417033  0.49707779
   0.79421504  0.75053214  0.34750581
   0.79421504  0.25053214  0.84750581
   0.79378297  0.75005467  0.65275503
   0.79378297  0.25005468  0.15275505
   0.29221599  0.24909050  0.54925795
   0.29371674  0.24880331  0.65282048
   0.29371674  0.74880331  0.15282048
   0.29221599  0.74909048  0.04925794
   0.29638101  0.24644065  0.45003270
   0.29638101  0.74644065  0.95003270
   0.79110653  0.75176140  0.54896750
   0.79110653  0.25176140  0.04896750
   0.59554379  0.54595170  0.05532830
   0.31642884  0.31579075  0.40469343
   0.52455034  0.47327862  0.13738693
   0.30558891  0.18346422  0.30217436
   0.50383248  0.49677836  0.25119460
   0.01558738  0.96329416  0.03971531
   0.10281502  0.05292866  0.14920928
   0.59554379  0.04595171  0.55532827
   0.31642884  0.81579075  0.90469343
   0.52455034  0.97327865  0.63738692
   0.30558891  0.68346419  0.80217436
   0.50383248  0.99677839  0.75119463
   0.01558738  0.46329419  0.53971531
   0.10281502  0.55292872  0.64920931
   0.11021532  0.44287386  0.94811959
   0.82160811  0.67906648  0.59632287
   0.02587989  0.52773757  0.86207147
   0.78809472  0.80567332  0.69570309
   0.00161407  0.50358882  0.74920350
   0.51828977  0.03452548  0.96210153
   0.59993485  0.94920906  0.85059807
   0.11021532  0.94287389  0.44811956
   0.82160811  0.17906648  0.09632289
   0.02587989  0.02773759  0.36207147
   0.78809472  0.30567332  0.19570309
   0.00161407  0.00358885  0.24920352
   0.51828977  0.53452551  0.46210150
   0.59993485  0.44920912  0.35059810
   0.09568960  0.45533727  0.05534160
   0.82270914  0.68339013  0.40325802
   0.02450179  0.52595636  0.13731900
   0.79338034  0.80944494  0.30396128
   0.00180720  0.50583498  0.25137464
   0.51419396  0.03779958  0.03994871
   0.60281402  0.94591027  0.14922094
   0.09568960  0.95533724  0.55534164
   0.82270914  0.18339014  0.90325805
   0.02450179  0.02595633  0.63731897
   0.79338034  0.30944496  0.80396125
   0.00180720  0.00583499  0.75137464
   0.51419396  0.53779959  0.53994868
   0.60281402  0.44591027  0.64922097
   0.61090261  0.55934768  0.94829666
   0.31998561  0.32027377  0.59636748
   0.52573498  0.47510932  0.86205855
   0.28411401  0.19173832  0.69570092
   0.50454216  0.49394009  0.74874643
   0.01933733  0.96290763  0.96184846
   0.10327923  0.05239403  0.85027703
   0.61090261  0.05934764  0.44829672
   0.31998561  0.82027377  0.09636749
   0.52573498  0.97510929  0.36205852
   0.28411401  0.69173832  0.19570088
   0.50454216  0.99394009  0.24874640
   0.01933733  0.46290766  0.46184846
   0.10327923  0.55239405  0.35027709
   0.32174153  0.16972482  0.50084573
   0.32174153  0.66972488  1.00084576
   0.82337932  0.83067455  0.50101985
   0.82337932  0.33067461  0.00101985
   0.29219063  0.24751786  0.34561066
   0.29219063  0.74751786  0.84561069
   0.79167722  0.75121787  0.44925273
   0.79167722  0.25121787  0.94925270
