   0.24882871  0.24870054  0.10365314
   0.23721025  0.27363657  0.22054795
   0.24882871  0.74870054  0.60365316
   0.23721025  0.77363660  0.72054790
   0.75037180  0.75345068  0.89355260
   0.71932425  0.72915893  0.78192115
   0.75037180  0.25345068  0.39355263
   0.71932425  0.22915895  0.28192109
   0.74932227  0.75164471  0.10376727
   0.74660133  0.73080151  0.22040876
   0.74932227  0.25164474  0.60376729
   0.74660133  0.23080150  0.72040879
   0.24784614  0.24569138  0.89361229
   0.23339977  0.28100965  0.78164142
   0.24784614  0.74569141  0.39361232
   0.23339977  0.78100962  0.28164145
   0.24767668  0.24255449 -0.00282286
   0.24767668  0.74255449  0.49717714
   0.75296815  0.75493051  0.99722596
   0.75296815  0.25493051  0.49722590
   0.79294269  0.75124941  0.34762191
   0.79294269  0.25124941  0.84762191
   0.79253102  0.74995159  0.65243223
   0.79253102  0.24995161  0.15243225
   0.29269646  0.24892816  0.54920986
   0.29207756  0.24914342  0.65250166
   0.29207756  0.74914342  0.15250166
   0.29269646  0.74892814  0.04920985
   0.29912351  0.24547873  0.45032124
   0.29912351  0.74547873  0.95032124
   0.79168863  0.75168800  0.54889974
   0.79168863  0.25168800  0.04889974
   0.59247418  0.54231178  0.05545816
   0.31722197  0.31506964  0.40507365
   0.52291090  0.47297774  0.13717621
   0.30769947  0.18329760  0.30228934
   0.50280512  0.49702301  0.25093509
   0.01923069  0.96616668  0.03961683
   0.10188886  0.05353255  0.14891104
   0.59247418  0.04231179  0.55545814
   0.31722197  0.81506964  0.90507365
   0.52291090  0.97297777  0.63717620
   0.30769947  0.68329757  0.80228934
   0.50280512  0.99702304  0.75093512
   0.01923069  0.46616671  0.53961682
   0.10188886  0.55353260  0.64891107
   0.11491744  0.44098558  0.94831122
   0.82098868  0.67812935  0.59621006
   0.02590145  0.52627785  0.86211865
   0.78852378  0.80628477  0.69537210
   0.00083559  0.50420928  0.74911811
   0.52140695  0.03411234  0.96239023
   0.59540845  0.95239619  0.85113888
   0.11491744  0.94098561  0.44831119
   0.82098868  0.17812935  0.09621007
   0.02590145  0.02627787  0.36211865
   0.78852378  0.30628477  0.19537210
   0.00083559  0.00420931  0.24911812
   0.52140695  0.53411236  0.46239020
   0.59540845  0.45239625  0.35113891
   0.09243365  0.45886598  0.05553881
   0.82377337  0.68405646  0.40366885
   0.02303561  0.52623852  0.13692247
   0.79193671  0.80971046  0.30405655
   0.00114983  0.50674111  0.25116937
   0.51804211  0.03440516  0.03978684
   0.60185581  0.94555066  0.14905891
   0.09243365  0.95886595  0.55553885
   0.82377337  0.18405648  0.90366888
   0.02303561  0.02623850  0.63692244
   0.79193671  0.30971049  0.80405652
   0.00114983  0.00674112  0.75116937
   0.51804211  0.53440517  0.53978681
   0.60185581  0.44555066  0.64905894
   0.61531107  0.56089050  0.94847225
   0.32009316  0.32108291  0.59626490
   0.52588641  0.47641754  0.86228409
   0.27964112  0.19149565  0.69534987
   0.50370234  0.49397848  0.74859803
   0.02266278  0.96268731  0.96219445
   0.09867925  0.04869547  0.85067271
   0.61531107  0.06089046  0.44847231
   0.32009316  0.82108291  0.09626491
   0.52588641  0.97641751  0.36228406
   0.27964112  0.69149565  0.19534983
   0.50370234  0.99397848  0.24859800
   0.02266278  0.46268734  0.46219445
   0.09867925  0.54869550  0.35067277
   0.32377233  0.16910148  0.50093755
   0.32377233  0.66910154  1.00093758
   0.82550431  0.83088154  0.50105327
   0.82550431  0.33088160  0.00105327
   0.29146040  0.24657752  0.34577779
   0.29146040  0.74657752  0.84577782
   0.79423668  0.75183041  0.44957931
   0.79423668  0.25183041  0.94957928
