   0.24875100  0.24891543  0.10360255
   0.23643579  0.27395816  0.22044131
   0.24875100  0.74891543  0.60360256
   0.23643579  0.77395819  0.72044127
   0.75050972  0.75391755  0.89353882
   0.71846763  0.72921142  0.78184423
   0.75050972  0.25391755  0.39353884
   0.71846763  0.22921144  0.28184417
   0.74913204  0.75158945  0.10372200
   0.74623266  0.73088793  0.22033118
   0.74913204  0.25158948  0.60372202
   0.74623266  0.23088791  0.72033121
   0.24781520  0.24509024  0.89359248
   0.23285037  0.28117137  0.78154575
   0.24781520  0.74509027  0.39359251
   0.23285037  0.78117134  0.28154578
   0.24837982  0.24222474 -0.00279776
   0.24837982  0.74222474  0.49720224
   0.75370971  0.75513361  0.99726045
   0.75370971  0.25513361  0.49726039
   0.79256676  0.75154818  0.34762312
   0.79256676  0.25154818  0.84762312
   0.79227140  0.74988962  0.65235585
   0.79227140  0.24988964  0.15235586
   0.29296187  0.24887832  0.54922318
   0.29170713  0.24924608  0.65243070
   0.29170713  0.74924608  0.15243070
   0.29296187  0.74887831  0.04922317
   0.30002080  0.24513868  0.45039771
   0.30002080  0.74513868  0.95039771
   0.79194528  0.75165560  0.54890781
   0.79194528  0.25165560  0.04890781
   0.59161299  0.54116050  0.05555031
   0.31754001  0.31483344  0.40517509
   0.52257633  0.47287201  0.13714011
   0.30774732  0.18323147  0.30228579
   0.50222051  0.49707851  0.25084705
   0.02039653  0.96701435  0.03961845
   0.10181270  0.05373986  0.14887277
   0.59161299  0.04116051  0.55555028
   0.31754001  0.81483344  0.90517509
   0.52257633  0.97287204  0.63714009
   0.30774732  0.68323144  0.80228579
   0.50222051  0.99707854  0.75084708
   0.02039653  0.46701438  0.53961844
   0.10181270  0.55373991  0.64887280
   0.11645881  0.44027781  0.94835732
   0.82093579  0.67783343  0.59621592
   0.02605577  0.52574087  0.86211770
   0.78861661  0.80665279  0.69529392
   0.00027478  0.50437992  0.74906097
   0.52235769  0.03397117  0.96247742
   0.59384254  0.95358274  0.85128396
   0.11645881  0.94027784  0.44835729
   0.82093579  0.17783343  0.09621593
   0.02605577  0.02574089  0.36211770
   0.78861661  0.30665279  0.19529392
   0.00027478  0.00437995  0.24906099
   0.52235769  0.53397119  0.46247739
   0.59384254  0.45358280  0.35128399
   0.09154159  0.45992727  0.05563042
   0.82404365  0.68428701  0.40376744
   0.02277270  0.52629616  0.13683564
   0.79159919  0.80982286  0.30406148
   0.00060305  0.50698020  0.25109754
   0.51924550  0.03340968  0.03977284
   0.60179220  0.94533976  0.14906901
   0.09154159  0.95992724  0.55563046
   0.82404365  0.18428702  0.90376747
   0.02277270  0.02629613  0.63683561
   0.79159919  0.30982289  0.80406145
   0.00060305  0.00698020  0.75109754
   0.51924550  0.53340969  0.53977282
   0.60179220  0.44533976  0.64906904
   0.61679829  0.56143355  0.94851312
   0.32023463  0.32135159  0.59627337
   0.52601919  0.47697469  0.86231041
   0.27841946  0.19131453  0.69527031
   0.50315755  0.49402342  0.74852933
   0.02363709  0.96254097  0.96227970
   0.09711904  0.04742244  0.85078776
   0.61679829  0.06143351  0.44851318
   0.32023463  0.82135159  0.09627339
   0.52601919  0.97697466  0.36231038
   0.27841946  0.69131453  0.19527026
   0.50315755  0.99402342  0.24852930
   0.02363709  0.46254100  0.46227970
   0.09711904  0.54742246  0.35078782
   0.32445843  0.16884150  0.50097720
   0.32445843  0.66884156  1.00097723
   0.82616924  0.83093315  0.50107890
   0.82616924  0.33093321  0.00107890
   0.29123277  0.24629925  0.34578296
   0.29123277  0.74629925  0.84578299
   0.79495056  0.75197655  0.44964633
   0.79495056  0.25197655  0.94964630
