   0.24911239  0.24840179  0.10373897
   0.23801253  0.27319661  0.22067758
   0.24911239  0.74840179  0.60373899
   0.23801253  0.77319664  0.72067753
   0.75025052  0.75291069  0.89353810
   0.72047108  0.72918231  0.78197725
   0.75025052  0.25291069  0.39353813
   0.72047108  0.22918233  0.28197719
   0.74977796  0.75167058  0.10385159
   0.74670475  0.73068119  0.22048818
   0.74977796  0.25167061  0.60385161
   0.74670475  0.23068118  0.72048821
   0.24802458  0.24655927  0.89360483
   0.23386594  0.28084710  0.78175526
   0.24802458  0.74655930  0.39360486
   0.23386594  0.78084707  0.28175529
   0.24665253  0.24302227 -0.00285978
   0.24665253  0.74302227  0.49714022
   0.75199753  0.75460768  0.99717302
   0.75199753  0.25460768  0.49717296
   0.79342426  0.75091129  0.34759275
   0.79342426  0.25091129  0.84759275
   0.79299971  0.74998884  0.65254511
   0.79299971  0.24998886  0.15254513
   0.29244858  0.24900262  0.54921527
   0.29270025  0.24902296  0.65260839
   0.29270025  0.74902296  0.15260839
   0.29244858  0.74900260  0.04921526
   0.29798589  0.24588636  0.45021329
   0.29798589  0.74588636  0.95021329
   0.79142433  0.75170179  0.54891201
   0.79142433  0.25170179  0.04891201
   0.59358930  0.54369567  0.05538318
   0.31685166  0.31536307  0.40492533
   0.52349736  0.47309210  0.13724906
   0.30719456  0.18344489  0.30225456
   0.50336036  0.49694889  0.25104306
   0.01780235  0.96508084  0.03964237
   0.10219796  0.05330679  0.14900649
   0.59358930  0.04369567  0.55538316
   0.31685166  0.81536307  0.90492533
   0.52349736  0.97309213  0.63724905
   0.30719456  0.68344486  0.80225456
   0.50336036  0.99694892  0.75104309
   0.01780235  0.46508087  0.53964236
   0.10219796  0.55330684  0.64900652
   0.11300117  0.44179496  0.94824088
   0.82119546  0.67848476  0.59623997
   0.02579229  0.52691678  0.86210088
   0.78836401  0.80588726  0.69550445
   0.00131844  0.50397386  0.74916748
   0.52016573  0.03428068  0.96227185
   0.59727609  0.95103567  0.85093422
   0.11300117  0.94179499  0.44824085
   0.82119546  0.17848476  0.09623999
   0.02579229  0.02691680  0.36210088
   0.78836401  0.30588726  0.19550445
   0.00131844  0.00397389  0.24916749
   0.52016573  0.53428070  0.46227182
   0.59727609  0.45103573  0.35093425
   0.09359675  0.45755766  0.05545505
   0.82335664  0.68379297  0.40350889
   0.02353556  0.52615004  0.13706699
   0.79243953  0.80949996  0.30402283
   0.00159741  0.50639735  0.25125490
   0.51656271  0.03566167  0.03983497
   0.60216363  0.94572513  0.14909194
   0.09359675  0.95755763  0.55545510
   0.82335664  0.18379299  0.90350892
   0.02353556  0.02615001  0.63706696
   0.79243953  0.30949998  0.80402280
   0.00159741  0.00639736  0.75125490
   0.51656271  0.53566168  0.53983495
   0.60216363  0.44572513  0.64909197
   0.61349461  0.56025034  0.94840787
   0.32002859  0.32075615  0.59629026
   0.52576141  0.47581813  0.86221122
   0.28136268  0.19166853  0.69549077
   0.50419280  0.49395040  0.74866788
   0.02136895  0.96282489  0.96206761
   0.10055581  0.05025068  0.85051897
   0.61349461  0.06025030  0.44840793
   0.32002859  0.82075615  0.09629028
   0.52576141  0.97581810  0.36221119
   0.28136268  0.69166853  0.19549073
   0.50419280  0.99395040  0.24866785
   0.02136895  0.46282492  0.46206761
   0.10055581  0.55025070  0.35051903
   0.32294938  0.16940170  0.50089606
   0.32294938  0.66940176  1.00089609
   0.82468331  0.83080806  0.50103583
   0.82468331  0.33080812  0.00103583
   0.29175940  0.24700011  0.34573144
   0.29175940  0.74700011  0.84573146
   0.79313095  0.75158647  0.44945083
   0.79313095  0.25158647  0.94945080
