   0.25078387  0.24700855  0.10288972
   0.23649748  0.27397866  0.21917378
   0.25078387  0.74700855  0.60288974
   0.23649748  0.77397869  0.71917373
   0.75078384  0.75299145  0.89711026
   0.73649744  0.72602131  0.78082627
   0.75078384  0.25299145  0.39711029
   0.73649744  0.22602133  0.28082621
   0.74564140  0.75149343  0.10287988
   0.73439280  0.72706140  0.21907460
   0.74564140  0.25149346  0.60287990
   0.73439280  0.22706138  0.71907463
   0.24564141  0.24850654  0.89712010
   0.23439281  0.27293863  0.78092537
   0.24564141  0.74850657  0.39712013
   0.23439281  0.77293860  0.28092540
   0.24752776  0.23979150  0.00014797
   0.24752776  0.73979150  0.50014797
   0.74752774  0.76020850  0.99985203
   0.74752774  0.26020850  0.49985197
   0.29524791  0.25081469  0.34802272
   0.29524791  0.75081469  0.84802275
   0.79403959  0.74994602  0.34843985
   0.79403959  0.24994602  0.84843985
   0.79524788  0.74918531  0.65197725
   0.79524788  0.24918532  0.15197726
   0.29403962  0.25005398  0.65156015
   0.29403962  0.75005398  0.15156015
   0.29235574  0.24574669  0.45121701
   0.29235574  0.74574669  0.95121701
   0.79235574  0.75425331  0.54878299
   0.79235574  0.25425331  0.04878299
   0.59957209  0.54845758  0.05445692
   0.32089255  0.32101667  0.40344022
   0.52629727  0.47215962  0.13688339
   0.29090860  0.18773818  0.30429613
   0.50175313  0.49527721  0.25120299
   0.01621207  0.96611435  0.03842216
   0.10548985  0.05471942  0.14993538
   0.59957209  0.04845759  0.55445690
   0.32089255  0.82101667  0.90344022
   0.52629727  0.97215965  0.63688337
   0.29090860  0.68773815  0.80429613
   0.50175313  0.99527724  0.75120302
   0.01621207  0.46611438  0.53842215
   0.10548985  0.55471947  0.64993541
   0.09957212  0.45154239  0.94554310
   0.82089255  0.67898333  0.59655978
   0.02629725  0.52784035  0.86311663
   0.79090866  0.81226185  0.69570387
   0.00175315  0.50472276  0.74879698
   0.51621208  0.03388562  0.96157785
   0.60548987  0.94528053  0.85006459
   0.09957212  0.95154242  0.44554307
   0.82089255  0.17898333  0.09655980
   0.02629725  0.02784037  0.36311663
   0.79090866  0.31226185  0.19570387
   0.00175315  0.00472279  0.24879699
   0.51621208  0.53388565  0.46157782
   0.60548987  0.44528059  0.35006462
   0.10067926  0.44733775  0.05424586
   0.82592919  0.67788629  0.40299048
   0.02562765  0.52564170  0.13705235
   0.79353347  0.81355272  0.30455628
   0.00176590  0.50476807  0.25114320
   0.51703963  0.03726379  0.03879749
   0.60632199  0.94469999  0.15010966
   0.10067926  0.94733772  0.55424590
   0.82592919  0.17788631  0.90299051
   0.02562765  0.02564167  0.63705232
   0.79353347  0.31355275  0.80455625
   0.00176590  0.00476808  0.75114320
   0.51703963  0.53726380  0.53879746
   0.60632199  0.44469999  0.65010969
   0.60067925  0.55266228  0.94575410
   0.32592916  0.32211371  0.59700949
   0.52562760  0.47435833  0.86294768
   0.29353350  0.18644728  0.69544375
   0.50176593  0.49523193  0.74885680
   0.01703964  0.96273620  0.96120254
   0.10632199  0.05529999  0.84989031
   0.60067925  0.05266223  0.44575416
   0.32592916  0.82211371  0.09700951
   0.52562760  0.97435830  0.36294765
   0.29353350  0.68644728  0.19544371
   0.50176593  0.99523193  0.24885677
   0.01703964  0.46273623  0.46120254
   0.10632199  0.55530001  0.34989037
   0.32261590  0.16510973  0.49988102
   0.32261590  0.66510979  0.99988104
   0.82261590  0.83489021  0.50011896
   0.82261590  0.33489027  0.00011896
   0.78887473  0.75291781  0.45061565
   0.78887473  0.25291781  0.95061562
   0.28887473  0.24708221  0.54938438
   0.28887473  0.74708219  0.04938437
