   0.25066997  0.24697945  0.10293580
   0.23708801  0.27388171  0.21918181
   0.25066997  0.74697945  0.60293581
   0.23708801  0.77388174  0.71918176
   0.75066994  0.75302055  0.89706419
   0.73708796  0.72611826  0.78081824
   0.75066994  0.25302055  0.39706422
   0.73708796  0.22611827  0.28081818
   0.74552765  0.75148049  0.10292816
   0.73501394  0.72714587  0.21908540
   0.74552765  0.25148052  0.60292818
   0.73501394  0.22714585  0.71908543
   0.24552766  0.24851948  0.89707182
   0.23501395  0.27285416  0.78091457
   0.24552766  0.74851951  0.39707185
   0.23501395  0.77285413  0.28091460
   0.24745092  0.23987116  0.00015052
   0.24745092  0.73987116  0.50015052
   0.74745090  0.76012884  0.99984948
   0.74745090  0.26012884  0.49984942
   0.29514759  0.25081384  0.34796321
   0.29514759  0.75081384  0.84796323
   0.79393238  0.74992409  0.34838271
   0.79393238  0.24992409  0.84838271
   0.79514756  0.74918616  0.65203677
   0.79514756  0.24918617  0.15203678
   0.29393241  0.25007591  0.65161729
   0.29393241  0.75007591  0.15161729
   0.29229780  0.24577143  0.45119858
   0.29229780  0.74577143  0.95119858
   0.79229780  0.75422857  0.54880142
   0.79229780  0.25422857  0.04880141
   0.59974121  0.54865156  0.05446481
   0.32084283  0.32093754  0.40340822
   0.52614523  0.47216557  0.13695900
   0.29071853  0.18807797  0.30421361
   0.50218058  0.49542081  0.25121783
   0.01593467  0.96596492  0.03844797
   0.10541395  0.05475984  0.14998686
   0.59974121  0.04865157  0.55446479
   0.32084283  0.82093754  0.90340822
   0.52614523  0.97216560  0.63695898
   0.29071853  0.68807794  0.80421361
   0.50218058  0.99542084  0.75121786
   0.01593467  0.46596495  0.53844797
   0.10541395  0.55475989  0.64998689
   0.09974124  0.45134841  0.94553521
   0.82084283  0.67906246  0.59659178
   0.02614520  0.52783440  0.86304102
   0.79071859  0.81192206  0.69578639
   0.00218060  0.50457916  0.74878214
   0.51593468  0.03403506  0.96155203
   0.60541397  0.94524011  0.85001311
   0.09974124  0.95134844  0.44553518
   0.82084283  0.17906246  0.09659180
   0.02614520  0.02783442  0.36304102
   0.79071859  0.31192206  0.19578639
   0.00218060  0.00457919  0.24878215
   0.51593468  0.53403508  0.46155200
   0.60541397  0.44524017  0.35001314
   0.10077875  0.44712293  0.05425134
   0.82580362  0.67794071  0.40295332
   0.02547433  0.52569486  0.13713142
   0.79332986  0.81321169  0.30447974
   0.00219729  0.50462776  0.25115793
   0.51678716  0.03752110  0.03883301
   0.60619742  0.94470436  0.15015454
   0.10077875  0.94712290  0.55425138
   0.82580362  0.17794073  0.90295335
   0.02547433  0.02569483  0.63713139
   0.79332986  0.31321172  0.80447971
   0.00219729  0.00462777  0.75115793
   0.51678716  0.53752111  0.53883299
   0.60619742  0.44470436  0.65015456
   0.60077874  0.55287710  0.94574862
   0.32580359  0.32205929  0.59704665
   0.52547427  0.47430517  0.86286861
   0.29332989  0.18678831  0.69552029
   0.50219732  0.49537224  0.74884207
   0.01678717  0.96247889  0.96116701
   0.10619742  0.05529562  0.84984544
   0.60077874  0.05287705  0.44574868
   0.32580359  0.82205929  0.09704667
   0.52547427  0.97430514  0.36286858
   0.29332989  0.68678831  0.19552024
   0.50219732  0.99537224  0.24884204
   0.01678717  0.46247892  0.46116701
   0.10619742  0.55529564  0.34984549
   0.32251148  0.16513500  0.49987635
   0.32251148  0.66513506  0.99987638
   0.82251148  0.83486494  0.50012362
   0.82251148  0.33486500  0.00012362
   0.78881466  0.75289936  0.45059767
   0.78881466  0.25289936  0.95059764
   0.28881466  0.24710066  0.54940236
   0.28881466  0.74710064  0.04940235
