   0.25239542  0.24602832  0.10386250
   0.23797245  0.27398589  0.21936403
   0.25239542  0.74602832  0.60386252
   0.23797245  0.77398592  0.71936398
   0.75239539  0.75397168  0.89613748
   0.73797240  0.72601408  0.78063602
   0.75239539  0.25397168  0.39613751
   0.73797240  0.22601409  0.28063596
   0.74729788  0.75275703  0.10414065
   0.73523859  0.72796617  0.21924866
   0.74729788  0.25275706  0.60414067
   0.73523859  0.22796616  0.71924869
   0.24729790  0.24724294  0.89585933
   0.23523860  0.27203386  0.78075131
   0.24729790  0.74724297  0.39585936
   0.23523860  0.77203383  0.28075134
   0.24450492  0.24004164  0.00095576
   0.24450492  0.74004164  0.50095576
   0.74450491  0.75995836  0.99904424
   0.74450491  0.25995836  0.49904418
   0.29588193  0.25074277  0.34726953
   0.29588193  0.75074277  0.84726956
   0.79452503  0.74983686  0.34769884
   0.79452503  0.24983686  0.84769884
   0.79588190  0.74925723  0.65273044
   0.79588190  0.24925725  0.15273045
   0.29452506  0.25016314  0.65230116
   0.29452506  0.75016314  0.15230116
   0.29089373  0.24511844  0.45059457
   0.29089373  0.74511844  0.95059457
   0.79089373  0.75488156  0.54940543
   0.79089373  0.25488156  0.04940542
   0.60418585  0.55396234  0.05564589
   0.32095640  0.32066180  0.40282884
   0.52730954  0.47245878  0.13803081
   0.29154834  0.18656912  0.30322175
   0.50259458  0.49524380  0.25137804
   0.00980299  0.96109507  0.03864705
   0.10454781  0.05336908  0.15093632
   0.60418585  0.05396235  0.55564587
   0.32095640  0.82066180  0.90282884
   0.52730954  0.97245881  0.63803079
   0.29154834  0.68656909  0.80322175
   0.50259458  0.99524383  0.75137807
   0.00980299  0.46109510  0.53864704
   0.10454781  0.55336913  0.65093635
   0.10418588  0.44603763  0.94435413
   0.82095640  0.67933820  0.59717116
   0.02730952  0.52754119  0.86196921
   0.79154840  0.81343091  0.69677825
   0.00259460  0.50475617  0.74862193
   0.50980299  0.03890491  0.96135296
   0.60454782  0.94663087  0.84906365
   0.10418588  0.94603766  0.44435410
   0.82095640  0.17933820  0.09717118
   0.02730952  0.02754121  0.36196921
   0.79154840  0.31343091  0.19677825
   0.00259460  0.00475620  0.24862194
   0.50980299  0.53890493  0.46135293
   0.60454782  0.44663093  0.34906368
   0.10819029  0.43929632  0.05431571
   0.82642887  0.67747938  0.40208479
   0.02690069  0.52459053  0.13821493
   0.79422245  0.81422257  0.30360932
   0.00253177  0.50472193  0.25129119
   0.50813689  0.04597030  0.03974603
   0.60644877  0.94526889  0.15149512
   0.10819029  0.93929629  0.55431575
   0.82642887  0.17747939  0.90208482
   0.02690069  0.02459050  0.63821490
   0.79422245  0.31422259  0.80360929
   0.00253177  0.00472194  0.75129119
   0.50813689  0.54597030  0.53974600
   0.60644877  0.44526889  0.65149514
   0.60819028  0.56070371  0.94568425
   0.32642884  0.32252062  0.59791518
   0.52690064  0.47540950  0.86178510
   0.29422248  0.18577743  0.69639071
   0.50253180  0.49527807  0.74870881
   0.00813689  0.95402970  0.96025400
   0.10644878  0.05473109  0.84850486
   0.60819028  0.06070366  0.44568431
   0.32642884  0.82252062  0.09791520
   0.52690064  0.97540947  0.36178507
   0.29422248  0.68577743  0.19639067
   0.50253180  0.99527807  0.24870878
   0.00813689  0.45402973  0.46025400
   0.10644878  0.55473111  0.34850491
   0.31889485  0.16190632  0.49971760
   0.31889485  0.66190638  0.99971763
   0.81889485  0.83809362  0.50028237
   0.81889485  0.33809368  0.00028237
   0.78858979  0.75278847  0.45005244
   0.78858979  0.25278847  0.95005241
   0.28858979  0.24721155  0.54994759
   0.28858979  0.74721153  0.04994758
