   0.25101232  0.24649724  0.10325555
   0.23807435  0.27330503  0.21924593
   0.25101232  0.74649724  0.60325556
   0.23807435  0.77330506  0.71924588
   0.75101229  0.75350276  0.89674444
   0.73807430  0.72669494  0.78075412
   0.75101229  0.25350276  0.39674447
   0.73807430  0.22669495  0.28075406
   0.74586258  0.75160663  0.10332375
   0.73597307  0.72779040  0.21915251
   0.74586258  0.25160666  0.60332378
   0.73597307  0.22779038  0.71915254
   0.24586259  0.24839334  0.89667622
   0.23597309  0.27220963  0.78084746
   0.24586259  0.74839337  0.39667625
   0.23597309  0.77220960  0.28084749
   0.24679791  0.24041159  0.00037601
   0.24679791  0.74041159  0.50037601
   0.74679790  0.75958841  0.99962399
   0.74679790  0.25958841  0.49962393
   0.29532829  0.25079814  0.34759520
   0.29532829  0.75079814  0.84759523
   0.79399643  0.75007852  0.34799607
   0.79399643  0.25007852  0.84799607
   0.79532826  0.74920186  0.65240477
   0.79532826  0.24920187  0.15240478
   0.29399646  0.24992148  0.65200393
   0.29399646  0.74992148  0.15200393
   0.29180879  0.24574836  0.45100065
   0.29180879  0.74574836  0.95100065
   0.79180879  0.75425164  0.54899935
   0.79180879  0.25425164  0.04899935
   0.60115628  0.55041423  0.05470679
   0.32103302  0.32034220  0.40313700
   0.52642962  0.47232693  0.13740811
   0.29071385  0.18880201  0.30380295
   0.50282188  0.49574326  0.25129945
   0.01378327  0.96448603  0.03863996
   0.10519029  0.05435734  0.15035065
   0.60115628  0.05041424  0.55470677
   0.32103302  0.82034220  0.90313700
   0.52642962  0.97232696  0.63740809
   0.29071385  0.68880198  0.80380295
   0.50282188  0.99574329  0.75129948
   0.01378327  0.46448606  0.53863995
   0.10519029  0.55435739  0.65035068
   0.10115631  0.44958574  0.94529323
   0.82103302  0.67965780  0.59686300
   0.02642959  0.52767304  0.86259191
   0.79071391  0.81119802  0.69619705
   0.00282190  0.50425671  0.74870052
   0.51378327  0.03551394  0.96136005
   0.60519031  0.94564261  0.84964932
   0.10115631  0.94958577  0.44529320
   0.82103302  0.17965780  0.09686301
   0.02642959  0.02767306  0.36259191
   0.79071391  0.31119802  0.19619705
   0.00282190  0.00425674  0.24870053
   0.51378327  0.53551397  0.46136002
   0.60519031  0.44564267  0.34964935
   0.10259605  0.44510926  0.05427399
   0.82548409  0.67825470  0.40264539
   0.02573943  0.52545460  0.13759500
   0.79314526  0.81239206  0.30406359
   0.00283563  0.50428382  0.25123371
   0.51406046  0.04013239  0.03921823
   0.60597638  0.94499658  0.15055831
   0.10259605  0.94510923  0.55427403
   0.82548409  0.17825472  0.90264542
   0.02573943  0.02545457  0.63759497
   0.79314526  0.31239209  0.80406356
   0.00283563  0.00428383  0.75123371
   0.51406046  0.54013240  0.53921821
   0.60597638  0.44499658  0.65055833
   0.60259603  0.55489077  0.94572597
   0.32548406  0.32174530  0.59735458
   0.52573938  0.47454543  0.86240503
   0.29314529  0.18760794  0.69593644
   0.50283567  0.49571618  0.74876629
   0.01406047  0.95986760  0.96078179
   0.10597639  0.05500340  0.84944167
   0.60259603  0.05489072  0.44572603
   0.32548406  0.82174530  0.09735459
   0.52573938  0.97454540  0.36240500
   0.29314529  0.68760794  0.19593640
   0.50283567  0.99571618  0.24876626
   0.01406047  0.45986763  0.46078179
   0.10597639  0.55500342  0.34944172
   0.32150694  0.16503190  0.49985361
   0.32150694  0.66503196  0.99985364
   0.82150694  0.83496804  0.50014636
   0.82150694  0.33496810  0.00014636
   0.78867364  0.75266707  0.45039507
   0.78867364  0.25266707  0.95039504
   0.28867364  0.24733294  0.54960496
   0.28867364  0.74733293  0.04960495
