   0.25249370  0.24616760  0.10378963
   0.23803236  0.27371821  0.21933800
   0.25249370  0.74616760  0.60378964
   0.23803236  0.77371824  0.71933796
   0.75249367  0.75383240  0.89621036
   0.73803232  0.72628176  0.78066204
   0.75249367  0.25383240  0.39621039
   0.73803232  0.22628177  0.28066198
   0.74734666  0.75248780  0.10405423
   0.73542745  0.72808136  0.21921927
   0.74734666  0.25248783  0.60405425
   0.73542745  0.22808134  0.71921930
   0.24734667  0.24751217  0.89594575
   0.23542747  0.27191867  0.78078070
   0.24734667  0.74751220  0.39594578
   0.23542747  0.77191864  0.28078073
   0.24482673  0.24001542  0.00090998
   0.24482673  0.74001542  0.50090998
   0.74482671  0.75998458  0.99909002
   0.74482671  0.25998458  0.49908996
   0.29581224  0.25044140  0.34704276
   0.29581224  0.75044140  0.84704279
   0.79449631  0.75016869  0.34752991
   0.79449631  0.25016869  0.84752991
   0.79581221  0.74955860  0.65295721
   0.79581221  0.24955862  0.15295722
   0.29449634  0.24983131  0.65247009
   0.29449634  0.74983131  0.15247009
   0.29091674  0.24514408  0.45065771
   0.29091674  0.74514408  0.95065771
   0.79091674  0.75485592  0.54934229
   0.79091674  0.25485592  0.04934229
   0.60392443  0.55361827  0.05553736
   0.32097030  0.32042290  0.40283741
   0.52720648  0.47246583  0.13796288
   0.29147794  0.18713054  0.30342650
   0.50259351  0.49533257  0.25138112
   0.01012089  0.96140815  0.03869355
   0.10462962  0.05345761  0.15086971
   0.60392443  0.05361828  0.55553733
   0.32097030  0.82042290  0.90283741
   0.52720648  0.97246586  0.63796286
   0.29147794  0.68713051  0.80342650
   0.50259351  0.99533260  0.75138115
   0.01012089  0.46140818  0.53869354
   0.10462962  0.55345766  0.65086974
   0.10392446  0.44638170  0.94446267
   0.82097030  0.67957710  0.59716259
   0.02720645  0.52753414  0.86203714
   0.79147800  0.81286949  0.69657350
   0.00259352  0.50466740  0.74861885
   0.51012089  0.03859183  0.96130646
   0.60462963  0.94654234  0.84913026
   0.10392446  0.94638173  0.44446264
   0.82097030  0.17957710  0.09716260
   0.02720645  0.02753416  0.36203714
   0.79147800  0.31286949  0.19657350
   0.00259352  0.00466743  0.24861887
   0.51012089  0.53859185  0.46130643
   0.60462963  0.44654240  0.34913029
   0.10749845  0.44005396  0.05431545
   0.82610279  0.67768702  0.40217215
   0.02678362  0.52465932  0.13814601
   0.79407572  0.81375994  0.30373642
   0.00252487  0.50469655  0.25129418
   0.50868475  0.04529760  0.03973405
   0.60631604  0.94522618  0.15139046
   0.10749845  0.94005393  0.55431549
   0.82610279  0.17768704  0.90217218
   0.02678362  0.02465929  0.63814598
   0.79407572  0.31375997  0.80373639
   0.00252487  0.00469656  0.75129418
   0.50868475  0.54529761  0.53973402
   0.60631604  0.44522618  0.65139049
   0.60749844  0.55994607  0.94568451
   0.32610276  0.32231298  0.59782782
   0.52678356  0.47534071  0.86185402
   0.29407575  0.18624006  0.69626361
   0.50252490  0.49530345  0.74870582
   0.00868475  0.95470239  0.96026598
   0.10631604  0.05477380  0.84860951
   0.60749844  0.05994603  0.44568457
   0.32610276  0.82231298  0.09782784
   0.52678356  0.97534068  0.36185399
   0.29407575  0.68624006  0.19626356
   0.50252490  0.99530345  0.24870579
   0.00868475  0.45470242  0.46026598
   0.10631604  0.55477382  0.34860957
   0.31912978  0.16250728  0.49974837
   0.31912978  0.66250734  0.99974840
   0.81912978  0.83749266  0.50025160
   0.81912978  0.33749272  0.00025160
   0.78860849  0.75279199  0.45007056
   0.78860849  0.25279199  0.95007053
   0.28860849  0.24720803  0.54992947
   0.28860849  0.74720801  0.04992946
