   0.25060352  0.24696693  0.10296443
   0.23736248  0.27380555  0.21918371
   0.25060352  0.74696693  0.60296444
   0.23736248  0.77380558  0.71918366
   0.75060349  0.75303307  0.89703556
   0.73736244  0.72619442  0.78081634
   0.75060349  0.25303307  0.39703558
   0.73736244  0.22619443  0.28081628
   0.74548677  0.75145941  0.10295695
   0.73530964  0.72721568  0.21908980
   0.74548677  0.25145944  0.60295698
   0.73530964  0.22721566  0.71908983
   0.24548679  0.24854056  0.89704302
   0.23530966  0.27278435  0.78091017
   0.24548679  0.74854059  0.39704305
   0.23530966  0.77278432  0.28091020
   0.24743266  0.23993467  0.00015057
   0.24743266  0.73993467  0.50015057
   0.74743265  0.76006533  0.99984943
   0.74743265  0.26006533  0.49984937
   0.29508691  0.25084881  0.34794874
   0.29508691  0.75084881  0.84794877
   0.79386305  0.74988549  0.34835881
   0.79386305  0.24988549  0.84835881
   0.79508688  0.74915119  0.65205123
   0.79508688  0.24915121  0.15205125
   0.29386308  0.25011451  0.65164119
   0.29386308  0.75011451  0.15164119
   0.29228785  0.24580510  0.45118870
   0.29228785  0.74580510  0.95118870
   0.79228785  0.75419490  0.54881130
   0.79228785  0.25419490  0.04881129
   0.59988653  0.54874885  0.05446665
   0.32083203  0.32086570  0.40339985
   0.52608631  0.47216467  0.13700218
   0.29063166  0.18835154  0.30419006
   0.50239014  0.49551234  0.25122795
   0.01574183  0.96586640  0.03846292
   0.10537619  0.05479537  0.15001477
   0.59988653  0.04874885  0.55446663
   0.32083203  0.82086570  0.90339985
   0.52608631  0.97216470  0.63700217
   0.29063166  0.68835151  0.80419006
   0.50239014  0.99551237  0.75122798
   0.01574183  0.46586643  0.53846291
   0.10537619  0.55479542  0.65001480
   0.09988656  0.45125112  0.94553337
   0.82083203  0.67913430  0.59660015
   0.02608629  0.52783530  0.86299783
   0.79063172  0.81164849  0.69580994
   0.00239015  0.50448763  0.74877202
   0.51574183  0.03413358  0.96153709
   0.60537621  0.94520458  0.84998520
   0.09988656  0.95125115  0.44553334
   0.82083203  0.17913430  0.09660017
   0.02608629  0.02783532  0.36299783
   0.79063172  0.31164849  0.19580994
   0.00239015  0.00448766  0.24877204
   0.51574183  0.53413360  0.46153706
   0.60537621  0.44520464  0.34998523
   0.10084634  0.44698493  0.05425157
   0.82573154  0.67799483  0.40293352
   0.02539217  0.52570980  0.13717617
   0.79322406  0.81294521  0.30445762
   0.00240782  0.50453704  0.25116828
   0.51662923  0.03772288  0.03885490
   0.60615318  0.94471587  0.15017620
   0.10084634  0.94698490  0.55425161
   0.82573154  0.17799485  0.90293355
   0.02539217  0.02570978  0.63717614
   0.79322406  0.31294524  0.80445759
   0.00240782  0.00453704  0.75116828
   0.51662923  0.53772289  0.53885488
   0.60615318  0.44471587  0.65017623
   0.60084633  0.55301510  0.94574839
   0.32573151  0.32200517  0.59706645
   0.52539211  0.47429023  0.86282386
   0.29322409  0.18705479  0.69554241
   0.50240785  0.49546296  0.74883172
   0.01662923  0.96227711  0.96114512
   0.10615318  0.05528411  0.84982377
   0.60084633  0.05301506  0.44574845
   0.32573151  0.82200517  0.09706646
   0.52539211  0.97429020  0.36282383
   0.29322409  0.68705479  0.19554237
   0.50240785  0.99546296  0.24883169
   0.01662923  0.46227714  0.46114512
   0.10615318  0.55528413  0.34982383
   0.32245315  0.16515465  0.49987309
   0.32245315  0.66515471  0.99987312
   0.82245315  0.83484529  0.50012688
   0.82245315  0.33484535  0.00012688
   0.78878478  0.75288844  0.45059498
   0.78878478  0.25288844  0.95059495
   0.28878478  0.24711158  0.54940505
   0.28878478  0.74711156  0.04940504
