   0.25217745  0.24618180  0.10359677
   0.23811360  0.27319713  0.21933047
   0.25217745  0.74618180  0.60359679
   0.23811360  0.77319716  0.71933043
   0.75217742  0.75381820  0.89640321
   0.73811355  0.72680284  0.78066957
   0.75217742  0.25381820  0.39640324
   0.73811355  0.22680285  0.28066951
   0.74691187  0.75208430  0.10380865
   0.73572398  0.72828279  0.21920949
   0.74691187  0.25208432  0.60380867
   0.73572398  0.22828277  0.71920952
   0.24691188  0.24791568  0.89619133
   0.23572399  0.27171724  0.78079048
   0.24691188  0.74791570  0.39619136
   0.23572399  0.77171721  0.28079051
   0.24564619  0.24014650  0.00076481
   0.24564619  0.74014650  0.50076481
   0.74564617  0.75985350  0.99923519
   0.74564617  0.25985350  0.49923513
   0.29576081  0.25067017  0.34716377
   0.29576081  0.75067017  0.84716380
   0.79441052  0.75018594  0.34762910
   0.79441052  0.25018594  0.84762910
   0.79576078  0.74932983  0.65283620
   0.79576078  0.24932984  0.15283621
   0.29441055  0.24981406  0.65237090
   0.29441055  0.74981406  0.15237090
   0.29090243  0.24523029  0.45079035
   0.29090243  0.74523029  0.95079035
   0.79090243  0.75476971  0.54920965
   0.79090243  0.25476971  0.04920964
   0.60336429  0.55226453  0.05521361
   0.32114448  0.31994773  0.40291017
   0.52705298  0.47252493  0.13782409
   0.29123234  0.18783548  0.30347528
   0.50267905  0.49553336  0.25137336
   0.01101358  0.96258744  0.03878339
   0.10486700  0.05356183  0.15073272
   0.60336429  0.05226454  0.55521359
   0.32114448  0.81994773  0.90291017
   0.52705298  0.97252496  0.63782408
   0.29123234  0.68783545  0.80347528
   0.50267905  0.99553339  0.75137339
   0.01101358  0.46258747  0.53878338
   0.10486700  0.55356188  0.65073275
   0.10336432  0.44773544  0.94478641
   0.82114448  0.68005227  0.59708983
   0.02705296  0.52747504  0.86217592
   0.79123240  0.81216455  0.69652472
   0.00267906  0.50446661  0.74862661
   0.51101359  0.03741254  0.96121662
   0.60486702  0.94643812  0.84926725
   0.10336432  0.94773547  0.44478638
   0.82114448  0.18005227  0.09708985
   0.02705296  0.02747507  0.36217592
   0.79123240  0.31216455  0.19652472
   0.00267906  0.00446664  0.24862663
   0.51101359  0.53741256  0.46121659
   0.60486702  0.44643818  0.34926728
   0.10531369  0.44196578  0.05431309
   0.82546432  0.67807035  0.40235853
   0.02654610  0.52487595  0.13800732
   0.79368558  0.81316426  0.30372739
   0.00264609  0.50452950  0.25129048
   0.51064874  0.04365271  0.03965404
   0.60596407  0.94526014  0.15113523
   0.10531369  0.94196575  0.55431313
   0.82546432  0.17807037  0.90235856
   0.02654610  0.02487592  0.63800729
   0.79368558  0.31316429  0.80372736
   0.00264609  0.00452950  0.75129048
   0.51064874  0.54365272  0.53965401
   0.60596407  0.44526014  0.65113526
   0.60531368  0.55803425  0.94568687
   0.32546429  0.32192965  0.59764144
   0.52654604  0.47512408  0.86199271
   0.29368561  0.18683574  0.69627264
   0.50264612  0.49547050  0.74870952
   0.01064875  0.95634728  0.96034599
   0.10596408  0.05473984  0.84886474
   0.60531368  0.05803420  0.44568693
   0.32546429  0.82192965  0.09764146
   0.52654604  0.97512405  0.36199268
   0.29368561  0.68683574  0.19627260
   0.50264612  0.99547050  0.24870949
   0.01064875  0.45634731  0.46034599
   0.10596408  0.55473986  0.34886480
   0.31998988  0.16402338  0.49980420
   0.31998988  0.66402344  0.99980423
   0.81998988  0.83597656  0.50019577
   0.81998988  0.33597662  0.00019577
   0.78874078  0.75276070  0.45014350
   0.78874078  0.25276070  0.95014347
   0.28874078  0.24723931  0.54985653
   0.28874078  0.74723930  0.04985652
