   0.25074798  0.24700304  0.10289906
   0.23661222  0.27396376  0.21917577
   0.25074798  0.74700304  0.60289907
   0.23661222  0.77396379  0.71917573
   0.75074795  0.75299696  0.89710093
   0.73661217  0.72603621  0.78082427
   0.75074795  0.25299696  0.39710096
   0.73661217  0.22603623  0.28082421
   0.74560848  0.75149257  0.10288972
   0.73451060  0.72707558  0.21907690
   0.74560848  0.25149260  0.60288974
   0.73451060  0.22707556  0.71907693
   0.24560849  0.24850740  0.89711026
   0.23451062  0.27292445  0.78092307
   0.24560849  0.74850743  0.39711029
   0.23451062  0.77292442  0.28092310
   0.24750668  0.23980054  0.00014883
   0.24750668  0.73980054  0.50014883
   0.74750666  0.76019946  0.99985117
   0.74750666  0.26019946  0.49985111
   0.29523440  0.25082215  0.34802363
   0.29523440  0.75082215  0.84802366
   0.79402384  0.74993560  0.34843949
   0.79402384  0.24993560  0.84843949
   0.79523437  0.74917785  0.65197634
   0.79523437  0.24917787  0.15197635
   0.29402387  0.25006440  0.65156051
   0.29402387  0.75006440  0.15156051
   0.29234991  0.24575098  0.45121382
   0.29234991  0.74575098  0.95121382
   0.79234991  0.75424902  0.54878618
   0.79234991  0.25424902  0.04878618
   0.59963784  0.54844409  0.05445834
   0.32088252  0.32100134  0.40344135
   0.52625952  0.47216924  0.13689724
   0.29087858  0.18776780  0.30427420
   0.50182641  0.49529850  0.25120567
   0.01613312  0.96612905  0.03842699
   0.10547936  0.05471834  0.14994386
   0.59963784  0.04844409  0.55445831
   0.32088252  0.82100134  0.90344135
   0.52625952  0.97216927  0.63689722
   0.29087858  0.68776777  0.80427420
   0.50182641  0.99529853  0.75120570
   0.01613312  0.46612908  0.53842698
   0.10547936  0.55471839  0.64994389
   0.09963787  0.45155588  0.94554169
   0.82088252  0.67899866  0.59655865
   0.02625950  0.52783073  0.86310278
   0.79087864  0.81223223  0.69572580
   0.00182642  0.50470147  0.74879430
   0.51613312  0.03387092  0.96157302
   0.60547937  0.94528161  0.85005611
   0.09963787  0.95155591  0.44554166
   0.82088252  0.17899866  0.09655867
   0.02625950  0.02783075  0.36310278
   0.79087864  0.31223223  0.19572580
   0.00182642  0.00470150  0.24879431
   0.51613312  0.53387095  0.46157299
   0.60547937  0.44528167  0.35005614
   0.10065560  0.44726869  0.05424688
   0.82591025  0.67788659  0.40298240
   0.02560426  0.52565731  0.13706683
   0.79350335  0.81351581  0.30453927
   0.00183938  0.50474537  0.25114567
   0.51704257  0.03734572  0.03880405
   0.60628656  0.94469358  0.15011719
   0.10065560  0.94726866  0.55424692
   0.82591025  0.17788660  0.90298243
   0.02560426  0.02565728  0.63706680
   0.79350335  0.31351584  0.80453924
   0.00183938  0.00474537  0.75114567
   0.51704257  0.53734573  0.53880402
   0.60628656  0.44469358  0.65011722
   0.60065559  0.55273134  0.94575308
   0.32591022  0.32211341  0.59701757
   0.52560420  0.47434272  0.86293320
   0.29350338  0.18648419  0.69546076
   0.50183941  0.49525463  0.74885433
   0.01704258  0.96265427  0.96119598
   0.10628657  0.05530640  0.84988278
   0.60065559  0.05273129  0.44575314
   0.32591022  0.82211341  0.09701758
   0.52560420  0.97434269  0.36293317
   0.29350338  0.68648419  0.19546071
   0.50183941  0.99525463  0.24885430
   0.01704258  0.46265430  0.46119598
   0.10628657  0.55530642  0.34988284
   0.32260005  0.16511594  0.49987287
   0.32260005  0.66511600  0.99987290
   0.82260005  0.83488400  0.50012710
   0.82260005  0.33488406  0.00012710
   0.78886637  0.75291749  0.45061404
   0.78886637  0.25291749  0.95061401
   0.28886637  0.24708253  0.54938599
   0.28886637  0.74708251  0.04938598
