   0.25081061  0.24701248  0.10288377
   0.23639078  0.27398100  0.21917318
   0.25081061  0.74701248  0.60288378
   0.23639078  0.77398103  0.71917314
   0.75081058  0.75298752  0.89711622
   0.73639074  0.72601897  0.78082686
   0.75081058  0.25298752  0.39711625
   0.73639074  0.22601898  0.28082680
   0.74566902  0.75149100  0.10287370
   0.73428533  0.72705804  0.21907356
   0.74566902  0.25149103  0.60287373
   0.73428533  0.22705802  0.71907359
   0.24566904  0.24850897  0.89712627
   0.23428535  0.27294199  0.78092641
   0.24566904  0.74850900  0.39712630
   0.23428535  0.77294196  0.28092644
   0.24754639  0.23978170  0.00014733
   0.24754639  0.73978170  0.50014733
   0.74754637  0.76021830  0.99985267
   0.74754637  0.26021830  0.49985261
   0.29527168  0.25081904  0.34803680
   0.29527168  0.75081904  0.84803683
   0.79406322  0.74994487  0.34845241
   0.79406322  0.24994487  0.84845241
   0.79527165  0.74918096  0.65196317
   0.79527165  0.24918097  0.15196318
   0.29406325  0.25005513  0.65154759
   0.29406325  0.75005513  0.15154759
   0.29236899  0.24574543  0.45122007
   0.29236899  0.74574543  0.95122007
   0.79236899  0.75425457  0.54877993
   0.79236899  0.25425457  0.04877993
   0.59959900  0.54837267  0.05445434
   0.32089660  0.32101329  0.40345283
   0.52631317  0.47216565  0.13687402
   0.29093893  0.18768852  0.30430764
   0.50168236  0.49525765  0.25120112
   0.01620201  0.96618188  0.03841939
   0.10551535  0.05470405  0.14992821
   0.59959900  0.04837268  0.55445432
   0.32089660  0.82101329  0.90345283
   0.52631317  0.97216568  0.63687401
   0.29093893  0.68768849  0.80430764
   0.50168236  0.99525768  0.75120115
   0.01620201  0.46618191  0.53841939
   0.10551535  0.55470411  0.64992824
   0.09959903  0.45162730  0.94554568
   0.82089660  0.67898671  0.59654717
   0.02631314  0.52783432  0.86312599
   0.79093899  0.81231151  0.69569236
   0.00168238  0.50474232  0.74879885
   0.51620201  0.03381810  0.96158061
   0.60551536  0.94529589  0.85007176
   0.09959903  0.95162733  0.44554565
   0.82089660  0.17898671  0.09654719
   0.02631314  0.02783434  0.36312599
   0.79093899  0.31231151  0.19569236
   0.00168238  0.00474235  0.24879887
   0.51620201  0.53381812  0.46158058
   0.60551536  0.44529595  0.35007179
   0.10060727  0.44731982  0.05424412
   0.82594581  0.67787597  0.40299319
   0.02566061  0.52564300  0.13704249
   0.79356233  0.81359410  0.30457029
   0.00169428  0.50478450  0.25114121
   0.51712342  0.03727631  0.03879391
   0.60633103  0.94468840  0.15010312
   0.10060727  0.94731979  0.55424416
   0.82594581  0.17787599  0.90299322
   0.02566061  0.02564297  0.63704246
   0.79356233  0.31359413  0.80457026
   0.00169428  0.00478451  0.75114121
   0.51712342  0.53727632  0.53879388
   0.60633103  0.44468840  0.65010315
   0.60060726  0.55268021  0.94575584
   0.32594578  0.32212403  0.59700678
   0.52566055  0.47435703  0.86295754
   0.29356236  0.18640590  0.69542974
   0.50169431  0.49521550  0.74885879
   0.01712343  0.96272368  0.96120612
   0.10633104  0.05531158  0.84989685
   0.60060726  0.05268016  0.44575590
   0.32594578  0.82212403  0.09700680
   0.52566055  0.97435700  0.36295751
   0.29356236  0.68640590  0.19542970
   0.50169431  0.99521550  0.24885876
   0.01712343  0.46272371  0.46120612
   0.10633104  0.55531160  0.34989691
   0.32262503  0.16511445  0.49987274
   0.32262503  0.66511451  0.99987277
   0.82262503  0.83488549  0.50012723
   0.82262503  0.33488555  0.00012723
   0.78889663  0.75291271  0.45061908
   0.78889663  0.25291271  0.95061905
   0.28889663  0.24708731  0.54938095
   0.28889663  0.74708729  0.04938093
