   0.25069209  0.24698538  0.10292468
   0.23694766  0.27392209  0.21917654
   0.25069209  0.74698538  0.60292469
   0.23694766  0.77392212  0.71917649
   0.75069206  0.75301462  0.89707531
   0.73694762  0.72607788  0.78082351
   0.75069206  0.25301462  0.39707534
   0.73694762  0.22607789  0.28082345
   0.74554880  0.75148872  0.10291656
   0.73486160  0.72711216  0.21907912
   0.74554880  0.25148875  0.60291658
   0.73486160  0.22711215  0.71907915
   0.24554882  0.24851125  0.89708342
   0.23486162  0.27288787  0.78092085
   0.24554882  0.74851128  0.39708345
   0.23486162  0.77288784  0.28092088
   0.24746606  0.23984432  0.00015024
   0.24746606  0.73984432  0.50015024
   0.74746605  0.76015568  0.99984976
   0.74746605  0.26015568  0.49984970
   0.29517084  0.25081785  0.34798429
   0.29517084  0.75081785  0.84798432
   0.79395552  0.74992432  0.34840520
   0.79395552  0.24992432  0.84840520
   0.79517081  0.74918215  0.65201568
   0.79517081  0.24918217  0.15201570
   0.29395555  0.25007568  0.65159480
   0.29395555  0.75007568  0.15159480
   0.29231560  0.24576397  0.45120225
   0.29231560  0.74576397  0.95120225
   0.79231560  0.75423603  0.54879775
   0.79231560  0.25423603  0.04879774
   0.59970831  0.54860851  0.05446326
   0.32085362  0.32095672  0.40341648
   0.52618201  0.47215884  0.13694413
   0.29075862  0.18801161  0.30423661
   0.50209229  0.49538936  0.25121500
   0.01599590  0.96600220  0.03844211
   0.10542667  0.05474241  0.14997729
   0.59970831  0.04860852  0.55446324
   0.32085362  0.82095672  0.90341648
   0.52618201  0.97215887  0.63694412
   0.29075862  0.68801158  0.80423661
   0.50209229  0.99538939  0.75121503
   0.01599590  0.46600223  0.53844210
   0.10542667  0.55474246  0.64997732
   0.09970834  0.45139146  0.94553676
   0.82085362  0.67904328  0.59658352
   0.02618199  0.52784113  0.86305588
   0.79075868  0.81198842  0.69576339
   0.00209231  0.50461061  0.74878497
   0.51599590  0.03399778  0.96155790
   0.60542668  0.94525754  0.85002268
   0.09970834  0.95139149  0.44553673
   0.82085362  0.17904328  0.09658353
   0.02618199  0.02784115  0.36305588
   0.79075868  0.31198842  0.19576339
   0.00209231  0.00461064  0.24878498
   0.51599590  0.53399780  0.46155787
   0.60542668  0.44525760  0.35002271
   0.10075776  0.44716488  0.05425013
   0.82583335  0.67792387  0.40296219
   0.02551009  0.52568730  0.13711591
   0.79337418  0.81328048  0.30450107
   0.00210904  0.50466037  0.25115515
   0.51684850  0.03746854  0.03882495
   0.60622169  0.94471413  0.15014679
   0.10075776  0.94716485  0.55425017
   0.82583335  0.17792389  0.90296221
   0.02551009  0.02568727  0.63711588
   0.79337418  0.31328051  0.80450104
   0.00210904  0.00466037  0.75115515
   0.51684850  0.53746855  0.53882493
   0.60622169  0.44471413  0.65014682
   0.60075774  0.55283515  0.94574983
   0.32583332  0.32207613  0.59703779
   0.52551003  0.47431273  0.86288412
   0.29337421  0.18671952  0.69549896
   0.50210907  0.49533963  0.74884485
   0.01684851  0.96253145  0.96117507
   0.10622169  0.05528585  0.84985318
   0.60075774  0.05283511  0.44574989
   0.32583332  0.82207613  0.09703780
   0.52551003  0.97431270  0.36288409
   0.29337421  0.68671952  0.19549891
   0.50210907  0.99533963  0.24884482
   0.01684851  0.46253148  0.46117507
   0.10622169  0.55528587  0.34985324
   0.32253549  0.16512756  0.49987607
   0.32253549  0.66512762  0.99987610
   0.82253549  0.83487238  0.50012390
   0.82253549  0.33487244  0.00012390
   0.78883413  0.75290361  0.45060187
   0.78883413  0.25290361  0.95060184
   0.28883413  0.24709641  0.54939816
   0.28883413  0.74709639  0.04939815
