   0.25097875  0.24650342  0.10324404
   0.23808401  0.27328692  0.21924120
   0.25097875  0.74650342  0.60324405
   0.23808401  0.77328695  0.71924115
   0.75097872  0.75349658  0.89675595
   0.73808397  0.72671305  0.78075885
   0.75097872  0.25349658  0.39675598
   0.73808397  0.22671307  0.28075879
   0.74579940  0.75156761  0.10330191
   0.73601920  0.72777586  0.21914879
   0.74579940  0.25156764  0.60330193
   0.73601920  0.22777585  0.71914882
   0.24579942  0.24843236  0.89669807
   0.23601922  0.27222417  0.78085118
   0.24579942  0.74843239  0.39669810
   0.23601922  0.77222414  0.28085121
   0.24689350  0.24044933  0.00035097
   0.24689350  0.74044933  0.50035097
   0.74689349  0.75955067  0.99964903
   0.74689349  0.25955067  0.49964897
   0.29529522  0.25081082  0.34757919
   0.29529522  0.75081082  0.84757922
   0.79399153  0.75005530  0.34799365
   0.79399153  0.25005530  0.84799365
   0.79529519  0.74918918  0.65242078
   0.79529519  0.24918919  0.15242080
   0.29399156  0.24994470  0.65200635
   0.29399156  0.74994470  0.15200635
   0.29182496  0.24572518  0.45100072
   0.29182496  0.74572518  0.95100072
   0.79182496  0.75427482  0.54899928
   0.79182496  0.25427482  0.04899927
   0.60107560  0.55023971  0.05466745
   0.32102673  0.32032162  0.40316168
   0.52636933  0.47231895  0.13738078
   0.29067920  0.18894143  0.30385223
   0.50284192  0.49577089  0.25129549
   0.01390028  0.96462903  0.03863331
   0.10521849  0.05442237  0.15032534
   0.60107560  0.05023971  0.55466743
   0.32102673  0.82032162  0.90316168
   0.52636933  0.97231898  0.63738076
   0.29067920  0.68894140  0.80385223
   0.50284192  0.99577092  0.75129552
   0.01390028  0.46462906  0.53863330
   0.10521849  0.55442243  0.65032537
   0.10107563  0.44976026  0.94533257
   0.82102673  0.67967838  0.59683832
   0.02636930  0.52768102  0.86261924
   0.79067926  0.81105860  0.69614777
   0.00284194  0.50422908  0.74870448
   0.51390029  0.03537095  0.96136670
   0.60521851  0.94557757  0.84967463
   0.10107563  0.94976029  0.44533254
   0.82102673  0.17967838  0.09683833
   0.02636930  0.02768104  0.36261924
   0.79067926  0.31105860  0.19614777
   0.00284194  0.00422911  0.24870449
   0.51390029  0.53537097  0.46136667
   0.60521851  0.44557763  0.34967466
   0.10236506  0.44527014  0.05426640
   0.82545443  0.67828628  0.40266955
   0.02567293  0.52548905  0.13756829
   0.79309573  0.81228964  0.30409349
   0.00286202  0.50425990  0.25123069
   0.51428166  0.03994371  0.03919326
   0.60596943  0.94496368  0.15051823
   0.10236506  0.94527011  0.55426645
   0.82545443  0.17828630  0.90266958
   0.02567293  0.02548902  0.63756826
   0.79309573  0.31228967  0.80409346
   0.00286202  0.00425991  0.75123069
   0.51428166  0.53994372  0.53919323
   0.60596943  0.44496368  0.65051826
   0.60236505  0.55472989  0.94573355
   0.32545440  0.32171372  0.59733042
   0.52567287  0.47451098  0.86243174
   0.29309576  0.18771036  0.69590654
   0.50286205  0.49574010  0.74876931
   0.01428167  0.96005628  0.96080677
   0.10596944  0.05503629  0.84948174
   0.60236505  0.05472985  0.44573361
   0.32545440  0.82171372  0.09733043
   0.52567287  0.97451095  0.36243171
   0.29309576  0.68771036  0.19590650
   0.50286205  0.99574010  0.24876928
   0.01428167  0.46005631  0.46080677
   0.10596944  0.55503632  0.34948180
   0.32158941  0.16512428  0.49985279
   0.32158941  0.66512434  0.99985282
   0.82158941  0.83487566  0.50014718
   0.82158941  0.33487572  0.00014718
   0.78871103  0.75266136  0.45039544
   0.78871103  0.25266136  0.95039541
   0.28871103  0.24733865  0.54960459
   0.28871103  0.74733864  0.04960458
