   0.25068176  0.24698773  0.10293522
   0.23706356  0.27388477  0.21918283
   0.25068176  0.74698773  0.60293524
   0.23706356  0.77388480  0.71918279
   0.75068173  0.75301227  0.89706476
   0.73706351  0.72611520  0.78081721
   0.75068173  0.25301227  0.39706479
   0.73706351  0.22611522  0.28081715
   0.74554933  0.75147773  0.10292738
   0.73498213  0.72714760  0.21908651
   0.74554933  0.25147776  0.60292740
   0.73498213  0.22714758  0.71908654
   0.24554934  0.24852224  0.89707260
   0.23498215  0.27285243  0.78091346
   0.24554934  0.74852227  0.39707263
   0.23498215  0.77285240  0.28091349
   0.24745874  0.23986189  0.00015050
   0.24745874  0.73986189  0.50015050
   0.74745873  0.76013811  0.99984950
   0.74745873  0.26013811  0.49984944
   0.29514702  0.25079116  0.34794791
   0.29514702  0.75079116  0.84794794
   0.79392890  0.74995611  0.34836050
   0.79392890  0.24995611  0.84836050
   0.79514699  0.74920884  0.65205206
   0.79514699  0.24920886  0.15205207
   0.29392893  0.25004389  0.65163950
   0.29392893  0.75004389  0.15163950
   0.29229812  0.24576670  0.45119618
   0.29229812  0.74576670  0.95119618
   0.79229812  0.75423330  0.54880382
   0.79229812  0.25423330  0.04880381
   0.59974563  0.54863480  0.05446302
   0.32084123  0.32093383  0.40341434
   0.52614531  0.47216559  0.13695565
   0.29071921  0.18810982  0.30423489
   0.50217388  0.49541772  0.25121804
   0.01593557  0.96597409  0.03844760
   0.10542376  0.05474790  0.14998319
   0.59974563  0.04863480  0.55446300
   0.32084123  0.82093383  0.90341434
   0.52614531  0.97216562  0.63695564
   0.29071921  0.68810979  0.80423489
   0.50217388  0.99541775  0.75121807
   0.01593557  0.46597412  0.53844759
   0.10542376  0.55474795  0.64998322
   0.09974566  0.45136517  0.94553700
   0.82084123  0.67906617  0.59658566
   0.02614528  0.52783438  0.86304436
   0.79071927  0.81189021  0.69576511
   0.00217389  0.50458225  0.74878193
   0.51593557  0.03402589  0.96155241
   0.60542377  0.94525205  0.85001678
   0.09974566  0.95136520  0.44553697
   0.82084123  0.17906617  0.09658567
   0.02614528  0.02783440  0.36304436
   0.79071927  0.31189021  0.19576511
   0.00217389  0.00458228  0.24878195
   0.51593557  0.53402591  0.46155238
   0.60542377  0.44525211  0.35001681
   0.10077105  0.44712264  0.05424968
   0.82580184  0.67794449  0.40295613
   0.02548381  0.52570188  0.13712804
   0.79333165  0.81317438  0.30450792
   0.00219237  0.50462894  0.25115819
   0.51680186  0.03752810  0.03883256
   0.60619509  0.94470521  0.15015112
   0.10077105  0.94712261  0.55424972
   0.82580184  0.17794450  0.90295616
   0.02548381  0.02570186  0.63712801
   0.79333165  0.31317441  0.80450789
   0.00219237  0.00462895  0.75115819
   0.51680186  0.53752811  0.53883254
   0.60619509  0.44470521  0.65015114
   0.60077103  0.55287739  0.94575028
   0.32580181  0.32205551  0.59704384
   0.52548375  0.47429815  0.86287199
   0.29333168  0.18682562  0.69549211
   0.50219241  0.49537106  0.74884181
   0.01680187  0.96247189  0.96116746
   0.10619510  0.05529477  0.84984886
   0.60077103  0.05287735  0.44575034
   0.32580181  0.82205551  0.09704386
   0.52548375  0.97429812  0.36287196
   0.29333168  0.68682562  0.19549206
   0.50219241  0.99537106  0.24884178
   0.01680187  0.46247192  0.46116746
   0.10619510  0.55529479  0.34984891
   0.32251244  0.16513881  0.49987490
   0.32251244  0.66513887  0.99987493
   0.82251244  0.83486113  0.50012507
   0.82251244  0.33486119  0.00012507
   0.78881559  0.75290520  0.45059886
   0.78881559  0.25290520  0.95059883
   0.28881559  0.24709482  0.54940117
   0.28881559  0.74709480  0.04940116
