   0.25058789  0.24693222  0.10298433
   0.23749627  0.27374580  0.21919039
   0.25058789  0.74693222  0.60298434
   0.23749627  0.77374583  0.71919035
   0.75058786  0.75306778  0.89701566
   0.73749623  0.72625417  0.78080965
   0.75058786  0.25306778  0.39701569
   0.73749623  0.22625419  0.28080959
   0.74545461  0.75145773  0.10297792
   0.73545667  0.72726703  0.21909723
   0.74545461  0.25145775  0.60297795
   0.73545667  0.22726701  0.71909726
   0.24545462  0.24854225  0.89702205
   0.23545669  0.27273300  0.78090274
   0.24545462  0.74854227  0.39702208
   0.23545669  0.77273297  0.28090277
   0.24738357  0.23999112  0.00015755
   0.24738357  0.73999112  0.50015755
   0.74738355  0.76000888  0.99984245
   0.74738355  0.26000888  0.49984239
   0.29507687  0.25083116  0.34790244
   0.29507687  0.75083116  0.84790246
   0.79385491  0.74990474  0.34832465
   0.79385491  0.24990474  0.84832465
   0.79507684  0.74916884  0.65209754
   0.79507684  0.24916886  0.15209755
   0.29385494  0.25009526  0.65167535
   0.29385494  0.75009526  0.15167535
   0.29224669  0.24578852  0.45118224
   0.29224669  0.74578852  0.95118224
   0.79224669  0.75421148  0.54881776
   0.79224669  0.25421148  0.04881775
   0.59996791  0.54886348  0.05447593
   0.32084855  0.32083659  0.40337175
   0.52606994  0.47215608  0.13703727
   0.29060807  0.18846803  0.30416482
   0.50247373  0.49555448  0.25123505
   0.01562254  0.96576484  0.03847777
   0.10537032  0.05479762  0.15003958
   0.59996791  0.04886349  0.55447590
   0.32084855  0.82083659  0.90337175
   0.52606994  0.97215611  0.63703726
   0.29060807  0.68846800  0.80416482
   0.50247373  0.99555451  0.75123508
   0.01562254  0.46576487  0.53847776
   0.10537032  0.55479767  0.65003961
   0.09996794  0.45113649  0.94552410
   0.82084855  0.67916341  0.59662825
   0.02606991  0.52784389  0.86296274
   0.79060813  0.81153200  0.69583518
   0.00247375  0.50444549  0.74876492
   0.51562254  0.03423514  0.96152224
   0.60537033  0.94520233  0.84996039
   0.09996794  0.95113652  0.44552407
   0.82084855  0.17916341  0.09662827
   0.02606991  0.02784391  0.36296274
   0.79060813  0.31153200  0.19583518
   0.00247375  0.00444552  0.24876493
   0.51562254  0.53423516  0.46152221
   0.60537033  0.44520239  0.34996042
   0.10095586  0.44688248  0.05425486
   0.82569629  0.67802160  0.40291071
   0.02537145  0.52572088  0.13721293
   0.79317838  0.81282281  0.30442384
   0.00249020  0.50450125  0.25117552
   0.51646190  0.03786736  0.03887884
   0.60614250  0.94472823  0.15019917
   0.10095586  0.94688245  0.55425491
   0.82569629  0.17802162  0.90291074
   0.02537145  0.02572086  0.63721290
   0.79317838  0.31282284  0.80442381
   0.00249020  0.00450126  0.75117552
   0.51646190  0.53786737  0.53887882
   0.60614250  0.44472823  0.65019920
   0.60095584  0.55311755  0.94574509
   0.32569626  0.32197840  0.59708926
   0.52537139  0.47427915  0.86278710
   0.29317841  0.18717719  0.69557619
   0.50249024  0.49549875  0.74882448
   0.01646191  0.96213263  0.96112118
   0.10614251  0.05527175  0.84980080
   0.60095584  0.05311750  0.44574515
   0.32569626  0.82197840  0.09708927
   0.52537139  0.97427912  0.36278707
   0.29317841  0.68717719  0.19557615
   0.50249024  0.99549875  0.24882445
   0.01646191  0.46213266  0.46112118
   0.10614251  0.55527177  0.34980086
   0.32240461  0.16516580  0.49987416
   0.32240461  0.66516586  0.99987419
   0.82240461  0.83483414  0.50012581
   0.82240461  0.33483420  0.00012581
   0.78878009  0.75285763  0.45056504
   0.78878009  0.25285763  0.95056501
   0.28878009  0.24714238  0.54943499
   0.28878009  0.74714237  0.04943498
