   0.25204504  0.24618496  0.10361168
   0.23813281  0.27328562  0.21931885
   0.25204504  0.74618496  0.60361169
   0.23813281  0.77328565  0.71931881
   0.75204501  0.75381504  0.89638831
   0.73813276  0.72671435  0.78068119
   0.75204501  0.25381504  0.39638834
   0.73813276  0.22671437  0.28068113
   0.74695231  0.75214944  0.10382373
   0.73570331  0.72822098  0.21920406
   0.74695231  0.25214947  0.60382375
   0.73570331  0.22822096  0.71920409
   0.24695233  0.24785053  0.89617625
   0.23570332  0.27177905  0.78079591
   0.24695233  0.74785056  0.39617628
   0.23570332  0.77177902  0.28079594
   0.24561358  0.24018749  0.00075966
   0.24561358  0.74018749  0.50075966
   0.74561357  0.75981251  0.99924034
   0.74561357  0.25981251  0.49924028
   0.29575252  0.25063049  0.34719316
   0.29575252  0.75063049  0.84719319
   0.79436352  0.75024716  0.34761072
   0.79436352  0.25024716  0.84761072
   0.79575249  0.74936951  0.65280681
   0.79575249  0.24936953  0.15280683
   0.29436355  0.24975284  0.65238928
   0.29436355  0.74975284  0.15238928
   0.29116647  0.24538315  0.45075623
   0.29116647  0.74538315  0.95075623
   0.79116647  0.75461685  0.54924377
   0.79116647  0.25461685  0.04924377
   0.60309088  0.55254376  0.05522262
   0.32110362  0.32008659  0.40290785
   0.52704796  0.47251311  0.13781587
   0.29122114  0.18784312  0.30348172
   0.50269073  0.49552590  0.25137020
   0.01115677  0.96247726  0.03874909
   0.10483649  0.05363261  0.15072516
   0.60309088  0.05254377  0.55522260
   0.32110362  0.82008659  0.90290785
   0.52704796  0.97251314  0.63781586
   0.29122114  0.68784309  0.80348172
   0.50269073  0.99552592  0.75137023
   0.01115677  0.46247729  0.53874908
   0.10483649  0.55363266  0.65072519
   0.10309091  0.44745621  0.94477740
   0.82110362  0.67991341  0.59709215
   0.02704793  0.52748686  0.86218414
   0.79122120  0.81215691  0.69651828
   0.00269074  0.50447408  0.74862977
   0.51115677  0.03752272  0.96125092
   0.60483651  0.94636734  0.84927481
   0.10309091  0.94745624  0.44477737
   0.82110362  0.17991341  0.09709217
   0.02704793  0.02748688  0.36218414
   0.79122120  0.31215691  0.19651828
   0.00269074  0.00447411  0.24862979
   0.51115677  0.53752274  0.46125089
   0.60483651  0.44636740  0.34927484
   0.10557450  0.44193002  0.05430467
   0.82560479  0.67805121  0.40233122
   0.02651768  0.52489318  0.13799928
   0.79369331  0.81312037  0.30377490
   0.00265593  0.50450624  0.25128855
   0.51043388  0.04359016  0.03962693
   0.60604719  0.94524508  0.15112819
   0.10557450  0.94192999  0.55430471
   0.82560479  0.17805122  0.90233125
   0.02651768  0.02489315  0.63799925
   0.79369331  0.31312040  0.80377487
   0.00265593  0.00450625  0.75128855
   0.51043388  0.54359016  0.53962690
   0.60604719  0.44524508  0.65112822
   0.60557449  0.55807001  0.94569529
   0.32560476  0.32194879  0.59766875
   0.52651763  0.47510685  0.86200075
   0.29369334  0.18687963  0.69622513
   0.50265597  0.49549376  0.74871145
   0.01043389  0.95640984  0.96037310
   0.10604720  0.05475490  0.84887178
   0.60557449  0.05806997  0.44569535
   0.32560476  0.82194879  0.09766876
   0.52651763  0.97510682  0.36200072
   0.29369334  0.68687963  0.19622509
   0.50265597  0.99549376  0.24871142
   0.01043389  0.45640987  0.46037310
   0.10604720  0.55475492  0.34887184
   0.31996256  0.16381622  0.49981202
   0.31996256  0.66381628  0.99981205
   0.81996256  0.83618372  0.50018795
   0.81996256  0.33618378  0.00018795
   0.78863283  0.75274715  0.45015669
   0.78863283  0.25274715  0.95015666
   0.28863283  0.24725287  0.54984334
   0.28863283  0.74725285  0.04984333
