   0.25073082  0.24699412  0.10292047
   0.23688294  0.27392192  0.21917157
   0.25073082  0.74699412  0.60292048
   0.23688294  0.77392195  0.71917152
   0.75073079  0.75300588  0.89707952
   0.73688290  0.72607805  0.78082848
   0.75073079  0.25300588  0.39707955
   0.73688290  0.22607806  0.28082842
   0.74559434  0.75148813  0.10291198
   0.73478966  0.72711647  0.21907390
   0.74559434  0.25148816  0.60291200
   0.73478966  0.22711645  0.71907393
   0.24559435  0.24851184  0.89708800
   0.23478967  0.27288356  0.78092607
   0.24559435  0.74851187  0.39708803
   0.23478967  0.77288353  0.28092610
   0.24749010  0.23983546  0.00014948
   0.24749010  0.73983546  0.50014948
   0.74749009  0.76016454  0.99985052
   0.74749009  0.26016454  0.49985046
   0.29518656  0.25080906  0.34798829
   0.29518656  0.75080906  0.84798832
   0.79397253  0.74993824  0.34840647
   0.79397253  0.24993824  0.84840647
   0.79518653  0.74919094  0.65201168
   0.79518653  0.24919096  0.15201170
   0.29397256  0.25006176  0.65159353
   0.29397256  0.75006176  0.15159353
   0.29232571  0.24576400  0.45120296
   0.29232571  0.74576400  0.95120296
   0.79232571  0.75423600  0.54879704
   0.79232571  0.25423600  0.04879704
   0.59967561  0.54859593  0.05446190
   0.32084838  0.32095832  0.40341967
   0.52618814  0.47215842  0.13693408
   0.29077357  0.18798233  0.30424729
   0.50203988  0.49537255  0.25121414
   0.01603228  0.96600837  0.03843896
   0.10544593  0.05474471  0.14997206
   0.59967561  0.04859594  0.55446188
   0.32084838  0.82095832  0.90341967
   0.52618814  0.97215845  0.63693407
   0.29077357  0.68798230  0.80424729
   0.50203988  0.99537258  0.75121417
   0.01603228  0.46600840  0.53843895
   0.10544593  0.55474476  0.64997209
   0.09967564  0.45140404  0.94553812
   0.82084838  0.67904168  0.59658033
   0.02618811  0.52784155  0.86306593
   0.79077363  0.81201770  0.69575271
   0.00203989  0.50462742  0.74878583
   0.51603229  0.03399161  0.96156105
   0.60544594  0.94525524  0.85002791
   0.09967564  0.95140407  0.44553809
   0.82084838  0.17904168  0.09658035
   0.02618811  0.02784157  0.36306593
   0.79077363  0.31201770  0.19575271
   0.00203989  0.00462745  0.24878585
   0.51603229  0.53399163  0.46156102
   0.60544594  0.44525530  0.35002794
   0.10075090  0.44720082  0.05424922
   0.82583474  0.67792266  0.40296680
   0.02552332  0.52568908  0.13710528
   0.79339073  0.81330352  0.30451388
   0.00205645  0.50467523  0.25115432
   0.51686036  0.03741998  0.03882022
   0.60623799  0.94469891  0.15014250
   0.10075090  0.94720079  0.55424927
   0.82583474  0.17792268  0.90296683
   0.02552332  0.02568905  0.63710525
   0.79339073  0.31330355  0.80451385
   0.00205645  0.00467524  0.75115432
   0.51686036  0.53741999  0.53882019
   0.60623799  0.44469891  0.65014253
   0.60075089  0.55279921  0.94575073
   0.32583471  0.32207734  0.59703317
   0.52552327  0.47431095  0.86289475
   0.29339076  0.18669648  0.69548615
   0.50205648  0.49532477  0.74884568
   0.01686037  0.96258001  0.96117981
   0.10623799  0.05530107  0.84985747
   0.60075089  0.05279916  0.44575079
   0.32583471  0.82207734  0.09703319
   0.52552327  0.97431092  0.36289472
   0.29339076  0.68669648  0.19548610
   0.50205648  0.99532477  0.24884565
   0.01686037  0.46258004  0.46117981
   0.10623799  0.55530109  0.34985753
   0.32253665  0.16512256  0.49987831
   0.32253665  0.66512262  0.99987833
   0.82253665  0.83487738  0.50012167
   0.82253665  0.33487744  0.00012167
   0.78883227  0.75290101  0.45060185
   0.78883227  0.25290101  0.95060182
   0.28883227  0.24709901  0.54939818
   0.28883227  0.74709899  0.04939817
