   0.25078232  0.24701141  0.10289230
   0.23652511  0.27397125  0.21917379
   0.25078232  0.74701141  0.60289232
   0.23652511  0.77397128  0.71917375
   0.75078229  0.75298859  0.89710768
   0.73652506  0.72602872  0.78082625
   0.75078229  0.25298859  0.39710771
   0.73652506  0.22602873  0.28082619
   0.74564322  0.75148907  0.10288268
   0.73442242  0.72706703  0.21907464
   0.74564322  0.25148910  0.60288270
   0.73442242  0.22706702  0.71907467
   0.24564324  0.24851090  0.89711730
   0.23442243  0.27293300  0.78092533
   0.24564324  0.74851093  0.39711733
   0.23442243  0.77293297  0.28092536
   0.24752635  0.23979178  0.00014826
   0.24752635  0.73979178  0.50014826
   0.74752634  0.76020822  0.99985174
   0.74752634  0.26020822  0.49985168
   0.29524384  0.25080677  0.34801747
   0.29524384  0.75080677  0.84801750
   0.79403654  0.74995224  0.34843584
   0.79403654  0.24995224  0.84843584
   0.79524381  0.74919323  0.65198250
   0.79524381  0.24919324  0.15198251
   0.29403657  0.25004776  0.65156416
   0.29403657  0.75004776  0.15156416
   0.29235892  0.24575411  0.45121638
   0.29235892  0.74575411  0.95121638
   0.79235892  0.75424589  0.54878362
   0.79235892  0.25424589  0.04878362
   0.59958694  0.54845508  0.05445730
   0.32088621  0.32101078  0.40344174
   0.52628196  0.47216277  0.13688678
   0.29090237  0.18774872  0.30429474
   0.50177193  0.49528362  0.25120420
   0.01618967  0.96611774  0.03842381
   0.10548982  0.05471897  0.14993795
   0.59958694  0.04845509  0.55445728
   0.32088621  0.82101078  0.90344174
   0.52628196  0.97216280  0.63688676
   0.29090237  0.68774869  0.80429474
   0.50177193  0.99528365  0.75120423
   0.01618967  0.46611777  0.53842381
   0.10548982  0.55471902  0.64993798
   0.09958697  0.45154489  0.94554272
   0.82088621  0.67898922  0.59655826
   0.02628193  0.52783720  0.86311324
   0.79090243  0.81225131  0.69570526
   0.00177195  0.50471635  0.74879577
   0.51618967  0.03388224  0.96157619
   0.60548983  0.94528098  0.85006202
   0.09958697  0.95154492  0.44554269
   0.82088621  0.17898922  0.09655827
   0.02628193  0.02783722  0.36311324
   0.79090243  0.31225131  0.19570526
   0.00177195  0.00471638  0.24879578
   0.51618967  0.53388226  0.46157616
   0.60548983  0.44528104  0.35006205
   0.10067225  0.44732096  0.05424599
   0.82591999  0.67788773  0.40298920
   0.02562025  0.52564987  0.13705582
   0.79352594  0.81353862  0.30455595
   0.00178419  0.50476123  0.25114426
   0.51703717  0.03728587  0.03879954
   0.60631067  0.94469527  0.15011208
   0.10067225  0.94732093  0.55424603
   0.82591999  0.17788775  0.90298923
   0.02562025  0.02564984  0.63705579
   0.79352594  0.31353865  0.80455592
   0.00178419  0.00476123  0.75114426
   0.51703717  0.53728588  0.53879951
   0.60631067  0.44469527  0.65011211
   0.60067224  0.55267907  0.94575397
   0.32591996  0.32211227  0.59701077
   0.52562020  0.47435016  0.86294421
   0.29352597  0.18646138  0.69544408
   0.50178422  0.49523877  0.74885574
   0.01703718  0.96271412  0.96120049
   0.10631068  0.05530470  0.84988789
   0.60067224  0.05267902  0.44575403
   0.32591996  0.82211227  0.09701078
   0.52562020  0.97435013  0.36294418
   0.29352597  0.68646138  0.19544403
   0.50178422  0.99523877  0.24885571
   0.01703718  0.46271415  0.46120049
   0.10631068  0.55530473  0.34988795
   0.32260870  0.16511151  0.49987876
   0.32260870  0.66511157  0.99987879
   0.82260870  0.83488843  0.50012121
   0.82260870  0.33488849  0.00012121
   0.78887305  0.75291575  0.45061645
   0.78887305  0.25291575  0.95061642
   0.28887305  0.24708426  0.54938358
   0.28887305  0.74708425  0.04938357
