   0.25069136  0.24698432  0.10293127
   0.23704603  0.27389047  0.21917794
   0.25069136  0.74698432  0.60293128
   0.23704603  0.77389050  0.71917789
   0.75069133  0.75301568  0.89706872
   0.73704598  0.72610950  0.78082211
   0.75069133  0.25301568  0.39706875
   0.73704598  0.22610951  0.28082205
   0.74555753  0.75148240  0.10292330
   0.73496447  0.72714118  0.21908142
   0.74555753  0.25148243  0.60292332
   0.73496447  0.22714117  0.71908145
   0.24555755  0.24851757  0.89707668
   0.23496449  0.27285885  0.78091855
   0.24555755  0.74851760  0.39707671
   0.23496449  0.77285882  0.28091858
   0.24746617  0.23986097  0.00015010
   0.24746617  0.73986097  0.50015010
   0.74746615  0.76013903  0.99984990
   0.74746615  0.26013903  0.49984984
   0.29515274  0.25079780  0.34795925
   0.29515274  0.75079780  0.84795928
   0.79393628  0.74994722  0.34837514
   0.79393628  0.24994722  0.84837514
   0.79515271  0.74920220  0.65204072
   0.79515271  0.24920221  0.15204073
   0.29393631  0.25005278  0.65162486
   0.29393631  0.75005278  0.15162486
   0.29230122  0.24577113  0.45119775
   0.29230122  0.74577113  0.95119775
   0.79230122  0.75422887  0.54880225
   0.79230122  0.25422887  0.04880224
   0.59971007  0.54864203  0.05446419
   0.32083862  0.32094108  0.40341071
   0.52615340  0.47216230  0.13695135
   0.29073394  0.18804953  0.30422595
   0.50214286  0.49540663  0.25121670
   0.01596687  0.96597074  0.03844543
   0.10542784  0.05474946  0.14998253
   0.59971007  0.04864203  0.55446417
   0.32083862  0.82094108  0.90341071
   0.52615340  0.97216233  0.63695134
   0.29073394  0.68804950  0.80422595
   0.50214286  0.99540666  0.75121673
   0.01596687  0.46597077  0.53844542
   0.10542784  0.55474952  0.64998256
   0.09971010  0.45135794  0.94553583
   0.82083862  0.67905892  0.59658929
   0.02615338  0.52783767  0.86304866
   0.79073400  0.81195050  0.69577405
   0.00214287  0.50459334  0.74878327
   0.51596687  0.03402924  0.96155458
   0.60542786  0.94525048  0.85001744
   0.09971010  0.95135797  0.44553580
   0.82083862  0.17905892  0.09658930
   0.02615338  0.02783769  0.36304866
   0.79073400  0.31195050  0.19577405
   0.00214287  0.00459337  0.24878328
   0.51596687  0.53402926  0.46155455
   0.60542786  0.44525054  0.35001747
   0.10077377  0.44715369  0.05425106
   0.82580567  0.67793892  0.40295674
   0.02548983  0.52570013  0.13712335
   0.79334724  0.81323098  0.30449612
   0.00215957  0.50464047  0.25115682
   0.51679803  0.03748082  0.03882924
   0.60620772  0.94470120  0.15015111
   0.10077377  0.94715366  0.55425110
   0.82580567  0.17793893  0.90295677
   0.02548983  0.02570010  0.63712332
   0.79334724  0.31323101  0.80449609
   0.00215957  0.00464047  0.75115682
   0.51679803  0.53748083  0.53882921
   0.60620772  0.44470120  0.65015114
   0.60077375  0.55284634  0.94574890
   0.32580564  0.32206108  0.59704323
   0.52548977  0.47429990  0.86287668
   0.29334727  0.18676902  0.69550391
   0.50215960  0.49535953  0.74884318
   0.01679804  0.96251917  0.96117079
   0.10620773  0.05529878  0.84984886
   0.60077375  0.05284630  0.44574896
   0.32580564  0.82206108  0.09704325
   0.52548977  0.97429987  0.36287665
   0.29334727  0.68676902  0.19550387
   0.50215960  0.99535953  0.24884315
   0.01679804  0.46251920  0.46117079
   0.10620773  0.55529880  0.34984892
   0.32251302  0.16513123  0.49987835
   0.32251302  0.66513129  0.99987838
   0.82251302  0.83486871  0.50012162
   0.82251302  0.33486877  0.00012162
   0.78881559  0.75289607  0.45059648
   0.78881559  0.25289607  0.95059645
   0.28881559  0.24710394  0.54940355
   0.28881559  0.74710393  0.04940354
