   0.25190867  0.24619109  0.10356167
   0.23814247  0.27320282  0.21931031
   0.25190867  0.74619109  0.60356168
   0.23814247  0.77320285  0.71931026
   0.75190864  0.75380891  0.89643832
   0.73814242  0.72679715  0.78068974
   0.75190864  0.25380891  0.39643835
   0.73814242  0.22679716  0.28068968
   0.74677094  0.75204361  0.10375372
   0.73579077  0.72820398  0.21919703
   0.74677094  0.25204364  0.60375375
   0.73579077  0.22820396  0.71919706
   0.24677096  0.24795636  0.89624625
   0.23579078  0.27179605  0.78080294
   0.24677096  0.74795639  0.39624628
   0.23579078  0.77179602  0.28080297
   0.24582562  0.24027556  0.00070624
   0.24582562  0.74027556  0.50070624
   0.74582560  0.75972444  0.99929376
   0.74582560  0.25972444  0.49929370
   0.29569503  0.25063466  0.34721966
   0.29569503  0.75063466  0.84721969
   0.79432595  0.75023916  0.34766442
   0.79432595  0.25023916  0.84766442
   0.79569500  0.74936534  0.65278031
   0.79569500  0.24936535  0.15278032
   0.29432598  0.24976084  0.65233558
   0.29432598  0.74976084  0.15233558
   0.29122638  0.24543054  0.45079151
   0.29122638  0.74543054  0.95079151
   0.79122638  0.75456946  0.54920849
   0.79122638  0.25456946  0.04920849
   0.60283772  0.55218042  0.05513037
   0.32112490  0.32003774  0.40292948
   0.52699481  0.47250563  0.13776482
   0.29114461  0.18809401  0.30353471
   0.50272616  0.49559572  0.25136440
   0.01149925  0.96281360  0.03875233
   0.10488324  0.05371810  0.15067636
   0.60283772  0.05218042  0.55513035
   0.32112490  0.82003774  0.90292948
   0.52699481  0.97250566  0.63776481
   0.29114461  0.68809398  0.80353471
   0.50272616  0.99559575  0.75136443
   0.01149925  0.46281363  0.53875233
   0.10488324  0.55371815  0.65067639
   0.10283775  0.44781955  0.94486965
   0.82112490  0.67996226  0.59707052
   0.02699478  0.52749434  0.86223519
   0.79114467  0.81190602  0.69646529
   0.00272617  0.50440425  0.74863557
   0.51149925  0.03718638  0.96124767
   0.60488326  0.94628185  0.84932361
   0.10283775  0.94781958  0.44486962
   0.82112490  0.17996226  0.09707053
   0.02699478  0.02749436  0.36223519
   0.79114467  0.31190602  0.19646529
   0.00272617  0.00440428  0.24863559
   0.51149925  0.53718640  0.46124764
   0.60488326  0.44628191  0.34932364
   0.10501984  0.44245080  0.05429946
   0.82551597  0.67812846  0.40237561
   0.02641063  0.52496073  0.13794898
   0.79357419  0.81294508  0.30378258
   0.00270331  0.50445525  0.25128487
   0.51100512  0.04309470  0.03958263
   0.60600844  0.94524932  0.15104239
   0.10501984  0.94245077  0.55429950
   0.82551597  0.17812848  0.90237564
   0.02641063  0.02496070  0.63794895
   0.79357419  0.31294511  0.80378255
   0.00270331  0.00445526  0.75128487
   0.51100512  0.54309471  0.53958260
   0.60600844  0.44524932  0.65104242
   0.60501983  0.55754923  0.94570050
   0.32551594  0.32187154  0.59762436
   0.52641058  0.47503930  0.86205105
   0.29357422  0.18705492  0.69621745
   0.50270334  0.49554475  0.74871513
   0.01100512  0.95690529  0.96041740
   0.10600845  0.05475066  0.84895758
   0.60501983  0.05754919  0.44570056
   0.32551594  0.82187154  0.09762437
   0.52641058  0.97503927  0.36205102
   0.29357422  0.68705492  0.19621741
   0.50270334  0.99554475  0.24871510
   0.01100512  0.45690532  0.46041740
   0.10600845  0.55475068  0.34895764
   0.32021456  0.16413642  0.49982136
   0.32021456  0.66413648  0.99982139
   0.82021456  0.83586352  0.50017861
   0.82021456  0.33586358  0.00017861
   0.78865126  0.75272089  0.45018772
   0.78865126  0.25272089  0.95018769
   0.28865126  0.24727913  0.54981231
   0.28865126  0.74727911  0.04981230
