   0.25063622  0.24697189  0.10294726
   0.23719728  0.27386883  0.21918602
   0.25063622  0.74697189  0.60294727
   0.23719728  0.77386886  0.71918598
   0.75063619  0.75302811  0.89705273
   0.73719723  0.72613114  0.78081402
   0.75063619  0.25302811  0.39705275
   0.73719723  0.22613116  0.28081396
   0.74549727  0.75147388  0.10294008
   0.73512727  0.72715820  0.21909078
   0.74549727  0.25147391  0.60294010
   0.73512727  0.22715818  0.71909081
   0.24549729  0.24852609  0.89705990
   0.23512729  0.27284183  0.78090919
   0.24549729  0.74852612  0.39705993
   0.23512729  0.77284180  0.28090922
   0.24743335  0.23989182  0.00015112
   0.24743335  0.73989182  0.50015112
   0.74743333  0.76010818  0.99984888
   0.74743333  0.26010818  0.49984882
   0.29512172  0.25083007  0.34795584
   0.29512172  0.75083007  0.84795587
   0.79389997  0.74990918  0.34836857
   0.79389997  0.24990918  0.84836857
   0.79512169  0.74916993  0.65204413
   0.79512169  0.24916995  0.15204415
   0.29390000  0.25009082  0.65163143
   0.29390000  0.75009082  0.15163143
   0.29228391  0.24578125  0.45119323
   0.29228391  0.74578125  0.95119323
   0.79228391  0.75421875  0.54880677
   0.79228391  0.25421875  0.04880677
   0.59979945  0.54868391  0.05446542
   0.32083830  0.32091621  0.40340483
   0.52612218  0.47216634  0.13697545
   0.29068429  0.18818381  0.30420740
   0.50226973  0.49545422  0.25122039
   0.01586740  0.96593048  0.03845377
   0.10540076  0.05476504  0.14999715
   0.59979945  0.04868392  0.55446540
   0.32083830  0.82091621  0.90340483
   0.52612218  0.97216637  0.63697544
   0.29068429  0.68818378  0.80420740
   0.50226973  0.99545424  0.75122042
   0.01586740  0.46593051  0.53845376
   0.10540076  0.55476509  0.64999718
   0.09979948  0.45131606  0.94553460
   0.82083830  0.67908379  0.59659517
   0.02612215  0.52783363  0.86302456
   0.79068435  0.81181622  0.69579260
   0.00226974  0.50454576  0.74877958
   0.51586741  0.03406949  0.96154624
   0.60540078  0.94523491  0.85000282
   0.09979948  0.95131609  0.44553457
   0.82083830  0.17908379  0.09659519
   0.02612215  0.02783365  0.36302456
   0.79068435  0.31181622  0.19579260
   0.00226974  0.00454579  0.24877959
   0.51586741  0.53406952  0.46154621
   0.60540078  0.44523497  0.35000285
   0.10080404  0.44706967  0.05425129
   0.82578032  0.67796013  0.40294683
   0.02544863  0.52570557  0.13714870
   0.79329140  0.81310774  0.30447666
   0.00228835  0.50459174  0.25116068
   0.51673957  0.03760071  0.03884166
   0.60617593  0.94471261  0.15016275
   0.10080404  0.94706964  0.55425133
   0.82578032  0.17796014  0.90294686
   0.02544863  0.02570554  0.63714867
   0.79329140  0.31310777  0.80447663
   0.00228835  0.00459175  0.75116068
   0.51673957  0.53760072  0.53884163
   0.60617593  0.44471261  0.65016278
   0.60080403  0.55293036  0.94574867
   0.32578029  0.32203987  0.59705314
   0.52544857  0.47429446  0.86285133
   0.29329143  0.18689226  0.69552337
   0.50228838  0.49540826  0.74883932
   0.01673957  0.96239928  0.96115837
   0.10617594  0.05528737  0.84983722
   0.60080403  0.05293032  0.44574873
   0.32578029  0.82203987  0.09705316
   0.52544857  0.97429443  0.36285130
   0.29329143  0.68689226  0.19552332
   0.50228838  0.99540826  0.24883929
   0.01673957  0.46239931  0.46115837
   0.10617594  0.55528739  0.34983728
   0.32249224  0.16514405  0.49987490
   0.32249224  0.66514411  0.99987493
   0.82249224  0.83485589  0.50012507
   0.82249224  0.33485595  0.00012507
   0.78880025  0.75289813  0.45059428
   0.78880025  0.25289813  0.95059425
   0.28880025  0.24710188  0.54940575
   0.28880025  0.74710187  0.04940574
