   0.25178607  0.24577361  0.10434838
   0.23761659  0.27527391  0.21951266
   0.25178607  0.74577361  0.60434840
   0.23761659  0.77527394  0.71951262
   0.75178604  0.75422639  0.89565160
   0.73761655  0.72472606  0.78048738
   0.75178604  0.25422639  0.39565163
   0.73761655  0.22472607  0.28048732
   0.74738310  0.75372577  0.10465163
   0.73463470  0.72705906  0.21940157
   0.74738310  0.25372580  0.60465166
   0.73463470  0.22705905  0.71940160
   0.24738312  0.24627420  0.89534834
   0.23463472  0.27294097  0.78059840
   0.24738312  0.74627423  0.39534837
   0.23463472  0.77294094  0.28059843
   0.24320916  0.24102111  0.00108095
   0.24320916  0.74102111  0.50108095
   0.74320915  0.75897889  0.99891905
   0.74320915  0.25897889  0.49891899
   0.29554558  0.24993944  0.34693641
   0.29554558  0.74993944  0.84693644
   0.79469402  0.75004240  0.34743058
   0.79469402  0.25004240  0.84743058
   0.79554555  0.75006056  0.65306356
   0.79554555  0.25006057  0.15306358
   0.29469405  0.24995760  0.65256942
   0.29469405  0.74995760  0.15256942
   0.29075150  0.24513396  0.45018557
   0.29075150  0.74513396  0.95018557
   0.79075150  0.75486604  0.54981443
   0.79075150  0.25486604  0.04981443
   0.60372931  0.55684067  0.05609468
   0.32087337  0.32235254  0.40263881
   0.52771843  0.47236095  0.13809935
   0.29195512  0.18623048  0.30356933
   0.50273063  0.49503113  0.25135398
   0.00919331  0.95936310  0.03829509
   0.10427135  0.05346441  0.15097773
   0.60372931  0.05684067  0.55609466
   0.32087337  0.82235254  0.90263881
   0.52771843  0.97236098  0.63809933
   0.29195512  0.68623045  0.80356933
   0.50273063  0.99503116  0.75135401
   0.00919331  0.45936313  0.53829508
   0.10427135  0.55346446  0.65097776
   0.10372934  0.44315930  0.94390534
   0.82087337  0.67764746  0.59736119
   0.02771840  0.52763902  0.86190067
   0.79195518  0.81376955  0.69643067
   0.00273065  0.50496884  0.74864599
   0.50919331  0.04063687  0.96170492
   0.60427136  0.94653554  0.84902224
   0.10372934  0.94315933  0.44390531
   0.82087337  0.17764746  0.09736120
   0.02771840  0.02763904  0.36190067
   0.79195518  0.31376955  0.19643067
   0.00273065  0.00496887  0.24864600
   0.50919331  0.54063690  0.46170489
   0.60427136  0.44653560  0.34902227
   0.11225860  0.43557799  0.05427925
   0.82809205  0.67645203  0.40142827
   0.02700066  0.52428594  0.13828457
   0.79469633  0.81463199  0.30393701
   0.00269323  0.50483068  0.25126782
   0.50456569  0.04835160  0.03964129
   0.60749058  0.94545198  0.15167224
   0.11225860  0.93557796  0.55427929
   0.82809205  0.17645205  0.90142830
   0.02700066  0.02428591  0.63828454
   0.79469633  0.31463202  0.80393698
   0.00269323  0.00483069  0.75126782
   0.50456569  0.54835161  0.53964127
   0.60749058  0.44545198  0.65167227
   0.61225859  0.56442204  0.94572071
   0.32809202  0.32354797  0.59857170
   0.52700061  0.47571409  0.86171546
   0.29469636  0.18536801  0.69606302
   0.50269327  0.49516932  0.74873218
   0.00456569  0.95164839  0.96035873
   0.10749059  0.05454800  0.84832773
   0.61225859  0.06442199  0.44572077
   0.32809202  0.82354797  0.09857171
   0.52700061  0.97571406  0.36171543
   0.29469636  0.68536801  0.19606298
   0.50269327  0.99516932  0.24873215
   0.00456569  0.45164842  0.46035873
   0.10749059  0.55454802  0.34832779
   0.31788305  0.15842504  0.49969452
   0.31788305  0.65842510  0.99969455
   0.81788305  0.84157490  0.50030545
   0.81788305  0.34157496  0.00030545
   0.78922740  0.75268153  0.45017495
   0.78922740  0.25268153  0.95017492
   0.28922740  0.24731848  0.54982508
   0.28922740  0.74731847  0.04982506
