   0.25072075  0.24699624  0.10291232
   0.23676396  0.27393929  0.21918212
   0.25072075  0.74699624  0.60291233
   0.23676396  0.77393932  0.71918207
   0.75072072  0.75300376  0.89708767
   0.73676391  0.72606068  0.78081793
   0.75072072  0.25300376  0.39708769
   0.73676391  0.22606070  0.28081787
   0.74558058  0.75149121  0.10290357
   0.73466756  0.72710005  0.21908388
   0.74558058  0.25149124  0.60290359
   0.73466756  0.22710004  0.71908391
   0.24558059  0.24850876  0.89709641
   0.23466758  0.27289998  0.78091609
   0.24558059  0.74850879  0.39709644
   0.23466758  0.77289995  0.28091612
   0.24748833  0.23981841  0.00014947
   0.24748833  0.73981841  0.50014947
   0.74748831  0.76018159  0.99985053
   0.74748831  0.26018159  0.49985047
   0.29520741  0.25081785  0.34799860
   0.29520741  0.75081785  0.84799863
   0.79399577  0.74993512  0.34841590
   0.79399577  0.24993512  0.84841590
   0.79520738  0.74918215  0.65200137
   0.79520738  0.24918216  0.15200138
   0.29399580  0.25006488  0.65158410
   0.29399580  0.75006488  0.15158410
   0.29233258  0.24575328  0.45120861
   0.29233258  0.74575328  0.95120861
   0.79233258  0.75424672  0.54879139
   0.79233258  0.25424672  0.04879139
   0.59966775  0.54851129  0.05446020
   0.32086536  0.32098008  0.40343311
   0.52622479  0.47216217  0.13691543
   0.29082767  0.18786839  0.30426281
   0.50194177  0.49533597  0.25120862
   0.01607496  0.96607446  0.03843357
   0.10545697  0.05473588  0.14995595
   0.59966775  0.04851129  0.55446018
   0.32086536  0.82098008  0.90343311
   0.52622479  0.97216220  0.63691542
   0.29082767  0.68786836  0.80426281
   0.50194177  0.99533599  0.75120865
   0.01607496  0.46607449  0.53843357
   0.10545697  0.55473593  0.64995598
   0.09966778  0.45148868  0.94553982
   0.82086536  0.67901992  0.59656689
   0.02622476  0.52783780  0.86308458
   0.79082773  0.81213164  0.69573719
   0.00194178  0.50466401  0.74879135
   0.51607496  0.03392551  0.96156643
   0.60545699  0.94526407  0.85004402
   0.09966778  0.95148871  0.44553979
   0.82086536  0.17901992  0.09656690
   0.02622476  0.02783782  0.36308458
   0.79082773  0.31213164  0.19573719
   0.00194178  0.00466404  0.24879137
   0.51607496  0.53392554  0.46156640
   0.60545699  0.44526413  0.35004405
   0.10069616  0.44722480  0.05424810
   0.82587422  0.67790133  0.40297583
   0.02555818  0.52566888  0.13708598
   0.79344915  0.81342033  0.30452694
   0.00195619  0.50471144  0.25114875
   0.51696102  0.03739602  0.03881307
   0.60626368  0.94469946  0.15012784
   0.10069616  0.94722477  0.55424814
   0.82587422  0.17790135  0.90297585
   0.02555818  0.02566885  0.63708595
   0.79344915  0.31342036  0.80452691
   0.00195619  0.00471144  0.75114875
   0.51696102  0.53739603  0.53881304
   0.60626368  0.44469946  0.65012787
   0.60069614  0.55277523  0.94575186
   0.32587419  0.32209867  0.59702415
   0.52555812  0.47433115  0.86291405
   0.29344918  0.18657967  0.69547309
   0.50195622  0.49528856  0.74885125
   0.01696103  0.96260397  0.96118696
   0.10626369  0.05530052  0.84987213
   0.60069614  0.05277519  0.44575192
   0.32587419  0.82209867  0.09702416
   0.52555812  0.97433112  0.36291402
   0.29344918  0.68657967  0.19547305
   0.50195622  0.99528856  0.24885122
   0.01696103  0.46260400  0.46118696
   0.10626369  0.55530054  0.34987219
   0.32256812  0.16512081  0.49987363
   0.32256812  0.66512087  0.99987366
   0.82256812  0.83487913  0.50012634
   0.82256812  0.33487919  0.00012634
   0.78885694  0.75291033  0.45060948
   0.78885694  0.25291033  0.95060945
   0.28885694  0.24708968  0.54939055
   0.28885694  0.74708967  0.04939054
