   0.25160532  0.24624075  0.10348037
   0.23816090  0.27315968  0.21929273
   0.25160532  0.74624075  0.60348039
   0.23816090  0.77315971  0.71929268
   0.75160529  0.75375925  0.89651961
   0.73816085  0.72684029  0.78070732
   0.75160529  0.25375925  0.39651964
   0.73816085  0.22684030  0.28070726
   0.74643537  0.75187766  0.10363016
   0.73591361  0.72810591  0.21918623
   0.74643537  0.25187769  0.60363018
   0.73591361  0.22810590  0.71918626
   0.24643538  0.24812231  0.89636982
   0.23591362  0.27189412  0.78081374
   0.24643538  0.74812234  0.39636985
   0.23591362  0.77189409  0.28081377
   0.24618477  0.24040945  0.00059790
   0.24618477  0.74040945  0.50059790
   0.74618476  0.75959055  0.99940210
   0.74618476  0.25959055  0.49940204
   0.29558008  0.25068564  0.34731228
   0.29558008  0.75068564  0.84731231
   0.79422168  0.75019419  0.34774944
   0.79422168  0.25019419  0.84774944
   0.79558005  0.74931436  0.65268769
   0.79558005  0.24931438  0.15268771
   0.29422171  0.24980581  0.65225056
   0.29422171  0.74980581  0.15225056
   0.29140494  0.24554344  0.45084726
   0.29140494  0.74554344  0.95084726
   0.79140494  0.75445656  0.54915274
   0.79140494  0.25445656  0.04915274
   0.60227940  0.55163262  0.05497985
   0.32112077  0.32007701  0.40299200
   0.52681910  0.47247811  0.13765658
   0.29099786  0.18842415  0.30361239
   0.50278454  0.49567826  0.25134754
   0.01221283  0.96334777  0.03872470
   0.10499250  0.05391177  0.15057571
   0.60227940  0.05163262  0.55497983
   0.32112077  0.82007701  0.90299200
   0.52681910  0.97247814  0.63765656
   0.29099786  0.68842412  0.80361239
   0.50278454  0.99567829  0.75134757
   0.01221283  0.46334780  0.53872469
   0.10499250  0.55391182  0.65057574
   0.10227943  0.44836735  0.94502017
   0.82112077  0.67992299  0.59700800
   0.02681907  0.52752186  0.86234344
   0.79099792  0.81157588  0.69638761
   0.00278455  0.50432171  0.74865243
   0.51221284  0.03665220  0.96127531
   0.60499252  0.94608818  0.84942426
   0.10227943  0.94836738  0.44502014
   0.82112077  0.17992299  0.09700802
   0.02681907  0.02752188  0.36234344
   0.79099792  0.31157588  0.19638761
   0.00278455  0.00432174  0.24865244
   0.51221284  0.53665223  0.46127528
   0.60499252  0.44608824  0.34942429
   0.10421053  0.44333016  0.05428389
   0.82547854  0.67821986  0.40245908
   0.02619905  0.52511774  0.13784374
   0.79339730  0.81265249  0.30386553
   0.00277667  0.50436364  0.25127256
   0.51193966  0.04216771  0.03947444
   0.60597492  0.94516986  0.15088322
   0.10421053  0.94333013  0.55428393
   0.82547854  0.17821987  0.90245911
   0.02619905  0.02511771  0.63784371
   0.79339730  0.31265252  0.80386550
   0.00277667  0.00436364  0.75127256
   0.51193966  0.54216772  0.53947442
   0.60597492  0.44516986  0.65088325
   0.60421052  0.55666987  0.94571607
   0.32547851  0.32178014  0.59754089
   0.52619899  0.47488229  0.86215629
   0.29339733  0.18734751  0.69613450
   0.50277671  0.49563636  0.74872744
   0.01193967  0.95783228  0.96052558
   0.10597493  0.05483012  0.84911675
   0.60421052  0.05666983  0.44571613
   0.32547851  0.82178014  0.09754090
   0.52619899  0.97488226  0.36215626
   0.29339733  0.68734751  0.19613445
   0.50277671  0.99563636  0.24872741
   0.01193967  0.45783231  0.46052558
   0.10597493  0.55483014  0.34911681
   0.32064150  0.16449374  0.49983437
   0.32064150  0.66449380  0.99983440
   0.82064150  0.83550620  0.50016560
   0.82064150  0.33550626  0.00016560
   0.78866801  0.75267339  0.45024959
   0.78866801  0.25267339  0.95024956
   0.28866801  0.24732662  0.54975044
   0.28866801  0.74732661  0.04975043
