   0.25279977  0.24605350  0.10403313
   0.23791885  0.27435810  0.21934019
   0.25279977  0.74605350  0.60403314
   0.23791885  0.77435813  0.71934014
   0.75279974  0.75394650  0.89596686
   0.73791880  0.72564187  0.78065986
   0.75279974  0.25394650  0.39596689
   0.73791880  0.22564189  0.28065980
   0.74748103  0.75285650  0.10431232
   0.73516140  0.72774669  0.21922429
   0.74748103  0.25285653  0.60431235
   0.73516140  0.22774668  0.71922432
   0.24748105  0.24714347  0.89568765
   0.23516142  0.27225334  0.78077568
   0.24748105  0.74714350  0.39568768
   0.23516142  0.77225331  0.28077571
   0.24398829  0.24031711  0.00099906
   0.24398829  0.74031711  0.50099906
   0.74398827  0.75968289  0.99900094
   0.74398827  0.25968289  0.49900088
   0.29576408  0.25012540  0.34688488
   0.29576408  0.75012540  0.84688491
   0.79459071  0.75000242  0.34746476
   0.79459071  0.25000242  0.84746476
   0.79576405  0.74987460  0.65311509
   0.79576405  0.24987462  0.15311510
   0.29459074  0.24999758  0.65253524
   0.29459074  0.74999758  0.15253524
   0.29031465  0.24472051  0.45056394
   0.29031465  0.74472051  0.95056394
   0.79031465  0.75527949  0.54943606
   0.79031465  0.25527949  0.04943605
   0.60482451  0.55435628  0.05584573
   0.32081299  0.32101909  0.40276778
   0.52733659  0.47241049  0.13805538
   0.29171136  0.18661328  0.30347307
   0.50253355  0.49514799  0.25138590
   0.00901905  0.96069430  0.03855954
   0.10445784  0.05333574  0.15096646
   0.60482451  0.05435628  0.55584571
   0.32081299  0.82101909  0.90276778
   0.52733659  0.97241052  0.63805537
   0.29171136  0.68661325  0.80347307
   0.50253355  0.99514802  0.75138593
   0.00901905  0.46069433  0.53855954
   0.10445784  0.55333579  0.65096649
   0.10482454  0.44564369  0.94415429
   0.82081299  0.67898091  0.59723222
   0.02733657  0.52758948  0.86194463
   0.79171142  0.81338675  0.69652693
   0.00253356  0.50485198  0.74861407
   0.50901906  0.03930568  0.96144046
   0.60445786  0.94666421  0.84903351
   0.10482454  0.94564372  0.44415426
   0.82081299  0.17898091  0.09723223
   0.02733657  0.02758950  0.36194463
   0.79171142  0.31338675  0.19652693
   0.00253356  0.00485201  0.24861408
   0.50901906  0.53930570  0.46144043
   0.60445786  0.44666427  0.34903354
   0.10920591  0.43744237  0.05431370
   0.82689374  0.67709391  0.40185995
   0.02693951  0.52446647  0.13824383
   0.79441093  0.81423112  0.30380208
   0.00248644  0.50480033  0.25129509
   0.50732181  0.04737516  0.03976922
   0.60672964  0.94514505  0.15158626
   0.10920591  0.93744234  0.55431375
   0.82689374  0.17709392  0.90185998
   0.02693951  0.02446644  0.63824380
   0.79441093  0.31423115  0.80380205
   0.00248644  0.00480033  0.75129509
   0.50732181  0.54737517  0.53976919
   0.60672964  0.44514505  0.65158629
   0.60920589  0.56255766  0.94568625
   0.32689371  0.32290609  0.59814002
   0.52693946  0.47553356  0.86175620
   0.29441096  0.18576888  0.69619795
   0.50248647  0.49519967  0.74870491
   0.00732182  0.95262483  0.96023081
   0.10672965  0.05485493  0.84841371
   0.60920589  0.06255762  0.44568631
   0.32689371  0.82290609  0.09814004
   0.52693946  0.97553353  0.36175617
   0.29441096  0.68576888  0.19619790
   0.50248647  0.99519967  0.24870488
   0.00732182  0.45262486  0.46023081
   0.10672965  0.55485495  0.34841377
   0.31834430  0.16078088  0.49961141
   0.31834430  0.66078094  0.99961144
   0.81834430  0.83921906  0.50038856
   0.81834430  0.33921912  0.00038856
   0.78895286  0.75267261  0.45006782
   0.78895286  0.25267261  0.95006779
   0.28895286  0.24732741  0.54993221
   0.28895286  0.74732739  0.04993220
