   0.24415110  0.24692862  0.10347711
   0.23458371  0.27403910  0.21996899
   0.24415110  0.74692862  0.60347713
   0.23458371  0.77403913  0.71996895
   0.74919467  0.75150028  0.89372003
   0.71910249  0.73034346  0.78147955
   0.74919467  0.25150028  0.39372005
   0.71910249  0.23034347  0.28147949
   0.75010798  0.75482265  0.10365495
   0.74610239  0.72996858  0.21996097
   0.75010798  0.25482268  0.60365497
   0.74610239  0.22996857  0.71996100
   0.25268653  0.24645334  0.89368322
   0.23519287  0.28163812  0.78112365
   0.25268653  0.74645337  0.39368325
   0.23519287  0.78163809  0.28112368
   0.24858933  0.24082174  0.00145634
   0.24858933  0.74082174  0.50145634
   0.75354466  0.75619078  1.00156806
   0.75354466  0.25619078  0.50156800
   0.79334195  0.75049418  0.34724622
   0.79334195  0.25049418  0.84724622
   0.79130013  0.75087706  0.65196281
   0.79130013  0.25087708  0.15196283
   0.79641621  0.75327430  0.45107475
   0.79641621  0.25327430  0.95107472
   0.29590357  0.24599093  0.54937415
   0.29209747  0.24870428  0.65246639
   0.29209747  0.74870428  0.15246639
   0.29590357  0.74599091  0.04937414
   0.29721111  0.24696927  0.45081616
   0.29721111  0.74696927  0.95081616
   0.60715548  0.55682798  0.05353918
   0.31956944  0.31946619  0.40536465
   0.52244440  0.47401411  0.13720635
   0.30796182  0.18349555  0.30239382
   0.50235589  0.49702478  0.25065805
   0.02007624  0.96185946  0.03886525
   0.10134028  0.05266543  0.14907679
   0.60715548  0.05682799  0.55353916
   0.31956944  0.81946619  0.90536465
   0.52244440  0.97401414  0.63720634
   0.30796182  0.68349552  0.80239382
   0.50235589  0.99702481  0.75065808
   0.02007624  0.46185949  0.53886524
   0.10134028  0.55266548  0.64907682
   0.10631790  0.44825502  0.94661152
   0.82499833  0.67886859  0.59648983
   0.02576795  0.52336247  0.86218960
   0.79092878  0.80853203  0.69511475
   0.00029137  0.50443258  0.74891336
   0.52108947  0.03550258  0.96236286
   0.59225861  0.95464113  0.85153437
   0.10631790  0.94825505  0.44661149
   0.82499833  0.17886859  0.09648984
   0.02576795  0.02336249  0.36218960
   0.79092878  0.30853203  0.19511475
   0.00029137  0.00443261  0.24891338
   0.52108947  0.53550260  0.46236283
   0.59225861  0.45464119  0.35153440
   0.10627665  0.44747712  0.05374706
   0.81795370  0.68301262  0.40476508
   0.02337984  0.52691145  0.13673125
   0.78968279  0.80754923  0.30383938
   0.00069854  0.50687313  0.25095091
   0.51753350  0.03485754  0.03876692
   0.60061278  0.94633053  0.14907143
   0.10627665  0.94747709  0.55374710
   0.81795370  0.18301263  0.90476511
   0.02337984  0.02691142  0.63673122
   0.78968279  0.30754925  0.80383935
   0.00069854  0.00687314  0.75095091
   0.51753350  0.53485755  0.53876690
   0.60061278  0.44633053  0.64907146
   0.60596367  0.55117163  0.94671905
   0.31865447  0.31792982  0.59611756
   0.52661546  0.47644816  0.86250259
   0.27893171  0.19057496  0.69539787
   0.50326421  0.49416792  0.74832971
   0.02148368  0.96439632  0.96233361
   0.09460669  0.04574304  0.85131347
   0.60596367  0.05117159  0.44671911
   0.31865447  0.81792982  0.09611758
   0.52661546  0.97644813  0.36250256
   0.27893171  0.69057496  0.19539782
   0.50326421  0.99416792  0.24832968
   0.02148368  0.46439635  0.46233361
   0.09460669  0.54574306  0.35131353
   0.32473512  0.16708822  0.50041090
   0.32473512  0.66708828  1.00041093
   0.82660352  0.83250657  0.50013255
   0.82660352  0.33250663  0.00013255
   0.29019229  0.24644765  0.34587233
   0.29019229  0.74644765  0.84587236
   0.79072895  0.75254933  0.54964449
   0.79072895  0.25254933  0.04964449
