   0.24416131  0.24690930  0.10349867
   0.23505494  0.27388600  0.22001310
   0.24416131  0.74690930  0.60349868
   0.23505494  0.77388603  0.72001305
   0.74922368  0.75136355  0.89371572
   0.71958243  0.73033445  0.78150617
   0.74922368  0.25136355  0.39371575
   0.71958243  0.23033446  0.28150611
   0.75016641  0.75470451  0.10367258
   0.74632205  0.72991501  0.21998572
   0.75016641  0.25470454  0.60367260
   0.74632205  0.22991500  0.71998575
   0.25278270  0.24677442  0.89368304
   0.23546827  0.28157115  0.78116393
   0.25278270  0.74677445  0.39368307
   0.23546827  0.78157112  0.28116396
   0.24822310  0.24091404  0.00145248
   0.24822310  0.74091404  0.50145248
   0.75318176  0.75612142  1.00155550
   0.75318176  0.25612142  0.50155544
   0.79357317  0.75039936  0.34724598
   0.79357317  0.25039936  0.84724598
   0.79143066  0.75084123  0.65200382
   0.79143066  0.25084125  0.15200384
   0.79604344  0.75324483  0.45103943
   0.79604344  0.25324483  0.95103940
   0.29565983  0.24601679  0.54937758
   0.29228142  0.24868114  0.65250656
   0.29228142  0.74868114  0.15250656
   0.29565983  0.74601678  0.04937757
   0.29683261  0.24709107  0.45077732
   0.29683261  0.74709107  0.95077732
   0.60695717  0.55684827  0.05352710
   0.31944713  0.31955839  0.40531279
   0.52251977  0.47395192  0.13722444
   0.30793168  0.18352954  0.30238095
   0.50264504  0.49700922  0.25069747
   0.01972089  0.96180497  0.03885861
   0.10161811  0.05277386  0.14911839
   0.60695717  0.05684828  0.55352708
   0.31944713  0.81955839  0.90531279
   0.52251977  0.97395195  0.63722442
   0.30793168  0.68352951  0.80238095
   0.50264504  0.99700925  0.75069750
   0.01972089  0.46180500  0.53885861
   0.10161811  0.55277391  0.64911842
   0.10574591  0.44849833  0.94657697
   0.82501788  0.67882923  0.59650520
   0.02579963  0.52362033  0.86218526
   0.79074643  0.80833397  0.69515674
   0.00057606  0.50434375  0.74893151
   0.52064515  0.03557394  0.96232348
   0.59296783  0.95418152  0.85146036
   0.10574591  0.94849836  0.44657694
   0.82501788  0.17882923  0.09650521
   0.02579963  0.02362035  0.36218526
   0.79074643  0.30833397  0.19515674
   0.00057606  0.00434378  0.24893152
   0.52064515  0.53557396  0.46232345
   0.59296783  0.45418158  0.35146039
   0.10607152  0.44742233  0.05373877
   0.81778114  0.68299311  0.40471613
   0.02342583  0.52697779  0.13677532
   0.78991675  0.80754419  0.30381899
   0.00096008  0.50674563  0.25098249
   0.51718456  0.03495941  0.03876644
   0.60086747  0.94618439  0.14908696
   0.10607152  0.94742230  0.55373881
   0.81778114  0.18299312  0.90471616
   0.02342583  0.02697776  0.63677529
   0.78991675  0.30754422  0.80381896
   0.00096008  0.00674564  0.75098249
   0.51718456  0.53495942  0.53876641
   0.60086747  0.44618439  0.64908699
   0.60540696  0.55103328  0.94668999
   0.31855622  0.31792754  0.59613147
   0.52663247  0.47628696  0.86248204
   0.27945666  0.19065234  0.69543351
   0.50354644  0.49415889  0.74835278
   0.02103994  0.96440955  0.96229046
   0.09531916  0.04630466  0.85125438
   0.60540696  0.05103324  0.44669005
   0.31855622  0.81792754  0.09613148
   0.52663247  0.97628693  0.36248201
   0.27945666  0.69065234  0.19543347
   0.50354644  0.99415889  0.24835275
   0.02103994  0.46440958  0.46229046
   0.09531916  0.54630468  0.35125444
   0.32438100  0.16715570  0.50039344
   0.32438100  0.66715576  1.00039347
   0.82625681  0.83249188  0.50011463
   0.82625681  0.33249194  0.00011463
   0.29036904  0.24661936  0.34586173
   0.29036904  0.74661936  0.84586176
   0.79050120  0.75250730  0.54965351
   0.79050120  0.25250730  0.04965350
