   0.24443128  0.24680216  0.10363835
   0.23663866  0.27314942  0.22020362
   0.24443128  0.74680216  0.60363836
   0.23663866  0.77314945  0.72020358
   0.74951061  0.75090240  0.89365703
   0.72172217  0.73036210  0.78156624
   0.74951061  0.25090240  0.39365706
   0.72172217  0.23036211  0.28156618
   0.75062617  0.75415848  0.10380153
   0.74644700  0.72961951  0.22007250
   0.75062617  0.25415851  0.60380156
   0.74644700  0.22961950  0.72007253
   0.25350572  0.24810472  0.89362765
   0.23614549  0.28137472  0.78134284
   0.25350572  0.74810475  0.39362768
   0.23614549  0.78137469  0.28134287
   0.24664901  0.24136633  0.00146130
   0.24664901  0.74136633  0.50146130
   0.75164251  0.75576115  1.00146520
   0.75164251  0.25576115  0.50146514
   0.79463763  0.75012048  0.34716762
   0.79463763  0.25012048  0.84716762
   0.79216706  0.75064016  0.65221552
   0.79216706  0.25064017  0.15221554
   0.79459900  0.75305844  0.45085223
   0.79459900  0.25305844  0.95085220
   0.29474708  0.24623543  0.54943311
   0.29329124  0.24867952  0.65269293
   0.29329124  0.74867952  0.15269293
   0.29474708  0.74623542  0.04943310
   0.29531480  0.24755143  0.45057780
   0.29531480  0.74755143  0.95057780
   0.60606560  0.55716089  0.05353120
   0.31888850  0.31968980  0.40506409
   0.52320375  0.47364559  0.13735462
   0.30667939  0.18365141  0.30228831
   0.50354912  0.49686931  0.25087799
   0.01805772  0.96133996  0.03886075
   0.10313869  0.05330735  0.14938038
   0.60606560  0.05716090  0.55353118
   0.31888850  0.81968980  0.90506409
   0.52320375  0.97364562  0.63735461
   0.30667939  0.68365138  0.80228831
   0.50354912  0.99686933  0.75087802
   0.01805772  0.46133999  0.53886074
   0.10313869  0.55330740  0.64938041
   0.10367787  0.44900314  0.94641460
   0.82531769  0.67871186  0.59664389
   0.02606326  0.52462442  0.86213818
   0.78991157  0.80751935  0.69533144
   0.00143946  0.50387705  0.74898316
   0.51826164  0.03621037  0.96210764
   0.59628662  0.95228511  0.85107628
   0.10367787  0.94900317  0.44641457
   0.82531769  0.17871186  0.09664391
   0.02606326  0.02462444  0.36213818
   0.78991157  0.30751935  0.19533144
   0.00143946  0.00387708  0.24898318
   0.51826164  0.53621039  0.46210761
   0.59628662  0.45228517  0.35107631
   0.10545625  0.44712404  0.05372900
   0.81684155  0.68308832  0.40446262
   0.02389902  0.52724605  0.13704800
   0.79111484  0.80750569  0.30377258
   0.00166003  0.50611557  0.25111559
   0.51530313  0.03560249  0.03882811
   0.60237685  0.94550134  0.14923113
   0.10545625  0.94712401  0.55372904
   0.81684155  0.18308833  0.90446265
   0.02389902  0.02724602  0.63704797
   0.79111484  0.30750572  0.80377255
   0.00166003  0.00611558  0.75111559
   0.51530313  0.53560250  0.53882808
   0.60237685  0.44550134  0.64923116
   0.60344431  0.55090810  0.94657710
   0.31821905  0.31790429  0.59622867
   0.52692632  0.47560562  0.86231468
   0.28253297  0.19100222  0.69562773
   0.50439836  0.49415900  0.74844789
   0.01853053  0.96390929  0.96203293
   0.09855091  0.04895433  0.85093748
   0.60344431  0.05090806  0.44657716
   0.31821905  0.81790429  0.09622869
   0.52692632  0.97560559  0.36231465
   0.28253297  0.69100222  0.19562769
   0.50439836  0.99415900  0.24844786
   0.01853053  0.46390932  0.46203293
   0.09855091  0.54895435  0.35093754
   0.32275772  0.16747251  0.50032564
   0.32275772  0.66747257  1.00032567
   0.82466204  0.83244109  0.50001660
   0.82466204  0.33244115  0.00001660
   0.29117174  0.24737549  0.34573886
   0.29117174  0.74737549  0.84573889
   0.78953776  0.75230236  0.54973728
   0.78953776  0.25230236  0.04973728
