   0.24485648  0.24678620  0.10380894
   0.23748606  0.27263640  0.22035044
   0.24485648  0.74678620  0.60380895
   0.23748606  0.77263643  0.72035039
   0.75018280  0.75061754  0.89354898
   0.72396951  0.73036332  0.78149525
   0.75018280  0.25061754  0.39354901
   0.72396951  0.23036334  0.28149519
   0.75119689  0.75382304  0.10397834
   0.74552679  0.72922216  0.22011196
   0.75119689  0.25382307  0.60397837
   0.74552679  0.22922214  0.72011199
   0.25460115  0.24909841  0.89350468
   0.23632777  0.28143895  0.78146018
   0.25460115  0.74909844  0.39350471
   0.23632777  0.78143892  0.28146021
   0.24523679  0.24183136  0.00157138
   0.24523679  0.74183136  0.50157138
   0.75025871  0.75546287  1.00127191
   0.75025871  0.25546287  0.50127185
   0.79566663  0.74990969  0.34708478
   0.79566663  0.24990969  0.84708478
   0.79301943  0.75043724  0.65239874
   0.79301943  0.25043725  0.15239875
   0.79345457  0.75285062  0.45067465
   0.79345457  0.25285062  0.95067462
   0.29416483  0.24652834  0.54950899
   0.29435395  0.24868047  0.65287580
   0.29435395  0.74868047  0.15287580
   0.29416483  0.74652833  0.04950898
   0.29395177  0.24776781  0.45038563
   0.29395177  0.74776781  0.95038563
   0.60564656  0.55738769  0.05366992
   0.31838242  0.31952482  0.40479287
   0.52396900  0.47360483  0.13750201
   0.30440620  0.18315447  0.30218166
   0.50388237  0.49661004  0.25100554
   0.01656820  0.96080508  0.03888146
   0.10420273  0.05344775  0.14965850
   0.60564656  0.05738770  0.55366990
   0.31838242  0.81952482  0.90479287
   0.52396900  0.97360486  0.63750199
   0.30440620  0.68315444  0.80218166
   0.50388237  0.99661007  0.75100557
   0.01656820  0.46080511  0.53888145
   0.10420273  0.55344780  0.64965853
   0.10275431  0.44881078  0.94622163
   0.82557944  0.67863808  0.59679817
   0.02652494  0.52526103  0.86211290
   0.78962322  0.80768273  0.69558421
   0.00155203  0.50355966  0.74895093
   0.51606568  0.03712517  0.96189403
   0.59876630  0.95099220  0.85073238
   0.10275431  0.94881081  0.44622160
   0.82557944  0.17863808  0.09679818
   0.02652494  0.02526105  0.36211290
   0.78962322  0.30768273  0.19558421
   0.00155203  0.00355969  0.24895094
   0.51606568  0.53712519  0.46189400
   0.59876630  0.45099226  0.35073241
   0.10530800  0.44657052  0.05376400
   0.81619214  0.68314632  0.40420106
   0.02464402  0.52720283  0.13730213
   0.79192390  0.80812592  0.30363102
   0.00163106  0.50555376  0.25119046
   0.51366115  0.03670215  0.03895642
   0.60354292  0.94501528  0.14947674
   0.10530800  0.94657049  0.55376404
   0.81619214  0.18314633  0.90420109
   0.02464402  0.02720280  0.63730210
   0.79192390  0.30812594  0.80363099
   0.00163106  0.00555377  0.75119046
   0.51366115  0.53670216  0.53895640
   0.60354292  0.44501528  0.64947677
   0.60277971  0.55142931  0.94648338
   0.31813411  0.31812681  0.59638873
   0.52742328  0.47530255  0.86215503
   0.28524123  0.19069807  0.69589891
   0.50457759  0.49414559  0.74848467
   0.01595878  0.96260897  0.96174095
   0.10116406  0.05097508  0.85060842
   0.60277971  0.05142926  0.44648344
   0.31813411  0.81812681  0.09638874
   0.52742328  0.97530252  0.36215500
   0.28524123  0.69069807  0.19589887
   0.50457759  0.99414559  0.24848464
   0.01595878  0.46260900  0.46174095
   0.10116406  0.55097510  0.35060847
   0.32162137  0.16747894  0.50029052
   0.32162137  0.66747900  1.00029055
   0.82344450  0.83264885  0.49994937
   0.82344450  0.33264891 -0.00005063
   0.29182349  0.24790878  0.34562253
   0.29182349  0.74790878  0.84562256
   0.78875086  0.75230136  0.54983878
   0.78875086  0.25230136  0.04983878
