   0.24433285  0.24682343  0.10361182
   0.23641747  0.27327240  0.22018224
   0.24433285  0.74682343  0.60361183
   0.23641747  0.77327243  0.72018219
   0.74942972  0.75095053  0.89366732
   0.72133775  0.73034246  0.78155219
   0.74942972  0.25095053  0.39366735
   0.72133775  0.23034247  0.28155213
   0.75051553  0.75424645  0.10377433
   0.74651633  0.72967748  0.22006950
   0.75051553  0.25424648  0.60377435
   0.74651633  0.22967746  0.72006953
   0.25335808  0.24791141  0.89364043
   0.23609549  0.28140580  0.78130145
   0.25335808  0.74791144  0.39364046
   0.23609549  0.78140577  0.28130148
   0.24687773  0.24129962  0.00145440
   0.24687773  0.74129962  0.50145440
   0.75184348  0.75581469  1.00148747
   0.75184348  0.25581469  0.50148741
   0.79445737  0.75013346  0.34718445
   0.79445737  0.25013346  0.84718445
   0.79205894  0.75066326  0.65217575
   0.79205894  0.25066327  0.15217576
   0.79476155  0.75310740  0.45089072
   0.79476155  0.25310740  0.95089069
   0.29485811  0.24618187  0.54941497
   0.29313296  0.24867769  0.65265851
   0.29313296  0.74867769  0.15265851
   0.29485811  0.74618186  0.04941496
   0.29549542  0.24747744  0.45061818
   0.29549542  0.74747744  0.95061818
   0.60627620  0.55700462  0.05352078
   0.31901809  0.31973771  0.40510090
   0.52302655  0.47372669  0.13732241
   0.30712828  0.18364101  0.30230310
   0.50343765  0.49691126  0.25083844
   0.01840331  0.96147235  0.03885869
   0.10279698  0.05321159  0.14932250
   0.60627620  0.05700463  0.55352076
   0.31901809  0.81973771  0.90510090
   0.52302655  0.97372672  0.63732240
   0.30712828  0.68364099  0.80230310
   0.50343765  0.99691129  0.75083847
   0.01840331  0.46147238  0.53885868
   0.10279698  0.55321164  0.64932253
   0.10401986  0.44901342  0.94644434
   0.82525577  0.67871056  0.59660184
   0.02598018  0.52444587  0.86215016
   0.79007594  0.80770170  0.69533551
   0.00132981  0.50398998  0.74896974
   0.51880219  0.03605253  0.96215338
   0.59557809  0.95264500  0.85115598
   0.10401986  0.94901345  0.44644431
   0.82525577  0.17871056  0.09660185
   0.02598018  0.02444589  0.36215016
   0.79007594  0.30770170  0.19533551
   0.00132981  0.00399001  0.24896976
   0.51880219  0.53605255  0.46215335
   0.59557809  0.45264506  0.35115601
   0.10551768  0.44721695  0.05372946
   0.81705500  0.68301949  0.40450539
   0.02377092  0.52717780  0.13698618
   0.79086466  0.80752119  0.30375579
   0.00159048  0.50623987  0.25108665
   0.51577698  0.03546530  0.03880792
   0.60202622  0.94564426  0.14919163
   0.10551768  0.94721692  0.55372950
   0.81705500  0.18301951  0.90450542
   0.02377092  0.02717777  0.63698615
   0.79086466  0.30752122  0.80375576
   0.00159048  0.00623988  0.75108665
   0.51577698  0.53546531  0.53880789
   0.60202622  0.44564426  0.64919166
   0.60374452  0.55083783  0.94659223
   0.31828508  0.31793662  0.59620657
   0.52683028  0.47573483  0.86235632
   0.28180499  0.19089555  0.69562898
   0.50429684  0.49414317  0.74842326
   0.01912251  0.96408798  0.96209185
   0.09789139  0.04838130  0.85100691
   0.60374452  0.05083779  0.44659229
   0.31828508  0.81793662  0.09620658
   0.52683028  0.97573480  0.36235629
   0.28180499  0.69089555  0.19562894
   0.50429684  0.99414317  0.24842323
   0.01912251  0.46408801  0.46209185
   0.09789139  0.54838132  0.35100697
   0.32310089  0.16739307  0.50033842
   0.32310089  0.66739313  1.00033845
   0.82500541  0.83246058  0.50004311
   0.82500541  0.33246064  0.00004311
   0.29100014  0.24724564  0.34577746
   0.29100014  0.74724564  0.84577749
   0.78969800  0.75234868  0.54971031
   0.78969800  0.25234868  0.04971030
