   0.24423255  0.24685817  0.10356004
   0.23591511  0.27352784  0.22011189
   0.24423255  0.74685817  0.60356005
   0.23591511  0.77352787  0.72011184
   0.74931596  0.75110931  0.89369495
   0.72059456  0.73032956  0.78154360
   0.74931596  0.25110931  0.39369498
   0.72059456  0.23032957  0.28154354
   0.75034030  0.75443728  0.10372599
   0.74655126  0.72978324  0.22003679
   0.75034030  0.25443731  0.60372602
   0.74655126  0.22978322  0.72003682
   0.25306251  0.24744497  0.89366771
   0.23589656  0.28145920  0.78124624
   0.25306251  0.74744500  0.39366774
   0.23589656  0.78145917  0.28124627
   0.24744015  0.24113009  0.00144878
   0.24744015  0.74113009  0.50144878
   0.75239950  0.75595070  1.00152176
   0.75239950  0.25595070  0.50152170
   0.79407363  0.75024197  0.34721680
   0.79407363  0.25024197  0.84721680
   0.79177218  0.75073543  0.65209502
   0.79177218  0.25073545  0.15209503
   0.79528347  0.75317342  0.45095822
   0.79528347  0.25317342  0.95095819
   0.29518219  0.24610187  0.54939294
   0.29275036  0.24868358  0.65258343
   0.29275036  0.74868358  0.15258343
   0.29518219  0.74610185  0.04939293
   0.29604919  0.24732392  0.45069189
   0.29604919  0.74732392  0.95069189
   0.60655674  0.55691793  0.05351451
   0.31919442  0.31969704  0.40519377
   0.52277682  0.47381086  0.13727615
   0.30761079  0.18361238  0.30234206
   0.50316045  0.49696532  0.25077796
   0.01895600  0.96163991  0.03885399
   0.10227759  0.05304479  0.14922783
   0.60655674  0.05691794  0.55351449
   0.31919442  0.81969704  0.90519377
   0.52277682  0.97381089  0.63727614
   0.30761079  0.68361235  0.80234206
   0.50316045  0.99696535  0.75077799
   0.01895600  0.46163994  0.53885398
   0.10227759  0.55304484  0.64922786
   0.10467126  0.44887241  0.94650045
   0.82513581  0.67875041  0.59655341
   0.02588082  0.52412346  0.86216664
   0.79034395  0.80793562  0.69525883
   0.00108229  0.50414174  0.74895770
   0.51961321  0.03581232  0.96222956
   0.59448130  0.95325915  0.85129025
   0.10467126  0.94887244  0.44650042
   0.82513581  0.17875041  0.09655342
   0.02588082  0.02412348  0.36216664
   0.79034395  0.30793562  0.19525883
   0.00108229  0.00414177  0.24895772
   0.51961321  0.53581234  0.46222953
   0.59448130  0.45325921  0.35129028
   0.10570729  0.44730359  0.05372948
   0.81737088  0.68299085  0.40459917
   0.02358210  0.52709857  0.13689038
   0.79045714  0.80751343  0.30378667
   0.00139843  0.50645891  0.25104260
   0.51639692  0.03522247  0.03878113
   0.60151648  0.94586855  0.14913743
   0.10570729  0.94730356  0.55372952
   0.81737088  0.18299086  0.90459920
   0.02358210  0.02709854  0.63689035
   0.79045714  0.30751346  0.80378664
   0.00139843  0.00645891  0.75104260
   0.51639692  0.53522248  0.53878110
   0.60151648  0.44586855  0.64913746
   0.60436238  0.55085689  0.94662998
   0.31838825  0.31793181  0.59616763
   0.52671381  0.47594992  0.86241708
   0.28073679  0.19081770  0.69554640
   0.50404280  0.49415034  0.74839533
   0.01998364  0.96429959  0.96218357
   0.09681433  0.04750559  0.85111831
   0.60436238  0.05085685  0.44663004
   0.31838825  0.81793181  0.09616764
   0.52671381  0.97594989  0.36241705
   0.28073679  0.69081770  0.19554635
   0.50404280  0.99415034  0.24839530
   0.01998364  0.46429962  0.46218357
   0.09681433  0.54750561  0.35111837
   0.32363171  0.16729306  0.50035980
   0.32363171  0.66729312  1.00035983
   0.82552610  0.83247197  0.50007372
   0.82552610  0.33247203  0.00007372
   0.29074246  0.24698768  0.34582075
   0.29074246  0.74698768  0.84582078
   0.79002726  0.75240502  0.54968132
   0.79002726  0.25240502  0.04968132
