   0.24417757  0.24694990  0.10346095
   0.23420282  0.27414346  0.21993005
   0.24417757  0.74694990  0.60346097
   0.23420282  0.77414349  0.71993000
   0.74918073  0.75161412  0.89372182
   0.71874288  0.73037326  0.78146059
   0.74918073  0.25161412  0.39372185
   0.71874288  0.23037327  0.28146053
   0.75009401  0.75490225  0.10364174
   0.74588456  0.73001866  0.21993589
   0.75009401  0.25490228  0.60364176
   0.74588456  0.23001865  0.71993592
   0.25264132  0.24621208  0.89368224
   0.23495242  0.28166925  0.78109648
   0.25264132  0.74621211  0.39368227
   0.23495242  0.78166922  0.28109651
   0.24887932  0.24075563  0.00145945
   0.24887932  0.74075563  0.50145945
   0.75383577  0.75624027  1.00157653
   0.75383577  0.25624027  0.50157647
   0.79315746  0.75055255  0.34725267
   0.79315746  0.25055255  0.84725267
   0.79121135  0.75089839  0.65192625
   0.79121135  0.25089841  0.15192626
   0.79671314  0.75329740  0.45110201
   0.79671314  0.25329740  0.95110198
   0.29610018  0.24597654  0.54937474
   0.29197687  0.24872997  0.65242541
   0.29197687  0.74872997  0.15242541
   0.29610018  0.74597653  0.04937473
   0.29751262  0.24687384  0.45084488
   0.29751262  0.74687384  0.95084488
   0.60730990  0.55680664  0.05355041
   0.31965549  0.31938308  0.40540331
   0.52239977  0.47405992  0.13719387
   0.30793617  0.18348098  0.30239411
   0.50210883  0.49703990  0.25063063
   0.02032952  0.96189492  0.03887270
   0.10115267  0.05260620  0.14904997
   0.60730990  0.05680664  0.55355039
   0.31965549  0.81938308  0.90540331
   0.52239977  0.97405995  0.63719386
   0.30793617  0.68348095  0.80239411
   0.50210883  0.99703993  0.75063066
   0.02032952  0.46189495  0.53887269
   0.10115267  0.55260625  0.64905000
   0.10677167  0.44806144  0.94663784
   0.82498446  0.67890433  0.59648210
   0.02575107  0.52316762  0.86219199
   0.79105091  0.80867068  0.69509197
   0.00004343  0.50450051  0.74889794
   0.52141315  0.03547301  0.96239054
   0.59171161  0.95498906  0.85158697
   0.10677167  0.94806147  0.44663781
   0.82498446  0.17890433  0.09648211
   0.02575107  0.02316764  0.36219199
   0.79105091  0.30867068  0.19509197
   0.00004343  0.00450054  0.24889796
   0.52141315  0.53547303  0.46239051
   0.59171161  0.45498912  0.35158700
   0.10642355  0.44751027  0.05375486
   0.81806903  0.68304193  0.40480153
   0.02335248  0.52686375  0.13670036
   0.78951392  0.80754884  0.30384236
   0.00047009  0.50696397  0.25092969
   0.51778859  0.03480402  0.03876997
   0.60044943  0.94643228  0.14906317
   0.10642355  0.94751024  0.55375490
   0.81806903  0.18304195  0.90480156
   0.02335248  0.02686372  0.63670033
   0.78951392  0.30754887  0.80384233
   0.00047009  0.00696398  0.75092969
   0.51778859  0.53480402  0.53876995
   0.60044943  0.44643228  0.64906320
   0.60640976  0.55128269  0.94674196
   0.31872468  0.31792737  0.59611264
   0.52659773  0.47659057  0.86251428
   0.27859712  0.19050245  0.69538136
   0.50302244  0.49417120  0.74831099
   0.02180628  0.96435561  0.96236300
   0.09406903  0.04532438  0.85135578
   0.60640976  0.05128265  0.44674202
   0.31872468  0.81792737  0.09611265
   0.52659773  0.97659054  0.36251425
   0.27859712  0.69050245  0.19538132
   0.50302244  0.99417120  0.24831096
   0.02180628  0.46435564  0.46236300
   0.09406903  0.54532440  0.35135584
   0.32499052  0.16704478  0.50042522
   0.32499052  0.66704484  1.00042525
   0.82685403  0.83250887  0.50014783
   0.82685403  0.33250893  0.00014783
   0.29000851  0.24628438  0.34587919
   0.29000851  0.74628438  0.84587922
   0.79097084  0.75259660  0.54963966
   0.79097084  0.25259660  0.04963966
