   0.24415490  0.24693483  0.10347362
   0.23450965  0.27406289  0.21996013
   0.24415490  0.74693483  0.60347364
   0.23450965  0.77406292  0.71996008
   0.74919028  0.75152188  0.89372032
   0.71903091  0.73034957  0.78147626
   0.74919028  0.25152188  0.39372035
   0.71903091  0.23034959  0.28147620
   0.75010470  0.75483639  0.10365217
   0.74606255  0.72997509  0.21995488
   0.75010470  0.25483642  0.60365219
   0.74606255  0.22997507  0.71995491
   0.25267483  0.24640579  0.89368296
   0.23514737  0.28164437  0.78111847
   0.25267483  0.74640582  0.39368299
   0.23514737  0.78164434  0.28111850
   0.24864396  0.24080867  0.00145725
   0.24864396  0.74080867  0.50145725
   0.75360300  0.75620029  1.00157003
   0.75360300  0.25620029  0.50156997
   0.79330630  0.75050158  0.34725167
   0.79330630  0.25050158  0.84725167
   0.79128148  0.75088113  0.65195405
   0.79128148  0.25088114  0.15195406
   0.79647444  0.75327947  0.45108052
   0.79647444  0.25327947  0.95108049
   0.29593868  0.24598533  0.54937386
   0.29207120  0.24870640  0.65245775
   0.29207120  0.74870640  0.15245775
   0.29593868  0.74598532  0.04937385
   0.29727087  0.24694989  0.45082167
   0.29727087  0.74694989  0.95082167
   0.60719198  0.55682209  0.05354126
   0.31958835  0.31944988  0.40537296
   0.52243579  0.47401986  0.13720361
   0.30796176  0.18348704  0.30239202
   0.50230289  0.49702846  0.25065232
   0.02013014  0.96186913  0.03886635
   0.10129486  0.05265792  0.14907133
   0.60719198  0.05682210  0.55354124
   0.31958835  0.81944988  0.90537296
   0.52243579  0.97401989  0.63720359
   0.30796176  0.68348701  0.80239202
   0.50230289  0.99702849  0.75065235
   0.02013014  0.46186916  0.53886635
   0.10129486  0.55265797  0.64907136
   0.10641417  0.44821654  0.94661690
   0.82499476  0.67887477  0.59648789
   0.02576664  0.52332231  0.86219014
   0.79095565  0.80856408  0.69511158
   0.00023883  0.50444631  0.74890999
   0.52116103  0.03549564  0.96236868
   0.59214331  0.95471533  0.85154583
   0.10641417  0.94821657  0.44661687
   0.82499476  0.17887477  0.09648790
   0.02576664  0.02332233  0.36219014
   0.79095565  0.30856408  0.19511158
   0.00023883  0.00444634  0.24891000
   0.52116103  0.53549566  0.46236865
   0.59214331  0.45471539  0.35154586
   0.10630511  0.44747948  0.05374847
   0.81797999  0.68301675  0.40477342
   0.02336770  0.52689781  0.13672427
   0.78964638  0.80755542  0.30383535
   0.00065006  0.50689344  0.25094650
   0.51759032  0.03484727  0.03876699
   0.60058165  0.94635458  0.14907003
   0.10630511  0.94747945  0.55374852
   0.81797999  0.18301677  0.90477345
   0.02336770  0.02689779  0.63672424
   0.78964638  0.30755545  0.80383532
   0.00065006  0.00689345  0.75094650
   0.51759032  0.53484728  0.53876696
   0.60058165  0.44635458  0.64907006
   0.60605874  0.55119240  0.94672368
   0.31866970  0.31793305  0.59611709
   0.52661145  0.47647892  0.86250543
   0.27885758  0.19056015  0.69539435
   0.50321190  0.49416850  0.74832557
   0.02155582  0.96438732  0.96233990
   0.09449258  0.04565135  0.85132270
   0.60605874  0.05119236  0.44672374
   0.31866970  0.81793305  0.09611711
   0.52661145  0.97647889  0.36250540
   0.27885758  0.69056015  0.19539431
   0.50321190  0.99416850  0.24832554
   0.02155582  0.46438735  0.46233990
   0.09449258  0.54565137  0.35132276
   0.32479186  0.16707829  0.50041379
   0.32479186  0.66707835  1.00041382
   0.82665822  0.83250697  0.50013601
   0.82665822  0.33250703  0.00013601
   0.29017028  0.24643036  0.34587485
   0.29017028  0.74643036  0.84587488
   0.79075505  0.75255480  0.54964503
   0.79075505  0.25255480  0.04964502
