   0.24464029  0.24678004  0.10372738
   0.23716629  0.27283640  0.22029294
   0.24464029  0.74678004  0.60372740
   0.23716629  0.77283643  0.72029289
   0.74983703  0.75071572  0.89360139
   0.72294441  0.73037446  0.78153437
   0.74983703  0.25071572  0.39360142
   0.72294441  0.23037448  0.28153431
   0.75094716  0.75392896  0.10389179
   0.74602738  0.72939874  0.22010148
   0.75094716  0.25392899  0.60389181
   0.74602738  0.22939873  0.72010151
   0.25410864  0.24872906  0.89356568
   0.23628866  0.28140241  0.78141158
   0.25410864  0.74872909  0.39356571
   0.23628866  0.78140238  0.28141161
   0.24583087  0.24165099  0.00150815
   0.24583087  0.74165099  0.50150815
   0.75082836  0.75555947  1.00137466
   0.75082836  0.25555947  0.50137460
   0.79523575  0.74998566  0.34712764
   0.79523575  0.24998566  0.84712764
   0.79266337  0.75051484  0.65231343
   0.79266337  0.25051485  0.15231344
   0.79388078  0.75294719  0.45075834
   0.79388078  0.25294719  0.95075831
   0.29436401  0.24639518  0.54946695
   0.29390716  0.24868224  0.65279176
   0.29390716  0.74868224  0.15279176
   0.29436401  0.74639516  0.04946693
   0.29449752  0.24768760  0.45048113
   0.29449752  0.74768760  0.95048113
   0.60586756  0.55722095  0.05358803
   0.31863084  0.31965655  0.40490544
   0.52358546  0.47362255  0.13743144
   0.30561841  0.18345582  0.30221555
   0.50377243  0.49675544  0.25094689
   0.01725837  0.96109955  0.03887454
   0.10372894  0.05342281  0.14952906
   0.60586756  0.05722096  0.55358801
   0.31863084  0.81965655  0.90490544
   0.52358546  0.97362258  0.63743142
   0.30561841  0.68345579  0.80221555
   0.50377243  0.99675547  0.75094692
   0.01725837  0.46109958  0.53887454
   0.10372894  0.55342287  0.64952909
   0.10312097  0.44896211  0.94631661
   0.82547650  0.67866343  0.59672088
   0.02629802  0.52501589  0.86211808
   0.78969956  0.80753515  0.69549191
   0.00155088  0.50370630  0.74896917
   0.51710924  0.03667928  0.96199550
   0.59760106  0.95154088  0.85088743
   0.10312097  0.94896214  0.44631658
   0.82547650  0.17866343  0.09672090
   0.02629802  0.02501591  0.36211808
   0.78969956  0.30753515  0.19549191
   0.00155088  0.00370633  0.24896919
   0.51710924  0.53667931  0.46199547
   0.59760106  0.45154094  0.35088746
   0.10530323  0.44685910  0.05374575
   0.81645174  0.68310400  0.40431209
   0.02425930  0.52724846  0.13718591
   0.79157913  0.80776062  0.30367591
   0.00169213  0.50579576  0.25115934
   0.51449752  0.03616564  0.03889185
   0.60299442  0.94523416  0.14934882
   0.10530323  0.94685907  0.55374580
   0.81645174  0.18310401  0.90431212
   0.02425930  0.02724843  0.63718588
   0.79157913  0.30776065  0.80367588
   0.00169213  0.00579577  0.75115934
   0.51449752  0.53616565  0.53889182
   0.60299442  0.44523416  0.64934884
   0.60298943  0.55111106  0.94652359
   0.31814185  0.31801190  0.59631545
   0.52713727  0.47543092  0.86222239
   0.28394394  0.19088351  0.69579837
   0.50455503  0.49414722  0.74846600
   0.01721437  0.96329661  0.96188536
   0.09998806  0.05001076  0.85076487
   0.60298943  0.05111101  0.44652365
   0.31814185  0.81801190  0.09631546
   0.52713727  0.97543089  0.36222236
   0.28394394  0.69088351  0.19579832
   0.50455503  0.99414722  0.24846597
   0.01721437  0.46329664  0.46188536
   0.09998806  0.55001078  0.35076493
   0.32213380  0.16750273  0.50030572
   0.32213380  0.66750279  1.00030575
   0.82401005  0.83252073  0.49998580
   0.82401005  0.33252079 -0.00001420
   0.29153801  0.24770954  0.34568201
   0.29153801  0.74770954  0.84568203
   0.78908451  0.75228144  0.54979150
   0.78908451  0.25228144  0.04979149
