   0.24416408  0.24694356  0.10346640
   0.23433015  0.27411187  0.21994317
   0.24416408  0.74694356  0.60346642
   0.23433015  0.77411190  0.71994312
   0.74918465  0.75157538  0.89372071
   0.71885969  0.73035934  0.78146504
   0.74918465  0.25157538  0.39372073
   0.71885969  0.23035935  0.28146498
   0.75009520  0.75487562  0.10364631
   0.74596133  0.73000035  0.21994472
   0.75009520  0.25487565  0.60364633
   0.74596133  0.23000033  0.71994475
   0.25265188  0.24629193  0.89368198
   0.23503366  0.28166273  0.78110349
   0.25265188  0.74629195  0.39368201
   0.23503366  0.78166270  0.28110352
   0.24877756  0.24077805  0.00145870
   0.24877756  0.74077805  0.50145870
   0.75373829  0.75622173  1.00157399
   0.75373829  0.25622173  0.50157393
   0.79322247  0.75053537  0.34725000
   0.79322247  0.25053537  0.84725000
   0.79124118  0.75089038  0.65194012
   0.79124118  0.25089039  0.15194013
   0.79661007  0.75329140  0.45109310
   0.79661007  0.25329140  0.95109307
   0.29602868  0.24597879  0.54937390
   0.29201470  0.24872060  0.65243940
   0.29201470  0.74872060  0.15243940
   0.29602868  0.74597877  0.04937388
   0.29740967  0.24690529  0.45083464
   0.29740967  0.74690529  0.95083464
   0.60726154  0.55681746  0.05354686
   0.31963286  0.31940890  0.40539242
   0.52241464  0.47404386  0.13719740
   0.30795045  0.18348155  0.30239349
   0.50218209  0.49703606  0.25063821
   0.02025913  0.96188457  0.03887024
   0.10120499  0.05262235  0.14905686
   0.60726154  0.05681747  0.55354683
   0.31963286  0.81940890  0.90539242
   0.52241464  0.97404389  0.63719739
   0.30795045  0.68348152  0.80239349
   0.50218209  0.99703609  0.75063824
   0.02025913  0.46188460  0.53887023
   0.10120499  0.55262240  0.64905689
   0.10663606  0.44811851  0.94662994
   0.82498908  0.67889122  0.59648442
   0.02576094  0.52322699  0.86219145
   0.79101780  0.80863343  0.69509770
   0.00011968  0.50448032  0.74890273
   0.52131828  0.03547678  0.96238225
   0.59187812  0.95488934  0.85157237
   0.10663606  0.94811854  0.44662991
   0.82498908  0.17889122  0.09648443
   0.02576094  0.02322701  0.36219145
   0.79101780  0.30863343  0.19509770
   0.00011968  0.00448035  0.24890274
   0.52131828  0.53547680  0.46238222
   0.59187812  0.45488940  0.35157240
   0.10638124  0.44749969  0.05375228
   0.81803882  0.68303130  0.40479116
   0.02335935  0.52687647  0.13670895
   0.78956273  0.80755058  0.30384235
   0.00053999  0.50693750  0.25093533
   0.51771160  0.03481210  0.03876878
   0.60049989  0.94640563  0.14906505
   0.10638124  0.94749966  0.55375232
   0.81803882  0.18303132  0.90479119
   0.02335935  0.02687645  0.63670892
   0.78956273  0.30755060  0.80384232
   0.00053999  0.00693750  0.75093533
   0.51771160  0.53481210  0.53876876
   0.60049989  0.44640563  0.64906508
   0.60627603  0.55125086  0.94673499
   0.31870555  0.31792967  0.59611312
   0.52660713  0.47654696  0.86251132
   0.27868614  0.19052126  0.69538639
   0.50309533  0.49417104  0.74831675
   0.02171152  0.96437184  0.96235436
   0.09422886  0.04544489  0.85134421
   0.60627603  0.05125081  0.44673505
   0.31870555  0.81792967  0.09611314
   0.52660713  0.97654693  0.36251129
   0.27868614  0.69052126  0.19538634
   0.50309533  0.99417104  0.24831672
   0.02171152  0.46437187  0.46235436
   0.09422886  0.54544491  0.35134427
   0.32491853  0.16705654  0.50042119
   0.32491853  0.66705660  1.00042122
   0.82678315  0.83250846  0.50014308
   0.82678315  0.33250852  0.00014308
   0.29009404  0.24635958  0.34587612
   0.29009404  0.74635958  0.84587615
   0.79085088  0.75257177  0.54964251
   0.79085088  0.25257177  0.04964251
