   0.24463305  0.24678333  0.10372547
   0.23714909  0.27284642  0.22029143
   0.24463305  0.74678333  0.60372549
   0.23714909  0.77284645  0.72029139
   0.74982120  0.75072258  0.89360043
   0.72289688  0.73037714  0.78153418
   0.74982120  0.25072258  0.39360046
   0.72289688  0.23037716  0.28153412
   0.75093593  0.75393459  0.10388963
   0.74605183  0.72940992  0.22010262
   0.75093593  0.25393462  0.60388966
   0.74605183  0.22940990  0.72010265
   0.25408665  0.24870531  0.89356518
   0.23628556  0.28139592  0.78140684
   0.25408665  0.74870534  0.39356521
   0.23628556  0.78139589  0.28140687
   0.24586342  0.24163890  0.00150569
   0.24586342  0.74163890  0.50150569
   0.75086075  0.75556747  1.00137927
   0.75086075  0.25556747  0.50137921
   0.79521035  0.74999840  0.34711462
   0.79521035  0.24999840  0.84711462
   0.79264152  0.75053713  0.65232885
   0.79264152  0.25053714  0.15232886
   0.79390669  0.75295719  0.45075683
   0.79390669  0.25295719  0.95075680
   0.29437833  0.24638469  0.54946804
   0.29387836  0.24866355  0.65280769
   0.29387836  0.74866355  0.15280769
   0.29437833  0.74638467  0.04946803
   0.29452773  0.24768309  0.45047741
   0.29452773  0.74768309  0.95047741
   0.60587214  0.55722173  0.05358445
   0.31864046  0.31965444  0.40491693
   0.52356799  0.47362253  0.13742585
   0.30566991  0.18347563  0.30222393
   0.50376493  0.49675984  0.25094409
   0.01729053  0.96111080  0.03887357
   0.10370677  0.05342347  0.14952012
   0.60587214  0.05722174  0.55358443
   0.31864046  0.81965444  0.90491693
   0.52356799  0.97362256  0.63742583
   0.30566991  0.68347560  0.80222393
   0.50376493  0.99675986  0.75094412
   0.01729053  0.46111083  0.53887356
   0.10370677  0.55342352  0.64952015
   0.10314030  0.44896671  0.94632230
   0.82546897  0.67866558  0.59671689
   0.02628432  0.52499927  0.86212043
   0.78970676  0.80750772  0.69546991
   0.00154988  0.50371374  0.74897014
   0.51715589  0.03665836  0.96200131
   0.59755258  0.95157051  0.85089763
   0.10314030  0.94896674  0.44632227
   0.82546897  0.17866558  0.09671691
   0.02628432  0.02499930  0.36212043
   0.78970676  0.30750772  0.19546991
   0.00154988  0.00371377  0.24897015
   0.51715589  0.53665838  0.46200128
   0.59755258  0.45157057  0.35089766
   0.10530936  0.44687342  0.05374425
   0.81646573  0.68310696  0.40432153
   0.02424094  0.52724931  0.13717793
   0.79156021  0.80772954  0.30369147
   0.00169379  0.50580957  0.25115756
   0.51452950  0.03613842  0.03888852
   0.60297176  0.94524232  0.14934073
   0.10530936  0.94687339  0.55374429
   0.81646573  0.18310698  0.90432156
   0.02424094  0.02724928  0.63717790
   0.79156021  0.30772957  0.80369144
   0.00169379  0.00580958  0.75115756
   0.51452950  0.53613843  0.53888850
   0.60297176  0.44524232  0.64934076
   0.60300434  0.55109862  0.94652712
   0.31814259  0.31800523  0.59631036
   0.52712795  0.47543504  0.86222768
   0.28388243  0.19091547  0.69577615
   0.50455019  0.49414874  0.74846553
   0.01726941  0.96332609  0.96189285
   0.09992754  0.04997528  0.85077464
   0.60300434  0.05109858  0.44652718
   0.31814259  0.81800523  0.09631037
   0.52712795  0.97543501  0.36222765
   0.28388243  0.69091547  0.19577611
   0.50455019  0.99414874  0.24846550
   0.01726941  0.46332612  0.46189285
   0.09992754  0.54997530  0.35077470
   0.32215801  0.16750127  0.50030697
   0.32215801  0.66750133  1.00030700
   0.82403695  0.83251792  0.49998746
   0.82403695  0.33251798 -0.00001254
   0.29152539  0.24768796  0.34567737
   0.29152539  0.74768796  0.84567739
   0.78910487  0.75228268  0.54979012
   0.78910487  0.25228268  0.04979012
