   0.24417848  0.24689068  0.10352064
   0.23538727  0.27375150  0.22005211
   0.24417848  0.74689068  0.60352065
   0.23538727  0.77375153  0.72005206
   0.74924972  0.75125905  0.89371114
   0.71995106  0.73032186  0.78152402
   0.74924972  0.25125905  0.39371116
   0.71995106  0.23032188  0.28152396
   0.75021368  0.75460779  0.10369145
   0.74644780  0.72987053  0.22000813
   0.75021368  0.25460782  0.60369147
   0.74644780  0.22987052  0.72000816
   0.25287958  0.24702246  0.89368130
   0.23563905  0.28153158  0.78119572
   0.25287958  0.74702249  0.39368133
   0.23563905  0.78153155  0.28119575
   0.24795016  0.24098843  0.00144922
   0.24795016  0.74098843  0.50144922
   0.75290872  0.75606233  1.00154367
   0.75290872  0.25606233  0.50154361
   0.79374793  0.75035025  0.34722783
   0.79374793  0.25035025  0.84722783
   0.79154378  0.75079558  0.65203387
   0.79154378  0.25079560  0.15203389
   0.79576159  0.75322520  0.45101453
   0.79576159  0.25322520  0.95101450
   0.29548088  0.24604255  0.54938222
   0.29244967  0.24870145  0.65251807
   0.29244967  0.74870145  0.15251807
   0.29548088  0.74604254  0.04938221
   0.29654402  0.24717810  0.45074925
   0.29654402  0.74717810  0.95074925
   0.60677503  0.55688636  0.05351951
   0.31934667  0.31962451  0.40526831
   0.52261562  0.47388010  0.13724271
   0.30783777  0.18356310  0.30236877
   0.50286556  0.49699608  0.25072752
   0.01943704  0.96172474  0.03885579
   0.10185544  0.05290319  0.14915820
   0.60677503  0.05688636  0.55351949
   0.31934667  0.81962451  0.90526831
   0.52261562  0.97388013  0.63724269
   0.30783777  0.68356307  0.80236877
   0.50286556  0.99699611  0.75072755
   0.01943704  0.46172477  0.53885578
   0.10185544  0.55290324  0.64915823
   0.10529935  0.44867190  0.94654789
   0.82505525  0.67879976  0.59652279
   0.02579731  0.52381018  0.86217973
   0.79058453  0.80816484  0.69519163
   0.00080943  0.50426608  0.74894203
   0.52025720  0.03565871  0.96228787
   0.59358951  0.95382760  0.85139480
   0.10529935  0.94867193  0.44654786
   0.82505525  0.17879976  0.09652281
   0.02579731  0.02381020  0.36217973
   0.79058453  0.30816484  0.19519163
   0.00080943  0.00426611  0.24894204
   0.52025720  0.53565873  0.46228784
   0.59358951  0.45382766  0.35139483
   0.10593822  0.44740028  0.05373352
   0.81762334  0.68298872  0.40466937
   0.02345886  0.52701811  0.13681820
   0.79012847  0.80750503  0.30382406
   0.00116384  0.50663343  0.25100520
   0.51686221  0.03504628  0.03877002
   0.60113007  0.94607288  0.14910345
   0.10593822  0.94740025  0.55373357
   0.81762334  0.18298874  0.90466940
   0.02345886  0.02701808  0.63681817
   0.79012847  0.30750506  0.80382403
   0.00116384  0.00663343  0.75100520
   0.51686221  0.53504629  0.53876999
   0.60113007  0.44607288  0.64910348
   0.60497457  0.55093974  0.94666647
   0.31848260  0.31792300  0.59613854
   0.52667023  0.47612769  0.86245918
   0.27994223  0.19070148  0.69548862
   0.50376329  0.49415706  0.74836979
   0.02064585  0.96438637  0.96225048
   0.09589468  0.04680436  0.85120210
   0.60497457  0.05093970  0.44666653
   0.31848260  0.81792300  0.09613855
   0.52667023  0.97612766  0.36245915
   0.27994223  0.69070148  0.19548858
   0.50376329  0.99415706  0.24836976
   0.02064585  0.46438640  0.46225048
   0.09589468  0.54680438  0.35120216
   0.32407619  0.16721682  0.50038055
   0.32407619  0.66721688  1.00038058
   0.82596016  0.83248174  0.50009666
   0.82596016  0.33248180  0.00009666
   0.29049134  0.24674540  0.34585323
   0.29049134  0.74674540  0.84585326
   0.79033445  0.75247496  0.54965978
   0.79033445  0.25247496  0.04965977
