   0.24493026  0.24679943  0.10384388
   0.23756245  0.27258044  0.22036530
   0.24493026  0.74679943  0.60384389
   0.23756245  0.77258047  0.72036525
   0.75030978  0.75057857  0.89352292
   0.72427883  0.73034490  0.78148603
   0.75030978  0.25057857  0.39352295
   0.72427883  0.23034491  0.28148597
   0.75128086  0.75380222  0.10401616
   0.74536088  0.72917871  0.22011526
   0.75128086  0.25380225  0.60401618
   0.74536088  0.22917870  0.72011529
   0.25473933  0.24919190  0.89347432
   0.23633207  0.28143802  0.78147522
   0.25473933  0.74919192  0.39347435
   0.23633207  0.78143799  0.28147525
   0.24507609  0.24187169  0.00158705
   0.24507609  0.74187169  0.50158705
   0.75011860  0.75545016  1.00123150
   0.75011860  0.25545016  0.50123144
   0.79580233  0.74992511  0.34705302
   0.79580233  0.24992511  0.84705302
   0.79312847  0.75043752  0.65246065
   0.79312847  0.25043754  0.15246067
   0.79335434  0.75287020  0.45061733
   0.79335434  0.25287020  0.95061730
   0.29408543  0.24655078  0.54953227
   0.29447225  0.24865796  0.65293731
   0.29447225  0.74865796  0.15293731
   0.29408543  0.74655077  0.04953226
   0.29383382  0.24774609  0.45032391
   0.29383382  0.74774609  0.95032391
   0.60556262  0.55745769  0.05369454
   0.31830448  0.31946749  0.40477549
   0.52406769  0.47360316  0.13751597
   0.30402136  0.18305292  0.30217318
   0.50389749  0.49656567  0.25101964
   0.01640496  0.96070252  0.03888153
   0.10431652  0.05345649  0.14968734
   0.60556262  0.05745769  0.55369452
   0.31830448  0.81946749  0.90477549
   0.52406769  0.97360319  0.63751596
   0.30402136  0.68305289  0.80217318
   0.50389749  0.99656570  0.75101967
   0.01640496  0.46070255  0.53888152
   0.10431652  0.55345654  0.64968737
   0.10266306  0.44875260  0.94620259
   0.82558696  0.67863402  0.59681620
   0.02659309  0.52533476  0.86211686
   0.78962043  0.80771104  0.69557997
   0.00153889  0.50352216  0.74894210
   0.51577804  0.03725099  0.96187465
   0.59906278  0.95082199  0.85069381
   0.10266306  0.94875263  0.44620256
   0.82558696  0.17863402  0.09681621
   0.02659309  0.02533478  0.36211686
   0.78962043  0.30771104  0.19557997
   0.00153889  0.00352219  0.24894212
   0.51577804  0.53725101  0.46187462
   0.59906278  0.45082205  0.35069384
   0.10534470  0.44650734  0.05376640
   0.81613801  0.68316363  0.40418662
   0.02474482  0.52717710  0.13732618
   0.79200599  0.80823768  0.30363085
   0.00160490  0.50549681  0.25119557
   0.51341035  0.03683848  0.03897436
   0.60369329  0.94494990  0.14951006
   0.10534470  0.94650731  0.55376644
   0.81613801  0.18316365  0.90418665
   0.02474482  0.02717707  0.63732615
   0.79200599  0.30823771  0.80363082
   0.00160490  0.00549681  0.75119557
   0.51341035  0.53683849  0.53897433
   0.60369329  0.44494990  0.64951009
   0.60274945  0.55153036  0.94648246
   0.31814444  0.31815066  0.59640000
   0.52748201  0.47528220  0.86214282
   0.28560033  0.19066267  0.69589727
   0.50456472  0.49414657  0.74848841
   0.01559572  0.96240521  0.96170765
   0.10148690  0.05123709  0.85056634
   0.60274945  0.05153032  0.44648252
   0.31814444  0.81815066  0.09640001
   0.52748201  0.97528217  0.36214279
   0.28560033  0.69066267  0.19589723
   0.50456472  0.99414657  0.24848838
   0.01559572  0.46240524  0.46170765
   0.10148690  0.55123712  0.35056639
   0.32148830  0.16746840  0.50029364
   0.32148830  0.66746846  1.00029367
   0.82328910  0.83269252  0.49994260
   0.82328910  0.33269258 -0.00005740
   0.29193289  0.24797815  0.34559697
   0.29193289  0.74797815  0.84559700
   0.78863959  0.75231787  0.54987573
   0.78863959  0.25231787  0.04987572
