   0.24466520  0.24678005  0.10372560
   0.23719100  0.27283304  0.22028804
   0.24466520  0.74678005  0.60372561
   0.23719100  0.77283307  0.72028800
   0.74984629  0.75071527  0.89360680
   0.72299710  0.73038210  0.78153933
   0.74984629  0.25071527  0.39360683
   0.72299710  0.23038212  0.28153927
   0.75097139  0.75391051  0.10388977
   0.74601274  0.72937571  0.22009331
   0.75097139  0.25391054  0.60388979
   0.74601274  0.22937570  0.72009334
   0.25414250  0.24875160  0.89357113
   0.23630019  0.28141109  0.78142145
   0.25414250  0.74875163  0.39357116
   0.23630019  0.78141106  0.28142148
   0.24581937  0.24165682  0.00150967
   0.24581937  0.74165682  0.50150967
   0.75081082  0.75555618  1.00137342
   0.75081082  0.25555618  0.50137336
   0.79524984  0.74997664  0.34712713
   0.79524984  0.24997664  0.84712713
   0.79266886  0.75052733  0.65231750
   0.79266886  0.25052734  0.15231752
   0.79386832  0.75292194  0.45076249
   0.79386832  0.25292194  0.95076246
   0.29436322  0.24641196  0.54946527
   0.29392478  0.24866516  0.65279873
   0.29392478  0.74866516  0.15279873
   0.29436322  0.74641195  0.04946526
   0.29447714  0.24771766  0.45048396
   0.29447714  0.74771766  0.95048396
   0.60587214  0.55722116  0.05359126
   0.31861183  0.31965084  0.40489325
   0.52360823  0.47361439  0.13743464
   0.30554672  0.18344963  0.30221363
   0.50379226  0.49675199  0.25095283
   0.01718252  0.96109564  0.03887522
   0.10377506  0.05344416  0.14953979
   0.60587214  0.05722117  0.55359124
   0.31861183  0.81965084  0.90489325
   0.52360823  0.97361442  0.63743462
   0.30554672  0.68344961  0.80221363
   0.50379226  0.99675202  0.75095286
   0.01718252  0.46109567  0.53887522
   0.10377506  0.55344421  0.64953982
   0.10308614  0.44894582  0.94630997
   0.82548669  0.67866573  0.59672734
   0.02630328  0.52504028  0.86211680
   0.78967769  0.80749998  0.69548804
   0.00156160  0.50369572  0.74896960
   0.51701441  0.03671563  0.96198975
   0.59769324  0.95149110  0.85087312
   0.10308614  0.94894585  0.44630994
   0.82548669  0.17866573  0.09672736
   0.02630328  0.02504030  0.36211680
   0.78967769  0.30749998  0.19548804
   0.00156160  0.00369575  0.24896961
   0.51701441  0.53671565  0.46198972
   0.59769324  0.45149116  0.35087315
   0.10527446  0.44681307  0.05374710
   0.81641725  0.68311005  0.40429786
   0.02427234  0.52725493  0.13719417
   0.79160603  0.80775258  0.30367772
   0.00169910  0.50576697  0.25116502
   0.51444474  0.03621796  0.03889532
   0.60304630  0.94521083  0.14935587
   0.10527446  0.94681304  0.55374714
   0.81641725  0.18311006  0.90429789
   0.02427234  0.02725490  0.63719414
   0.79160603  0.30775260  0.80367769
   0.00169910  0.00576698  0.75116502
   0.51444474  0.53621797  0.53889529
   0.60304630  0.44521083  0.64935590
   0.60295995  0.55113722  0.94651936
   0.31813091  0.31801940  0.59632707
   0.52714594  0.47541005  0.86221574
   0.28405053  0.19091767  0.69579375
   0.50456938  0.49415360  0.74846773
   0.01711299  0.96325248  0.96187770
   0.10008249  0.05008564  0.85075315
   0.60295995  0.05113718  0.44651942
   0.31813091  0.81801940  0.09632708
   0.52714594  0.97541002  0.36221571
   0.28405053  0.69091767  0.19579371
   0.50456938  0.99415360  0.24846770
   0.01711299  0.46325251  0.46187770
   0.10008249  0.55008566  0.35075321
   0.32208615  0.16750175  0.50030440
   0.32208615  0.66750181  1.00030443
   0.82396308  0.83252700  0.49998589
   0.82396308  0.33252706 -0.00001411
   0.29156026  0.24771763  0.34567988
   0.29156026  0.74771763  0.84567991
   0.78905724  0.75227585  0.54979333
   0.78905724  0.25227585  0.04979333
