   0.24437239  0.24682084  0.10362588
   0.23652172  0.27321946  0.22019639
   0.24437239  0.74682084  0.60362590
   0.23652172  0.77321949  0.72019635
   0.74946961  0.75091262  0.89366114
   0.72152140  0.73034615  0.78155528
   0.74946961  0.25091262  0.39366117
   0.72152140  0.23034616  0.28155522
   0.75057186  0.75419766  0.10378801
   0.74648371  0.72964370  0.22007469
   0.75057186  0.25419769  0.60378804
   0.74648371  0.22964368  0.72007472
   0.25343791  0.24802481  0.89363384
   0.23613166  0.28139617  0.78131772
   0.25343791  0.74802484  0.39363387
   0.23613166  0.78139614  0.28131775
   0.24675529  0.24134879  0.00145640
   0.24675529  0.74134879  0.50145640
   0.75171381  0.75577737  1.00147621
   0.75171381  0.25577737  0.50147615
   0.79455834  0.75012067  0.34717881
   0.79455834  0.25012067  0.84717881
   0.79214047  0.75064112  0.65219341
   0.79214047  0.25064114  0.15219343
   0.79463716  0.75309489  0.45087639
   0.79463716  0.25309489  0.95087636
   0.29478292  0.24620420  0.54941554
   0.29323516  0.24867930  0.65267731
   0.29323516  0.74867930  0.15267731
   0.29478292  0.74620418  0.04941553
   0.29536330  0.24749905  0.45060728
   0.29536330  0.74749905  0.95060728
   0.60622847  0.55702308  0.05352504
   0.31897012  0.31973783  0.40507848
   0.52308419  0.47371016  0.13733433
   0.30697652  0.18364599  0.30229406
   0.50349216  0.49690093  0.25085087
   0.01825560  0.96143666  0.03886174
   0.10292373  0.05325580  0.14934506
   0.60622847  0.05702309  0.55352502
   0.31897012  0.81973783  0.90507848
   0.52308419  0.97371019  0.63733432
   0.30697652  0.68364596  0.80229406
   0.50349216  0.99690096  0.75085090
   0.01825560  0.46143669  0.53886173
   0.10292373  0.55325585  0.64934509
   0.10388822  0.44903069  0.94643017
   0.82528174  0.67870749  0.59661523
   0.02601279  0.52452768  0.86214680
   0.79001318  0.80763920  0.69534603
   0.00137350  0.50395429  0.74897203
   0.51859792  0.03612394  0.96213415
   0.59583533  0.95248470  0.85112485
   0.10388822  0.94903072  0.44643014
   0.82528174  0.17870749  0.09661524
   0.02601279  0.02452770  0.36214680
   0.79001318  0.30763920  0.19534603
   0.00137350  0.00395432  0.24897205
   0.51859792  0.53612397  0.46213412
   0.59583533  0.45248476  0.35112488
   0.10547004  0.44717186  0.05373074
   0.81697567  0.68303123  0.40448375
   0.02381846  0.52719440  0.13700981
   0.79096106  0.80752524  0.30374947
   0.00162073  0.50618352  0.25109459
   0.51562775  0.03554434  0.03881742
   0.60214987  0.94558095  0.14920592
   0.10547004  0.94717183  0.55373078
   0.81697567  0.18303125  0.90448378
   0.02381846  0.02719437  0.63700978
   0.79096106  0.30752527  0.80374944
   0.00162073  0.00618352  0.75109459
   0.51562775  0.53554435  0.53881740
   0.60214987  0.44558095  0.64920595
   0.60362433  0.55084905  0.94658348
   0.31825956  0.31793795  0.59621897
   0.52685353  0.47569493  0.86234153
   0.28207167  0.19092724  0.69563968
   0.50434706  0.49414123  0.74843000
   0.01890026  0.96401274  0.96206770
   0.09816385  0.04858684  0.85098017
   0.60362433  0.05084901  0.44658354
   0.31825956  0.81793795  0.09621899
   0.52685353  0.97569490  0.36234150
   0.28207167  0.69092724  0.19563964
   0.50434706  0.99414123  0.24842997
   0.01890026  0.46401277  0.46206770
   0.09816385  0.54858686  0.35098023
   0.32296890  0.16741922  0.50033472
   0.32296890  0.66741928  1.00033474
   0.82487218  0.83245481  0.50003654
   0.82487218  0.33245487  0.00003654
   0.29106973  0.24730313  0.34576352
   0.29106973  0.74730313  0.84576355
   0.78961486  0.75233587  0.54971874
   0.78961486  0.25233587  0.04971874
