   0.24621985  0.24717566  0.10419498
   0.23812561  0.27239082  0.22044445
   0.24621985  0.74717566  0.60419499
   0.23812561  0.77239085  0.72044441
   0.75208294  0.75029654  0.89334596
   0.72828245  0.72947508  0.78127864
   0.75208294  0.25029654  0.39334599
   0.72828245  0.22947509  0.28127858
   0.75195004  0.75410888  0.10440385
   0.74240461  0.72860859  0.22005941
   0.75195004  0.25410891  0.60440387
   0.74240461  0.22860857  0.72005944
   0.25574737  0.24966121  0.89322742
   0.23611643  0.28112326  0.78152444
   0.25574737  0.74966124  0.39322745
   0.23611643  0.78112323  0.28152447
   0.24317278  0.24186138  0.00192063
   0.24317278  0.74186138  0.50192063
   0.74794064  0.75595714  1.00061061
   0.74794064  0.25595714  0.50061055
   0.79669516  0.74998440  0.34684967
   0.79669516  0.24998440  0.84684967
   0.79424694  0.75024385  0.65275758
   0.79424694  0.25024387  0.15275759
   0.79235020  0.75287614  0.45033814
   0.79235020  0.25287614  0.95033811
   0.29371619  0.24677032  0.54969336
   0.29566099  0.24871773  0.65316952
   0.29566099  0.74871773  0.15316952
   0.29371619  0.74677030  0.04969335
   0.29209208  0.24752324  0.44997222
   0.29209208  0.74752324  0.94997222
   0.60486612  0.55816178  0.05429489
   0.31784083  0.31910831  0.40433655
   0.52538687  0.47362114  0.13778736
   0.29902057  0.18138144  0.30221433
   0.50395392  0.49577647  0.25118062
   0.01404120  0.95901940  0.03880261
   0.10516710  0.05311372  0.15016513
   0.60486612  0.05816178  0.55429487
   0.31784083  0.81910831  0.90433655
   0.52538687  0.97362117  0.63778735
   0.29902057  0.68138141  0.80221433
   0.50395392  0.99577650  0.75118065
   0.01404120  0.45901943  0.53880261
   0.10516710  0.55311377  0.65016516
   0.10235822  0.44769474  0.94566857
   0.82527070  0.67826194  0.59707398
   0.02722310  0.52587846  0.86222792
   0.79012556  0.80962924  0.69590158
   0.00132976  0.50322370  0.74874977
   0.51239461  0.03906283  0.96155118
   0.60247959  0.94926485  0.85019604
   0.10235822  0.94769477  0.44566854
   0.82527070  0.17826194  0.09707400
   0.02722310  0.02587848  0.36222792
   0.79012556  0.30962924  0.19590158
   0.00132976  0.00322373  0.24874979
   0.51239461  0.53906285  0.46155115
   0.60247959  0.44926491  0.35019607
   0.10640990  0.44464130  0.05389234
   0.81704239  0.68258570  0.40381980
   0.02633846  0.52645304  0.13768393
   0.79285916  0.81091506  0.30354105
   0.00126292  0.50522591  0.25117925
   0.50995882  0.03943689  0.03921954
   0.60519789  0.94443944  0.15023023
   0.10640990  0.94464127  0.55389238
   0.81704239  0.18258572  0.90381983
   0.02633846  0.02645302  0.63768390
   0.79285916  0.31091509  0.80354102
   0.00126292  0.00522591  0.75117925
   0.50995882  0.53943690  0.53921951
   0.60519789  0.44443944  0.65023025
   0.60362567  0.55382017  0.94632017
   0.31918354  0.31923738  0.59674059
   0.52860925  0.47497077  0.86210720
   0.28979158  0.18885630  0.69617234
   0.50407517  0.49417119  0.74853073
   0.01092483  0.95904073  0.96110232
   0.10470185  0.05425753  0.84991342
   0.60362567  0.05382012  0.44632023
   0.31918354  0.81923738  0.09674060
   0.52860925  0.97497074  0.36210717
   0.28979158  0.68885630  0.19617230
   0.50407517  0.99417119  0.24853070
   0.01092483  0.45904076  0.46110232
   0.10470185  0.55425755  0.34991348
   0.32010368  0.16629167  0.50024284
   0.32010368  0.66629173  1.00024287
   0.82143865  0.83419095  0.49976814
   0.82143865  0.33419101 -0.00023186
   0.29278768  0.24856773  0.34548222
   0.29278768  0.74856773  0.84548225
   0.78742580  0.75292582  0.55011241
   0.78742580  0.25292582  0.05011241
