   0.24419285  0.24695598  0.10345825
   0.23413293  0.27416733  0.21992292
   0.24419285  0.74695598  0.60345827
   0.23413293  0.77416736  0.71992288
   0.74917735  0.75163768  0.89372060
   0.71867986  0.73038011  0.78145545
   0.74917735  0.25163768  0.39372063
   0.71867986  0.23038012  0.28145539
   0.75010331  0.75491535  0.10363898
   0.74584026  0.73002399  0.21993141
   0.75010331  0.25491538  0.60363900
   0.74584026  0.23002398  0.71993144
   0.25263830  0.24616294  0.89368053
   0.23490728  0.28167129  0.78108980
   0.25263830  0.74616297  0.39368056
   0.23490728  0.78167126  0.28108983
   0.24894314  0.24074259  0.00145979
   0.24894314  0.74074259  0.50145979
   0.75389055  0.75625112  1.00157805
   0.75389055  0.25625112  0.50157799
   0.79312739  0.75055965  0.34724844
   0.79312739  0.25055965  0.84724844
   0.79119896  0.75091154  0.65193190
   0.79119896  0.25091156  0.15193192
   0.79676016  0.75329822  0.45110440
   0.79676016  0.25329822  0.95110437
   0.29613537  0.24597916  0.54937474
   0.29195387  0.24871938  0.65243531
   0.29195387  0.74871938  0.15243531
   0.29613537  0.74597915  0.04937473
   0.29755951  0.24686270  0.45084690
   0.29755951  0.74686270  0.95084690
   0.60734593  0.55680134  0.05355299
   0.31967322  0.31936124  0.40541194
   0.52239200  0.47406656  0.13719060
   0.30791937  0.18348151  0.30239510
   0.50204855  0.49704314  0.25062371
   0.02038905  0.96190207  0.03887452
   0.10111709  0.05259641  0.14904440
   0.60734593  0.05680135  0.55355296
   0.31967322  0.81936124  0.90541194
   0.52239200  0.97406659  0.63719059
   0.30791937  0.68348148  0.80239510
   0.50204855  0.99704317  0.75062374
   0.02038905  0.46190210  0.53887451
   0.10111709  0.55259646  0.64904443
   0.10687390  0.44800876  0.94664359
   0.82498445  0.67891340  0.59648036
   0.02574172  0.52312112  0.86219267
   0.79107681  0.80869120  0.69508048
  -0.00001776  0.50451417  0.74889443
   0.52147819  0.03546273  0.96239654
   0.59158422  0.95506390  0.85159882
   0.10687390  0.94800879  0.44664356
   0.82498445  0.17891340  0.09648038
   0.02574172  0.02312114  0.36219267
   0.79107681  0.30869120  0.19508048
  -0.00001776  0.00451420  0.24889444
   0.52147819  0.53546276  0.46239651
   0.59158422  0.45506396  0.35159885
   0.10646300  0.44752099  0.05375672
   0.81809261  0.68305020  0.40480907
   0.02334574  0.52685483  0.13669323
   0.78947468  0.80754012  0.30384581
   0.00041203  0.50698488  0.25092379
   0.51785090  0.03479429  0.03877125
   0.60042102  0.94645292  0.14906141
   0.10646300  0.94752096  0.55375676
   0.81809261  0.18305021  0.90480909
   0.02334574  0.02685480  0.63669320
   0.78947468  0.30754015  0.80384578
   0.00041203  0.00698488  0.75092379
   0.51785090  0.53479429  0.53877123
   0.60042102  0.44645292  0.64906144
   0.60650937  0.55131766  0.94674709
   0.31873953  0.31792667  0.59611186
   0.52659222  0.47661958  0.86251657
   0.27852740  0.19050435  0.69536681
   0.50296351  0.49417393  0.74830695
   0.02187062  0.96434987  0.96236935
   0.09394979  0.04522890  0.85136544
   0.60650937  0.05131762  0.44674715
   0.31873953  0.81792667  0.09611187
   0.52659222  0.97661955  0.36251654
   0.27852740  0.69050435  0.19536677
   0.50296351  0.99417393  0.24830692
   0.02187062  0.46434990  0.46236935
   0.09394979  0.54522892  0.35136550
   0.32504796  0.16703449  0.50042826
   0.32504796  0.66703455  1.00042829
   0.82691204  0.83250954  0.50015071
   0.82691204  0.33250960  0.00015071
   0.28999628  0.24627401  0.34587786
   0.28999628  0.74627401  0.84587789
   0.79098314  0.75259602  0.54964012
   0.79098314  0.25259602  0.04964012
