   0.24420262  0.24696074  0.10345342
   0.23402350  0.27419914  0.21991101
   0.24420262  0.74696074  0.60345343
   0.23402350  0.77419917  0.71991096
   0.74917271  0.75166738  0.89372210
   0.71857973  0.73038071  0.78144970
   0.74917271  0.25166738  0.39372213
   0.71857973  0.23038072  0.28144964
   0.75010731  0.75493664  0.10363485
   0.74577354  0.73002949  0.21992256
   0.75010731  0.25493667  0.60363488
   0.74577354  0.23002948  0.71992259
   0.25262565  0.24609803  0.89368095
   0.23483847  0.28168811  0.78108251
   0.25262565  0.74609806  0.39368098
   0.23483847  0.78168808  0.28108254
   0.24901629  0.24073184  0.00146239
   0.24901629  0.74073184  0.50146239
   0.75396560  0.75625893  1.00158171
   0.75396560  0.25625893  0.50158165
   0.79308378  0.75057917  0.34725032
   0.79308378  0.25057917  0.84725032
   0.79118534  0.75091451  0.65192153
   0.79118534  0.25091453  0.15192154
   0.79682941  0.75330617  0.45111220
   0.79682941  0.25330617  0.95111217
   0.29617862  0.24597282  0.54937515
   0.29193290  0.24872743  0.65242540
   0.29193290  0.74872743  0.15242540
   0.29617862  0.74597281  0.04937514
   0.29762739  0.24683587  0.45085566
   0.29762739  0.74683587  0.95085566
   0.60740244  0.55678878  0.05355562
   0.31969888  0.31934298  0.40541561
   0.52238503  0.47407649  0.13718978
   0.30790349  0.18347738  0.30239405
   0.50199259  0.49704512  0.25061712
   0.02042999  0.96193112  0.03887552
   0.10108649  0.05257664  0.14904098
   0.60740244  0.05678878  0.55355559
   0.31969888  0.81934298  0.90541561
   0.52238503  0.97407652  0.63718977
   0.30790349  0.68347735  0.80239405
   0.50199259  0.99704515  0.75061715
   0.02042999  0.46193115  0.53887552
   0.10108649  0.55257670  0.64904101
   0.10699691  0.44794450  0.94664838
   0.82498677  0.67892061  0.59647982
   0.02575109  0.52308301  0.86219191
   0.79110496  0.80872848  0.69508141
  -0.00007710  0.50452649  0.74889092
   0.52155028  0.03545113  0.96240259
   0.59143705  0.95514524  0.85161087
   0.10699691  0.94794453  0.44664835
   0.82498677  0.17892061  0.09647984
   0.02575109  0.02308303  0.36219191
   0.79110496  0.30872848  0.19508141
  -0.00007710  0.00452652  0.24889093
   0.52155028  0.53545115  0.46240256
   0.59143705  0.45514530  0.35161090
   0.10648561  0.44750526  0.05375859
   0.81812418  0.68305176  0.40481330
   0.02334894  0.52685136  0.13668880
   0.78942996  0.80754008  0.30384224
   0.00035635  0.50700639  0.25091790
   0.51792188  0.03479050  0.03877160
   0.60038706  0.94647139  0.14906165
   0.10648561  0.94750523  0.55375863
   0.81812418  0.18305177  0.90481333
   0.02334894  0.02685133  0.63668877
   0.78942996  0.30754011  0.80384221
   0.00035635  0.00700640  0.75091790
   0.51792188  0.53479051  0.53877157
   0.60038706  0.44647139  0.64906168
   0.60662476  0.55136339  0.94675122
   0.31876107  0.31793332  0.59611549
   0.52658252  0.47665860  0.86251792
   0.27844508  0.19049427  0.69536760
   0.50290734  0.49417482  0.74830292
   0.02194144  0.96434229  0.96237571
   0.09382498  0.04510587  0.85137524
   0.60662476  0.05136335  0.44675128
   0.31876107  0.81793332  0.09611551
   0.52658252  0.97665857  0.36251789
   0.27844508  0.69049427  0.19536756
   0.50290734  0.99417482  0.24830289
   0.02194144  0.46434232  0.46237571
   0.09382498  0.54510590  0.35137530
   0.32511409  0.16701826  0.50042907
   0.32511409  0.66701832  1.00042910
   0.82697708  0.83251306  0.50015461
   0.82697708  0.33251312  0.00015461
   0.28997377  0.24625592  0.34587963
   0.28997377  0.74625592  0.84587966
   0.79100183  0.75259835  0.54964039
   0.79100183  0.25259835  0.04964039
