   0.24442994  0.24680430  0.10363870
   0.23664166  0.27314775  0.22020401
   0.24442994  0.74680430  0.60363871
   0.23664166  0.77314778  0.72020397
   0.74951366  0.75090748  0.89365295
   0.72173641  0.73036038  0.78155992
   0.74951366  0.25090748  0.39365298
   0.72173641  0.23036040  0.28155986
   0.75063124  0.75415929  0.10380109
   0.74646250  0.72961751  0.22007334
   0.75063124  0.25415932  0.60380111
   0.74646250  0.22961749  0.72007337
   0.25352259  0.24810561  0.89362431
   0.23616282  0.28137259  0.78133574
   0.25352259  0.74810564  0.39362434
   0.23616282  0.78137256  0.28133577
   0.24662638  0.24136761  0.00146439
   0.24662638  0.74136761  0.50146439
   0.75161592  0.75576498  1.00146802
   0.75161592  0.25576498  0.50146796
   0.79466822  0.75009552  0.34716026
   0.79466822  0.25009552  0.84716026
   0.79220094  0.75063344  0.65223002
   0.79220094  0.25063346  0.15223004
   0.79453124  0.75305713  0.45084182
   0.79453124  0.25305713  0.95084179
   0.29470360  0.24623985  0.54944003
   0.29332217  0.24867515  0.65270719
   0.29332217  0.74867515  0.15270719
   0.29470360  0.74623984  0.04944002
   0.29524468  0.24756404  0.45056379
   0.29524468  0.74756404  0.95056379
   0.60610788  0.55711001  0.05352844
   0.31891323  0.31970580  0.40507135
   0.52316367  0.47367531  0.13734916
   0.30679469  0.18364664  0.30228367
   0.50353424  0.49688565  0.25086812
   0.01813898  0.96136126  0.03886134
   0.10305697  0.05328506  0.14937058
   0.60610788  0.05711001  0.55352842
   0.31891323  0.81970580  0.90507135
   0.52316367  0.97367534  0.63734914
   0.30679469  0.68364661  0.80228367
   0.50353424  0.99688567  0.75086815
   0.01813898  0.46136129  0.53886133
   0.10305697  0.55328512  0.64937061
   0.10373594  0.44902882  0.94641841
   0.82530263  0.67870151  0.59663251
   0.02605261  0.52460346  0.86213884
   0.78994653  0.80757454  0.69535286
   0.00141448  0.50390909  0.74897572
   0.51837096  0.03618960  0.96211460
   0.59612634  0.95234791  0.85108902
   0.10373594  0.94902885  0.44641838
   0.82530263  0.17870151  0.09663253
   0.02605261  0.02460348  0.36213884
   0.78994653  0.30757454  0.19535286
   0.00141448  0.00390912  0.24897573
   0.51837096  0.53618962  0.46211457
   0.59612634  0.45234797  0.35108905
   0.10546804  0.44716970  0.05372896
   0.81688633  0.68306805  0.40447267
   0.02387363  0.52722022  0.13703657
   0.79106092  0.80752141  0.30375089
   0.00164522  0.50613503  0.25110811
   0.51540988  0.03557635  0.03882459
   0.60229250  0.94553808  0.14922407
   0.10546804  0.94716967  0.55372900
   0.81688633  0.18306806  0.90447269
   0.02387363  0.02722020  0.63703654
   0.79106092  0.30752144  0.80375086
   0.00164522  0.00613503  0.75110811
   0.51540988  0.53557636  0.53882456
   0.60229250  0.44553808  0.64922410
   0.60349271  0.55087233  0.94657798
   0.31823204  0.31791813  0.59621988
   0.52689698  0.47564052  0.86232133
   0.28234789  0.19095808  0.69565190
   0.50438469  0.49414696  0.74843795
   0.01865099  0.96394036  0.96204285
   0.09842924  0.04881856  0.85094887
   0.60349271  0.05087229  0.44657804
   0.31823204  0.81791813  0.09621990
   0.52689698  0.97564049  0.36232130
   0.28234789  0.69095808  0.19565185
   0.50438469  0.99414696  0.24843792
   0.01865099  0.46394039  0.46204285
   0.09842924  0.54881859  0.35094892
   0.32282678  0.16744882  0.50032829
   0.32282678  0.66744888  1.00032832
   0.82473188  0.83245317  0.50002216
   0.82473188  0.33245323  0.00002216
   0.29113451  0.24736451  0.34574977
   0.29113451  0.74736451  0.84574980
   0.78956231  0.75231226  0.54973287
   0.78956231  0.25231226  0.04973287
