   0.24415176  0.24692833  0.10347786
   0.23457376  0.27403856  0.21996862
   0.24415176  0.74692833  0.60347787
   0.23457376  0.77403859  0.71996858
   0.74918973  0.75150273  0.89371957
   0.71909596  0.73034525  0.78147970
   0.74918973  0.25150273  0.39371960
   0.71909596  0.23034527  0.28147964
   0.75010405  0.75482467  0.10365583
   0.74609876  0.72997051  0.21996089
   0.75010405  0.25482470  0.60365585
   0.74609876  0.22997050  0.71996092
   0.25268722  0.24644786  0.89368287
   0.23518648  0.28163784  0.78112356
   0.25268722  0.74644788  0.39368290
   0.23518648  0.78163781  0.28112359
   0.24859439  0.24082033  0.00145670
   0.24859439  0.74082033  0.50145670
   0.75355324  0.75619154  1.00156852
   0.75355324  0.25619154  0.50156846
   0.79333388  0.75049243  0.34724472
   0.79333388  0.25049243  0.84724472
   0.79129787  0.75087127  0.65195891
   0.79129787  0.25087128  0.15195892
   0.79642267  0.75327917  0.45107607
   0.79642267  0.25327917  0.95107604
   0.29590770  0.24599042  0.54937616
   0.29209862  0.24871689  0.65245342
   0.29209862  0.74871689  0.15245342
   0.29590770  0.74599040  0.04937615
   0.29721856  0.24696661  0.45081516
   0.29721856  0.74696661  0.95081516
   0.60715817  0.55683022  0.05353921
   0.31957115  0.31946194  0.40536868
   0.52245051  0.47400811  0.13720576
   0.30796370  0.18349111  0.30239211
   0.50234050  0.49702878  0.25065609
   0.02009300  0.96185438  0.03886520
   0.10132061  0.05267753  0.14907547
   0.60715817  0.05683023  0.55353918
   0.31957115  0.81946194  0.90536868
   0.52245051  0.97400814  0.63720574
   0.30796370  0.68349108  0.80239211
   0.50234050  0.99702881  0.75065612
   0.02009300  0.46185441  0.53886519
   0.10132061  0.55267759  0.64907550
   0.10633739  0.44825410  0.94661241
   0.82499810  0.67886898  0.59648929
   0.02575900  0.52334531  0.86218992
   0.79093312  0.80853857  0.69511545
   0.00028276  0.50443823  0.74891173
   0.52110536  0.03550537  0.96236365
   0.59224724  0.95466780  0.85153687
   0.10633739  0.94825413  0.44661238
   0.82499810  0.17886898  0.09648931
   0.02575900  0.02334533  0.36218992
   0.79093312  0.30853857  0.19511545
   0.00028276  0.00443826  0.24891175
   0.52110536  0.53550539  0.46236362
   0.59224724  0.45466786  0.35153690
   0.10628660  0.44748428  0.05374692
   0.81795766  0.68301375  0.40476719
   0.02336853  0.52689938  0.13672952
   0.78967637  0.80754375  0.30384170
   0.00069008  0.50687710  0.25094948
   0.51753970  0.03485439  0.03876651
   0.60061876  0.94634470  0.14907094
   0.10628660  0.94748425  0.55374696
   0.81795766  0.18301376  0.90476722
   0.02336853  0.02689935  0.63672949
   0.78967637  0.30754378  0.80384167
   0.00069008  0.00687711  0.75094948
   0.51753970  0.53485440  0.53876648
   0.60061876  0.44634470  0.64907097
   0.60598464  0.55116875  0.94671981
   0.31865708  0.31792988  0.59611479
   0.52662299  0.47644750  0.86250317
   0.27891889  0.19055321  0.69540864
   0.50324998  0.49416704  0.74832813
   0.02150169  0.96438963  0.96233449
   0.09457208  0.04573738  0.85131561
   0.60598464  0.05116871  0.44671987
   0.31865708  0.81792988  0.09611481
   0.52662299  0.97644747  0.36250314
   0.27891889  0.69055321  0.19540860
   0.50324998  0.99416704  0.24832810
   0.02150169  0.46438966  0.46233449
   0.09457208  0.54573740  0.35131567
   0.32474456  0.16708733  0.50041187
   0.32474456  0.66708739  1.00041190
   0.82661274  0.83250685  0.50013283
   0.82661274  0.33250691  0.00013283
   0.29019625  0.24645013  0.34587221
   0.29019625  0.74645013  0.84587224
   0.79072581  0.75254995  0.54964570
   0.79072581  0.25254995  0.04964570
