   0.24419977  0.24688056  0.10353056
   0.23557880  0.27368132  0.22006694
   0.24419977  0.74688056  0.60353058
   0.23557880  0.77368135  0.72006689
   0.74927365  0.75121383  0.89370942
   0.72017596  0.73032233  0.78153440
   0.74927365  0.25121383  0.39370945
   0.72017596  0.23032235  0.28153434
   0.75025813  0.75454762  0.10370034
   0.74650268  0.72983655  0.22001241
   0.75025813  0.25454765  0.60370036
   0.74650268  0.22983654  0.72001244
   0.25293275  0.24716165  0.89368023
   0.23573367  0.28150636  0.78121602
   0.25293275  0.74716168  0.39368026
   0.23573367  0.78150633  0.28121605
   0.24777517  0.24103114  0.00145074
   0.24777517  0.74103114  0.50145074
   0.75274827  0.75602919  1.00153812
   0.75274827  0.25602919  0.50153806
   0.79385018  0.75032362  0.34722512
   0.79385018  0.25032362  0.84722512
   0.79160462  0.75078542  0.65205652
   0.79160462  0.25078544  0.15205653
   0.79562442  0.75320234  0.45099659
   0.79562442  0.25320234  0.95099656
   0.29538030  0.24606188  0.54938608
   0.29253131  0.24868723  0.65254315
   0.29253131  0.74868723  0.15254315
   0.29538030  0.74606186  0.04938607
   0.29640445  0.24723406  0.45072972
   0.29640445  0.74723406  0.95072972
   0.60668364  0.55691179  0.05351698
   0.31928513  0.31965061  0.40524015
   0.52268045  0.47384351  0.13725596
   0.30775725  0.18358805  0.30235819
   0.50299370  0.49698252  0.25074938
   0.01924001  0.96169978  0.03885427
   0.10201399  0.05296302  0.14918546
   0.60668364  0.05691180  0.55351696
   0.31928513  0.81965061  0.90524015
   0.52268045  0.97384354  0.63725595
   0.30775725  0.68358802  0.80235819
   0.50299370  0.99698255  0.75074941
   0.01924001  0.46169981  0.53885427
   0.10201399  0.55296307  0.64918549
   0.10504475  0.44874619  0.94652941
   0.82507693  0.67878177  0.59653652
   0.02584832  0.52395559  0.86217253
   0.79048807  0.80806010  0.69521222
   0.00092792  0.50421183  0.74895025
   0.52000452  0.03570482  0.96226611
   0.59392770  0.95359940  0.85135364
   0.10504475  0.94874622  0.44652938
   0.82507693  0.17878177  0.09653653
   0.02584832  0.02395561  0.36217253
   0.79048807  0.30806010  0.19521222
   0.00092792  0.00421186  0.24895026
   0.52000452  0.53570485  0.46226608
   0.59392770  0.45359946  0.35135367
   0.10583784  0.44735061  0.05373180
   0.81752590  0.68298947  0.40464163
   0.02349820  0.52704872  0.13684622
   0.79025542  0.80749457  0.30381503
   0.00126964  0.50656594  0.25102198
   0.51666838  0.03510552  0.03877245
   0.60128234  0.94599791  0.14911689
   0.10583784  0.94735058  0.55373184
   0.81752590  0.18298948  0.90464166
   0.02349820  0.02704869  0.63684619
   0.79025542  0.30749460  0.80381500
   0.00126964  0.00656595  0.75102198
   0.51666838  0.53510553  0.53877243
   0.60128234  0.44599791  0.64911692
   0.60472483  0.55091379  0.94665189
   0.31844378  0.31792133  0.59615030
   0.52667814  0.47606566  0.86244120
   0.28024631  0.19076051  0.69550567
   0.50388491  0.49415590  0.74838122
   0.02038532  0.96437050  0.96222572
   0.09625961  0.04706780  0.85116887
   0.60472483  0.05091375  0.44665195
   0.31844378  0.81792133  0.09615031
   0.52667814  0.97606563  0.36244117
   0.28024631  0.69076051  0.19550562
   0.50388491  0.99415590  0.24838119
   0.02038532  0.46437053  0.46222572
   0.09625961  0.54706782  0.35116893
   0.32390016  0.16725050  0.50037098
   0.32390016  0.66725056  1.00037101
   0.82578135  0.83247421  0.50008689
   0.82578135  0.33247427  0.00008689
   0.29056137  0.24681701  0.34584724
   0.29056137  0.74681701  0.84584727
   0.79024970  0.75244581  0.54966655
   0.79024970  0.25244581  0.04966655
