   0.24442240  0.24680976  0.10364781
   0.23669751  0.27312798  0.22021965
   0.24442240  0.74680976  0.60364783
   0.23669751  0.77312801  0.72021960
   0.74953257  0.75085877  0.89364902
   0.72184550  0.73035111  0.78155512
   0.74953257  0.25085877  0.39364905
   0.72184550  0.23035113  0.28155506
   0.75065371  0.75412314  0.10380935
   0.74641300  0.72958233  0.22008128
   0.75065371  0.25412317  0.60380937
   0.74641300  0.22958232  0.72008131
   0.25358196  0.24821036  0.89362058
   0.23618466  0.28139709  0.78134215
   0.25358196  0.74821038  0.39362061
   0.23618466  0.78139706  0.28134218
   0.24652647  0.24142211  0.00146537
   0.24652647  0.74142211  0.50146537
   0.75149185  0.75572116  1.00145807
   0.75149185  0.25572116  0.50145801
   0.79470734  0.75008344  0.34717023
   0.79470734  0.25008344  0.84717023
   0.79225308  0.75061480  0.65221564
   0.79225308  0.25061482  0.15221565
   0.79445122  0.75306242  0.45085330
   0.79445122  0.25306242  0.95085327
   0.29468765  0.24624564  0.54942616
   0.29338345  0.24867686  0.65269863
   0.29338345  0.74867686  0.15269863
   0.29468765  0.74624562  0.04942615
   0.29515571  0.24755132  0.45058279
   0.29515571  0.74755132  0.95058279
   0.60613433  0.55707312  0.05353577
   0.31889781  0.31973839  0.40503465
   0.52319598  0.47368062  0.13735632
   0.30671125  0.18362444  0.30227480
   0.50357687  0.49687182  0.25087593
   0.01801928  0.96136635  0.03886382
   0.10312359  0.05329983  0.14938888
   0.60613433  0.05707313  0.55353575
   0.31889781  0.81973839  0.90503465
   0.52319598  0.97368065  0.63735630
   0.30671125  0.68362441  0.80227480
   0.50357687  0.99687185  0.75087596
   0.01801928  0.46136638  0.53886382
   0.10312359  0.55329988  0.64938891
   0.10368185  0.44902009  0.94640356
   0.82533140  0.67868781  0.59663926
   0.02606914  0.52465590  0.86213675
   0.78991644  0.80758852  0.69538498
   0.00144079  0.50389359  0.74897361
   0.51824950  0.03624058  0.96210355
   0.59626880  0.95225815  0.85106578
   0.10368185  0.94902012  0.44640353
   0.82533140  0.17868781  0.09663928
   0.02606914  0.02465592  0.36213675
   0.78991644  0.30758852  0.19538498
   0.00144079  0.00389362  0.24897362
   0.51824950  0.53624061  0.46210352
   0.59626880  0.45225821  0.35106581
   0.10541892  0.44710178  0.05373395
   0.81684695  0.68304209  0.40443914
   0.02391213  0.52722378  0.13705131
   0.79111870  0.80754898  0.30373365
   0.00166225  0.50608712  0.25111316
   0.51536389  0.03566822  0.03883201
   0.60234941  0.94549989  0.14923657
   0.10541892  0.94710175  0.55373400
   0.81684695  0.18304210  0.90443917
   0.02391213  0.02722375  0.63705128
   0.79111870  0.30754901  0.80373362
   0.00166225  0.00608712  0.75111316
   0.51536389  0.53566823  0.53883199
   0.60234941  0.44549989  0.64923660
   0.60344258  0.55090308  0.94656720
   0.31822448  0.31795230  0.59624133
   0.52691312  0.47561091  0.86231079
   0.28249268  0.19093745  0.69568030
   0.50441906  0.49414656  0.74843929
   0.01851453  0.96388170  0.96202882
   0.09860016  0.04893133  0.85092892
   0.60344258  0.05090304  0.44656726
   0.31822448  0.81795230  0.09624135
   0.52691312  0.97561088  0.36231076
   0.28249268  0.69093745  0.19568025
   0.50441906  0.99414656  0.24843926
   0.01851453  0.46388173  0.46202882
   0.09860016  0.54893135  0.35092898
   0.32276888  0.16743894  0.50032726
   0.32276888  0.66743900  1.00032729
   0.82467388  0.83247120  0.50002445
   0.82467388  0.33247126  0.00002445
   0.29118909  0.24740429  0.34574393
   0.29118909  0.74740429  0.84574396
   0.78948385  0.75231272  0.54973503
   0.78948385  0.25231272  0.04973502
