   0.24453424  0.24678520  0.10369491
   0.23699070  0.27294175  0.22026784
   0.24453424  0.74678520  0.60369492
   0.23699070  0.77294178  0.72026779
   0.74969754  0.75077832  0.89362000
   0.72247234  0.73037872  0.78154301
   0.74969754  0.25077832  0.39362003
   0.72247234  0.23037874  0.28154295
   0.75081736  0.75400860  0.10385769
   0.74621763  0.72948847  0.22009806
   0.75081736  0.25400862  0.60385771
   0.74621763  0.22948845  0.72009809
   0.25387298  0.24851933  0.89358777
   0.23626015  0.28139760  0.78138122
   0.25387298  0.74851936  0.39358780
   0.23626015  0.78139757  0.28138125
   0.24611938  0.24155629  0.00148850
   0.24611938  0.74155629  0.50148850
   0.75110696  0.75562183  1.00141494
   0.75110696  0.25562183  0.50141488
   0.79501782  0.75000278  0.34715523
   0.79501782  0.25000278  0.84715523
   0.79248665  0.75053430  0.65225852
   0.79248665  0.25053431  0.15225854
   0.79411803  0.75299463  0.45079804
   0.79411803  0.25299463  0.95079801
   0.29448888  0.24632840  0.54945120
   0.29368983  0.24870516  0.65273833
   0.29368983  0.74870516  0.15273833
   0.29448888  0.74632839  0.04945119
   0.29477553  0.24763942  0.45052343
   0.29477553  0.74763942  0.95052343
   0.60596443  0.55716038  0.05356227
   0.31874073  0.31969632  0.40496083
   0.52341395  0.47364546  0.13739906
   0.30609532  0.18353602  0.30223839
   0.50370694  0.49680550  0.25091817
   0.01757885  0.96120279  0.03887026
   0.10349498  0.05339234  0.14947044
   0.60596443  0.05716039  0.55356225
   0.31874073  0.81969632  0.90496083
   0.52341395  0.97364549  0.63739905
   0.30609532  0.68353599  0.80223839
   0.50370694  0.99680553  0.75091820
   0.01757885  0.46120282  0.53887026
   0.10349498  0.55339240  0.64947047
   0.10333408  0.44900572  0.94635408
   0.82542034  0.67867127  0.59668433
   0.02619040  0.52487085  0.86212503
   0.78977054  0.80754918  0.69545940
   0.00152232  0.50377603  0.74897239
   0.51758207  0.03650002  0.96204037
   0.59707157  0.95182202  0.85096053
   0.10333408  0.94900575  0.44635405
   0.82542034  0.17867127  0.09668434
   0.02619040  0.02487087  0.36212503
   0.78977054  0.30754918  0.19545940
   0.00152232  0.00377606  0.24897240
   0.51758207  0.53650004  0.46204034
   0.59707157  0.45182208  0.35096056
   0.10534646  0.44698067  0.05373957
   0.81660241  0.68308176  0.40436691
   0.02410467  0.52724776  0.13713029
   0.79139848  0.80766420  0.30369222
   0.00169134  0.50591204  0.25114092
   0.51485062  0.03594891  0.03886567
   0.60273455  0.94532852  0.14929849
   0.10534646  0.94698064  0.55373961
   0.81660241  0.18308178  0.90436694
   0.02410467  0.02724774  0.63713026
   0.79139848  0.30766423  0.80369219
   0.00169134  0.00591205  0.75114092
   0.51485062  0.53594892  0.53886564
   0.60273455  0.44532852  0.64929852
   0.60315509  0.55100138  0.94654152
   0.31816722  0.31798057  0.59628069
   0.52703747  0.47549647  0.86225793
   0.28335164  0.19090629  0.69576242
   0.50451551  0.49414802  0.74845547
   0.01775954  0.96355222  0.96194615
   0.09942387  0.04958546  0.85083405
   0.60315509  0.05100134  0.44654158
   0.31816722  0.81798057  0.09628070
   0.52703747  0.97549644  0.36225790
   0.28335164  0.69090629  0.19576238
   0.50451551  0.99414802  0.24845544
   0.01775954  0.46355225  0.46194615
   0.09942387  0.54958548  0.35083411
   0.32238590  0.16748327  0.50031462
   0.32238590  0.66748333  1.00031464
   0.82427770  0.83249507  0.50000112
   0.82427770  0.33249513  0.00000112
   0.29138823  0.24758709  0.34570923
   0.29138823  0.74758709  0.84570926
   0.78925645  0.75228539  0.54976841
   0.78925645  0.25228539  0.04976841
