   0.24491849  0.24680259  0.10383461
   0.23755103  0.27259081  0.22036235
   0.24491849  0.74680259  0.60383462
   0.23755103  0.77259084  0.72036230
   0.75029527  0.75057938  0.89352977
   0.72422626  0.73034531  0.78148444
   0.75029527  0.25057938  0.39352980
   0.72422626  0.23034532  0.28148438
   0.75126567  0.75380178  0.10400618
   0.74538700  0.72918307  0.22011377
   0.75126567  0.25380181  0.60400620
   0.74538700  0.22918306  0.72011380
   0.25472577  0.24918426  0.89348243
   0.23632502  0.28144044  0.78146990
   0.25472577  0.74918429  0.39348246
   0.23632502  0.78144041  0.28146993
   0.24509192  0.24186736  0.00158609
   0.24509192  0.74186736  0.50158609
   0.75012437  0.75545112  1.00123879
   0.75012437  0.25545112  0.50123873
   0.79577393  0.74992819  0.34705214
   0.79577393  0.24992819  0.84705214
   0.79310564  0.75044928  0.65244961
   0.79310564  0.25044929  0.15244963
   0.79336602  0.75285344  0.45063936
   0.79336602  0.25285344  0.95063933
   0.29410220  0.24654622  0.54952290
   0.29445121  0.24865038  0.65292367
   0.29445121  0.74865038  0.15292367
   0.29410220  0.74654621  0.04952288
   0.29383950  0.24775596  0.45034902
   0.29383950  0.74775596  0.95034902
   0.60557892  0.55744391  0.05369077
   0.31831940  0.31949136  0.40476754
   0.52405395  0.47360080  0.13751467
   0.30409430  0.18307722  0.30217676
   0.50389272  0.49657123  0.25101826
   0.01644054  0.96071719  0.03888215
   0.10429422  0.05345382  0.14968342
   0.60557892  0.05744391  0.55369075
   0.31831940  0.81949136  0.90476754
   0.52405395  0.97360083  0.63751465
   0.30409430  0.68307719  0.80217676
   0.50389272  0.99657126  0.75101829
   0.01644054  0.46071722  0.53888214
   0.10429422  0.55345388  0.64968345
   0.10268162  0.44876309  0.94620401
   0.82558867  0.67863068  0.59681475
   0.02657964  0.52532011  0.86211694
   0.78962185  0.80770963  0.69558184
   0.00154194  0.50352565  0.74894500
   0.51583569  0.03723032  0.96187581
   0.59900425  0.95085587  0.85070068
   0.10268162  0.94876312  0.44620398
   0.82558867  0.17863068  0.09681476
   0.02657964  0.02532014  0.36211694
   0.78962185  0.30770963  0.19558184
   0.00154194  0.00352568  0.24894502
   0.51583569  0.53723034  0.46187578
   0.59900425  0.45085593  0.35070071
   0.10533787  0.44651913  0.05376735
   0.81614671  0.68315025  0.40418000
   0.02473141  0.52718278  0.13732321
   0.79199083  0.80821100  0.30363658
   0.00160971  0.50551165  0.25119585
   0.51345820  0.03681235  0.03897157
   0.60366949  0.94496518  0.14950586
   0.10533787  0.94651910  0.55376739
   0.81614671  0.18315027  0.90418003
   0.02473141  0.02718275  0.63732318
   0.79199083  0.30821103  0.80363655
   0.00160971  0.00551165  0.75119585
   0.51345820  0.53681236  0.53897154
   0.60366949  0.44496518  0.64950589
   0.60275259  0.55151747  0.94648048
   0.31814257  0.31815540  0.59640196
   0.52747164  0.47528775  0.86214551
   0.28553896  0.19066025  0.69590182
   0.50456581  0.49415081  0.74848895
   0.01566904  0.96243736  0.96171116
   0.10142646  0.05118425  0.85057366
   0.60275259  0.05151742  0.44648054
   0.31814257  0.81815540  0.09640197
   0.52747164  0.97528772  0.36214548
   0.28553896  0.69066025  0.19590178
   0.50456581  0.99415081  0.24848892
   0.01566904  0.46243739  0.46171116
   0.10142646  0.55118427  0.35057372
   0.32151881  0.16747169  0.50029100
   0.32151881  0.66747175  1.00029103
   0.82332342  0.83268423  0.49994112
   0.82332342  0.33268429 -0.00005888
   0.29191050  0.24796162  0.34559961
   0.29191050  0.74796162  0.84559964
   0.78865868  0.75231619  0.54986662
   0.78865868  0.25231619  0.04986662
