   0.24420044  0.24696480  0.10344953
   0.23378824  0.27425274  0.21989642
   0.24420044  0.74696480  0.60344955
   0.23378824  0.77425277  0.71989637
   0.74915111  0.75175183  0.89371588
   0.71835168  0.73039508  0.78142949
   0.74915111  0.25175183  0.39371591
   0.71835168  0.23039510  0.28142943
   0.75008274  0.75498833  0.10363172
   0.74561582  0.73006119  0.21991512
   0.75008274  0.25498836  0.60363174
   0.74561582  0.23006117  0.71991515
   0.25259135  0.24595194  0.89367298
   0.23467858  0.28172098  0.78105915
   0.25259135  0.74595197  0.39367301
   0.23467858  0.78172095  0.28105918
   0.24916434  0.24069429  0.00146488
   0.24916434  0.74069429  0.50146488
   0.75409887  0.75628469  1.00158769
   0.75409887  0.25628469  0.50158763
   0.79298473  0.75059804  0.34725419
   0.79298473  0.25059804  0.84725419
   0.79115233  0.75090035  0.65189246
   0.79115233  0.25090037  0.15189248
   0.79698698  0.75331897  0.45112724
   0.79698698  0.25331897  0.95112721
   0.29630235  0.24597373  0.54937683
   0.29188892  0.24876775  0.65239484
   0.29188892  0.74876775  0.15239484
   0.29630235  0.74597371  0.04937681
   0.29778816  0.24678534  0.45087168
   0.29778816  0.74678534  0.95087168
   0.60747526  0.55679580  0.05356451
   0.31975814  0.31928510  0.40544338
   0.52237885  0.47410463  0.13718611
   0.30787046  0.18346848  0.30239374
   0.50181779  0.49704845  0.25059758
   0.02062594  0.96192274  0.03888195
   0.10099530  0.05253719  0.14902759
   0.60747526  0.05679580  0.55356449
   0.31975814  0.81928510  0.90544338
   0.52237885  0.97410466  0.63718609
   0.30787046  0.68346845  0.80239374
   0.50181779  0.99704847  0.75059761
   0.02062594  0.46192277  0.53888194
   0.10099530  0.55253724  0.64902762
   0.10729857  0.44780691  0.94666480
   0.82500725  0.67892917  0.59647606
   0.02573376  0.52292401  0.86219121
   0.79118214  0.80882824  0.69507448
  -0.00025716  0.50456747  0.74887969
   0.52174540  0.03544308  0.96241758
   0.59110336  0.95540579  0.85164401
   0.10729857  0.94780694  0.44666477
   0.82500725  0.17892917  0.09647608
   0.02573376  0.02292403  0.36219121
   0.79118214  0.30882824  0.19507448
  -0.00025716  0.00456750  0.24887970
   0.52174540  0.53544311  0.46241755
   0.59110336  0.45540585  0.35164404
   0.10661476  0.44756203  0.05376512
   0.81819780  0.68308111  0.40483830
   0.02335514  0.52682362  0.13667358
   0.78933227  0.80753495  0.30384515
   0.00018939  0.50706655  0.25090078
   0.51806822  0.03473193  0.03877577
   0.60030694  0.94653264  0.14905945
   0.10661476  0.94756200  0.55376517
   0.81819780  0.18308113  0.90483833
   0.02335514  0.02682359  0.63667355
   0.78933227  0.30753498  0.80384512
   0.00018939  0.00706656  0.75090078
   0.51806822  0.53473194  0.53877575
   0.60030694  0.44653264  0.64905948
   0.60692180  0.55145205  0.94676584
   0.31882187  0.31793445  0.59610717
   0.52661116  0.47674592  0.86252160
   0.27826217  0.19043507  0.69536233
   0.50273158  0.49417826  0.74829055
   0.02213453  0.96430421  0.96239170
   0.09345447  0.04485289  0.85140235
   0.60692180  0.05145201  0.44676590
   0.31882187  0.81793445  0.09610719
   0.52661116  0.97674589  0.36252157
   0.27826217  0.69043507  0.19536228
   0.50273158  0.99417826  0.24829052
   0.02213453  0.46430424  0.46239170
   0.09345447  0.54485291  0.35140241
   0.32528416  0.16699184  0.50043865
   0.32528416  0.66699190  1.00043868
   0.82714781  0.83251567  0.50015967
   0.82714781  0.33251573  0.00015967
   0.28987746  0.24616707  0.34587889
   0.28987746  0.74616707  0.84587892
   0.79112643  0.75261247  0.54964024
   0.79112643  0.25261247  0.04964023
