   0.24464320  0.24678037  0.10372780
   0.23716876  0.27283815  0.22029282
   0.24464320  0.74678037  0.60372781
   0.23716876  0.77283818  0.72029277
   0.74983909  0.75071444  0.89360133
   0.72295737  0.73037031  0.78153415
   0.74983909  0.25071444  0.39360136
   0.72295737  0.23037033  0.28153409
   0.75095024  0.75392586  0.10389225
   0.74602021  0.72939134  0.22010080
   0.75095024  0.25392589  0.60389227
   0.74602021  0.22939133  0.72010083
   0.25411495  0.24873447  0.89356554
   0.23628615  0.28140501  0.78141247
   0.25411495  0.74873449  0.39356557
   0.23628615  0.78140498  0.28141250
   0.24582073  0.24165326  0.00150876
   0.24582073  0.74165326  0.50150876
   0.75081825  0.75555815  1.00137329
   0.75081825  0.25555815  0.50137323
   0.79524310  0.74998972  0.34712466
   0.79524310  0.24998972  0.84712466
   0.79266841  0.75052117  0.65231922
   0.79266841  0.25052118  0.15231923
   0.79387249  0.75294395  0.45075752
   0.79387249  0.25294395  0.95075749
   0.29436093  0.24639890  0.54946680
   0.29391281  0.24867397  0.65279764
   0.29391281  0.74867397  0.15279764
   0.29436093  0.74639888  0.04946679
   0.29448757  0.24769055  0.45048020
   0.29448757  0.74769055  0.95048020
   0.60586955  0.55721890  0.05358893
   0.31862946  0.31965635  0.40490387
   0.52359147  0.47362087  0.13743239
   0.30560778  0.18345373  0.30221520
   0.50377431  0.49675413  0.25094799
   0.01724677  0.96110039  0.03887461
   0.10373382  0.05342175  0.14953059
   0.60586955  0.05721891  0.55358891
   0.31862946  0.81965635  0.90490387
   0.52359147  0.97362090  0.63743238
   0.30560778  0.68345371  0.80221520
   0.50377431  0.99675416  0.75094802
   0.01724677  0.46110042  0.53887460
   0.10373382  0.55342180  0.64953062
   0.10311631  0.44896059  0.94631539
   0.82547852  0.67866320  0.59672221
   0.02630326  0.52502093  0.86211768
   0.78969957  0.80752814  0.69548758
   0.00155203  0.50370415  0.74896958
   0.51709737  0.03668297  0.96199432
   0.59761123  0.95153249  0.85088553
   0.10311631  0.94896062  0.44631536
   0.82547852  0.17866320  0.09672223
   0.02630326  0.02502096  0.36211768
   0.78969957  0.30752814  0.19548758
   0.00155203  0.00370418  0.24896959
   0.51709737  0.53668299  0.46199429
   0.59761123  0.45153255  0.35088556
   0.10529878  0.44685103  0.05374617
   0.81644958  0.68310326  0.40431030
   0.02426376  0.52724854  0.13718737
   0.79158476  0.80775991  0.30367810
   0.00169291  0.50579379  0.25116021
   0.51449260  0.03617467  0.03889258
   0.60300075  0.94523427  0.14935020
   0.10529878  0.94685100  0.55374621
   0.81644958  0.18310327  0.90431033
   0.02426376  0.02724851  0.63718734
   0.79158476  0.30775994  0.80367807
   0.00169291  0.00579379  0.75116021
   0.51449260  0.53617468  0.53889255
   0.60300075  0.44523427  0.64935023
   0.60298507  0.55111505  0.94652285
   0.31814231  0.31801395  0.59631724
   0.52713913  0.47543108  0.86222136
   0.28396009  0.19088939  0.69579407
   0.50455642  0.49414749  0.74846676
   0.01720133  0.96329028  0.96188376
   0.10000373  0.05001788  0.85076300
   0.60298507  0.05111501  0.44652291
   0.31814231  0.81801395  0.09631726
   0.52713913  0.97543105  0.36222133
   0.28396009  0.69088939  0.19579402
   0.50455642  0.99414749  0.24846673
   0.01720133  0.46329031  0.46188376
   0.10000373  0.55001790  0.35076306
   0.32212842  0.16750217  0.50030528
   0.32212842  0.66750223  1.00030531
   0.82400401  0.83252138  0.49998579
   0.82400401  0.33252144 -0.00001421
   0.29154490  0.24771584  0.34568170
   0.29154490  0.74771584  0.84568173
   0.78907543  0.75228163  0.54979208
   0.78907543  0.25228163  0.04979208
