   0.24422007  0.24698330  0.10344666
   0.23371240  0.27427591  0.21988596
   0.24422007  0.74698330  0.60344667
   0.23371240  0.77427594  0.71988591
   0.74915649  0.75175967  0.89371598
   0.71829877  0.73040234  0.78142656
   0.74915649  0.25175967  0.39371601
   0.71829877  0.23040236  0.28142650
   0.75009949  0.75498416  0.10362982
   0.74556462  0.73006399  0.21990701
   0.75009949  0.25498419  0.60362985
   0.74556462  0.23006398  0.71990704
   0.25258976  0.24591932  0.89367193
   0.23462483  0.28171678  0.78105526
   0.25258976  0.74591935  0.39367196
   0.23462483  0.78171675  0.28105529
   0.24921197  0.24068669  0.00146287
   0.24921197  0.74068669  0.50146287
   0.75416115  0.75629061  1.00158577
   0.75416115  0.25629061  0.50158571
   0.79295367  0.75064087  0.34724710
   0.79295367  0.25064087  0.84724710
   0.79114443  0.75094559  0.65191031
   0.79114443  0.25094560  0.15191033
   0.79704824  0.75332667  0.45112723
   0.79704824  0.25332667  0.95112720
   0.29632495  0.24596269  0.54937496
   0.29186384  0.24872706  0.65241461
   0.29186384  0.74872706  0.15241461
   0.29632495  0.74596268  0.04937495
   0.29784464  0.24676246  0.45087313
   0.29784464  0.74676246  0.95087313
   0.60752787  0.55677825  0.05356774
   0.31977448  0.31926571  0.40544859
   0.52237538  0.47411299  0.13718152
   0.30784820  0.18347637  0.30239575
   0.50176140  0.49705226  0.25059385
   0.02065366  0.96195233  0.03888454
   0.10097112  0.05252983  0.14902115
   0.60752787  0.05677826  0.55356772
   0.31977448  0.81926571  0.90544859
   0.52237538  0.97411302  0.63718150
   0.30784820  0.68347634  0.80239575
   0.50176140  0.99705229  0.75059388
   0.02065366  0.46195236  0.53888454
   0.10097112  0.55252988  0.64902118
   0.10738893  0.44774961  0.94667076
   0.82500722  0.67893988  0.59647592
   0.02575750  0.52291590  0.86219171
   0.79120681  0.80883000  0.69505345
  -0.00031843  0.50458189  0.74887725
   0.52179287  0.03543588  0.96242446
   0.59096685  0.95544334  0.85165387
   0.10738893  0.94774964  0.44667073
   0.82500722  0.17893988  0.09647593
   0.02575750  0.02291592  0.36219171
   0.79120681  0.30883000  0.19505345
  -0.00031843  0.00458192  0.24887726
   0.52179287  0.53543590  0.46242443
   0.59096685  0.45544340  0.35165390
   0.10662303  0.44754213  0.05376791
   0.81821718  0.68308739  0.40484464
   0.02335334  0.52681703  0.13666618
   0.78929968  0.80752568  0.30384651
   0.00013654  0.50708205  0.25089858
   0.51813092  0.03473453  0.03877763
   0.60028447  0.94654521  0.14905568
   0.10662303  0.94754210  0.55376795
   0.81821718  0.18308740  0.90484466
   0.02335334  0.02681700  0.63666615
   0.78929968  0.30752571  0.80384648
   0.00013654  0.00708205  0.75089858
   0.51813092  0.53473454  0.53877761
   0.60028447  0.44654521  0.64905571
   0.60700928  0.55149134  0.94677144
   0.31884159  0.31793628  0.59611088
   0.52657953  0.47678986  0.86252358
   0.27821839  0.19044710  0.69534041
   0.50267484  0.49417893  0.74828721
   0.02217906  0.96429888  0.96239878
   0.09337990  0.04473849  0.85141040
   0.60700928  0.05149130  0.44677150
   0.31884159  0.81793628  0.09611089
   0.52657953  0.97678983  0.36252355
   0.27821839  0.69044710  0.19534037
   0.50267484  0.99417893  0.24828718
   0.02217906  0.46429891  0.46239878
   0.09337990  0.54473851  0.35141046
   0.32533662  0.16698254  0.50044328
   0.32533662  0.66698260  1.00044331
   0.82719643  0.83251592  0.50016697
   0.82719643  0.33251598  0.00016697
   0.28987228  0.24615629  0.34587566
   0.28987228  0.74615629  0.84587569
   0.79113342  0.75261784  0.54963846
   0.79113342  0.25261784  0.04963845
