   0.24420185  0.24696259  0.10345390
   0.23402614  0.27419022  0.21991148
   0.24420185  0.74696259  0.60345392
   0.23402614  0.77419025  0.71991144
   0.74918000  0.75166619  0.89371905
   0.71858026  0.73038439  0.78144669
   0.74918000  0.25166619  0.39371908
   0.71858026  0.23038441  0.28144663
   0.75011256  0.75493721  0.10363580
   0.74577400  0.73003907  0.21992313
   0.75011256  0.25493724  0.60363582
   0.74577400  0.23003906  0.71992316
   0.25262416  0.24609751  0.89367739
   0.23484261  0.28168445  0.78107938
   0.25262416  0.74609754  0.39367742
   0.23484261  0.78168442  0.28107941
   0.24901309  0.24072897  0.00146187
   0.24901309  0.74072897  0.50146187
   0.75397367  0.75626011  1.00158076
   0.75397367  0.25626011  0.50158070
   0.79309371  0.75057486  0.34724987
   0.79309371  0.25057486  0.84724987
   0.79118750  0.75092155  0.65193297
   0.79118750  0.25092157  0.15193298
   0.79681934  0.75329760  0.45110645
   0.79681934  0.25329760  0.95110642
   0.29616019  0.24596790  0.54937625
   0.29192630  0.24871018  0.65244400
   0.29192630  0.74871018  0.15244400
   0.29616019  0.74596789  0.04937624
   0.29761861  0.24684960  0.45084755
   0.29761861  0.74684960  0.95084755
   0.60739667  0.55680796  0.05355725
   0.31970430  0.31932418  0.40542420
   0.52238491  0.47407445  0.13718721
   0.30789962  0.18348099  0.30239474
   0.50195440  0.49704621  0.25061242
   0.02048390  0.96192100  0.03887778
   0.10107173  0.05257571  0.14903707
   0.60739667  0.05680797  0.55355722
   0.31970430  0.81932418  0.90542420
   0.52238491  0.97407448  0.63718719
   0.30789962  0.68348097  0.80239474
   0.50195440  0.99704624  0.75061245
   0.02048390  0.46192103  0.53887777
   0.10107173  0.55257577  0.64903710
   0.10704442  0.44790981  0.94665250
   0.82498417  0.67892301  0.59647739
   0.02575763  0.52305540  0.86219193
   0.79111738  0.80873211  0.69507288
  -0.00011725  0.50453332  0.74888818
   0.52157797  0.03544499  0.96240610
   0.59138708  0.95519408  0.85161721
   0.10704442  0.94790984  0.44665247
   0.82498417  0.17892301  0.09647741
   0.02575763  0.02305542  0.36219193
   0.79111738  0.30873211  0.19507288
  -0.00011725  0.00453335  0.24888819
   0.52157797  0.53544501  0.46240607
   0.59138708  0.45519414  0.35161724
   0.10651909  0.44752984  0.05375949
   0.81813318  0.68306129  0.40482093
   0.02334406  0.52684361  0.13668326
   0.78941313  0.80753509  0.30384203
   0.00032184  0.50701894  0.25091372
   0.51793291  0.03475916  0.03877316
   0.60037955  0.94647986  0.14906022
   0.10651909  0.94752981  0.55375953
   0.81813318  0.18306130  0.90482096
   0.02334406  0.02684358  0.63668323
   0.78941313  0.30753512  0.80384200
   0.00032184  0.00701895  0.75091372
   0.51793291  0.53475916  0.53877313
   0.60037955  0.44647986  0.64906025
   0.60667435  0.55138530  0.94675481
   0.31877075  0.31792567  0.59610968
   0.52659078  0.47667224  0.86251896
   0.27841779  0.19050102  0.69535346
   0.50286873  0.49417313  0.74830012
   0.02196667  0.96433854  0.96237967
   0.09375591  0.04506516  0.85138057
   0.60667435  0.05138526  0.44675487
   0.31877075  0.81792567  0.09610970
   0.52659078  0.97667221  0.36251893
   0.27841779  0.69050102  0.19535341
   0.50286873  0.99417313  0.24830009
   0.02196667  0.46433857  0.46237967
   0.09375591  0.54506518  0.35138062
   0.32514400  0.16701796  0.50043353
   0.32514400  0.66701802  1.00043356
   0.82700748  0.83251008  0.50015595
   0.82700748  0.33251014  0.00015595
   0.29003237  0.24630477  0.34587595
   0.29003237  0.74630477  0.84587598
   0.79094618  0.75258254  0.54964103
   0.79094618  0.25258254  0.04964102
