   0.24420904  0.24697110  0.10344890
   0.23383646  0.27424541  0.21989546
   0.24420904  0.74697110  0.60344891
   0.23383646  0.77424544  0.71989541
   0.74916895  0.75172736  0.89371834
   0.71841118  0.73039440  0.78143566
   0.74916895  0.25172736  0.39371837
   0.71841118  0.23039442  0.28143560
   0.75009964  0.75496908  0.10363198
   0.74565072  0.73004944  0.21991257
   0.75009964  0.25496911  0.60363200
   0.74565072  0.23004943  0.71991260
   0.25260289  0.24599416  0.89367537
   0.23471122  0.28170637  0.78106640
   0.25260289  0.74599419  0.39367540
   0.23471122  0.78170634  0.28106643
   0.24912291  0.24070563  0.00146322
   0.24912291  0.74070563  0.50146322
   0.75408056  0.75627703  1.00158421
   0.75408056  0.25627703  0.50158415
   0.79300521  0.75062206  0.34724663
   0.79300521  0.25062206  0.84724663
   0.79115702  0.75093824  0.65191727
   0.79115702  0.25093825  0.15191729
   0.79696558  0.75331705  0.45112117
   0.79696558  0.25331705  0.95112114
   0.29626577  0.24596481  0.54937605
   0.29188587  0.24872574  0.65241959
   0.29188587  0.74872574  0.15241959
   0.29626577  0.74596479  0.04937604
   0.29776921  0.24679406  0.45086457
   0.29776921  0.74679406  0.95086457
   0.60746703  0.55679191  0.05356266
   0.31974083  0.31929201  0.40543860
   0.52237928  0.47409554  0.13718418
   0.30787671  0.18348070  0.30239592
   0.50185605  0.49704911  0.25060293
   0.02056414  0.96194344  0.03888128
   0.10101415  0.05254947  0.14902848
   0.60746703  0.05679191  0.55356263
   0.31974083  0.81929201  0.90543860
   0.52237928  0.97409557  0.63718416
   0.30787671  0.68348067  0.80239592
   0.50185605  0.99704914  0.75060296
   0.02056414  0.46194347  0.53888127
   0.10101415  0.55254952  0.64902851
   0.10723608  0.44782413  0.94666229
   0.82498928  0.67893551  0.59647682
   0.02575978  0.52298298  0.86219180
   0.79116588  0.80878202  0.69505953
  -0.00021840  0.50455925  0.74888254
   0.52169760  0.03544228  0.96241610
   0.59117118  0.95534498  0.85163813
   0.10723608  0.94782416  0.44666226
   0.82498928  0.17893551  0.09647683
   0.02575978  0.02298300  0.36219180
   0.79116588  0.30878202  0.19505953
  -0.00021840  0.00455928  0.24888256
   0.52169760  0.53544230  0.46241607
   0.59117118  0.45534504  0.35163816
   0.10656317  0.44752642  0.05376352
   0.81817807  0.68307787  0.40483415
   0.02334946  0.52682942  0.13667405
   0.78935114  0.80752906  0.30384787
   0.00022894  0.50705327  0.25090607
   0.51803380  0.03474684  0.03877523
   0.60032766  0.94651774  0.14905807
   0.10656317  0.94752639  0.55376356
   0.81817807  0.18307788  0.90483418
   0.02334946  0.02682939  0.63667402
   0.78935114  0.30752909  0.80384784
   0.00022894  0.00705328  0.75090607
   0.51803380  0.53474685  0.53877520
   0.60032766  0.44651774  0.64905809
   0.60686291  0.55144204  0.94676349
   0.31880549  0.31793025  0.59611107
   0.52659368  0.47673697  0.86252171
   0.27830257  0.19047499  0.69534588
   0.50276887  0.49417845  0.74829317
   0.02208445  0.96431553  0.96239000
   0.09354519  0.04489517  0.85139773
   0.60686291  0.05144199  0.44676355
   0.31880549  0.81793025  0.09611109
   0.52659368  0.97673694  0.36252168
   0.27830257  0.69047499  0.19534584
   0.50276887  0.99417845  0.24829314
   0.02208445  0.46431556  0.46239000
   0.09354519  0.54489519  0.35139779
   0.32524481  0.16699904  0.50043859
   0.32524481  0.66699910  1.00043862
   0.82710278  0.83251209  0.50016251
   0.82710278  0.33251215  0.00016251
   0.28986370  0.24614451  0.34587864
   0.28986370  0.74614451  0.84587867
   0.79115122  0.75261490  0.54963950
   0.79115122  0.25261490  0.04963950
