   0.24946106  0.24702339  0.10527101
   0.23805727  0.27362825  0.22047195
   0.24946106  0.74702339  0.60527102
   0.23805727  0.77362828  0.72047190
   0.75229053  0.75087032  0.89210909
   0.73485708  0.72441372  0.78136343
   0.75229053  0.25087032  0.39210912
   0.73485708  0.22441373  0.28136337
   0.75082279  0.75473890  0.10550910
   0.73561687  0.72850093  0.22023304
   0.75082279  0.25473893  0.60550912
   0.73561687  0.22850092  0.72023307
   0.25213520  0.24804051  0.89183819
   0.23568291  0.27712809  0.78155619
   0.25213520  0.74804054  0.39183822
   0.23568291  0.77712806  0.28155622
   0.24264497  0.24119533  0.00204909
   0.24264497  0.74119533  0.50204909
   0.74448790  0.75767610  0.99983059
   0.74448790  0.25767610  0.49983053
   0.79613063  0.74940106  0.34619564
   0.79613063  0.24940106  0.84619564
   0.79554632  0.75030632  0.65378583
   0.79554632  0.25030634  0.15378584
   0.79150236  0.75460754  0.44910596
   0.79150236  0.25460754  0.94910593
   0.29298357  0.24533625  0.55055108
   0.29500981  0.24868560  0.65412901
   0.29500981  0.74868560  0.15412901
   0.29298357  0.74533623  0.05055107
   0.29084823  0.24616024  0.44790516
   0.29084823  0.74616024  0.94790516
   0.59857404  0.56143336  0.05544587
   0.31958664  0.31974994  0.40492581
   0.52612728  0.47335933  0.13777394
   0.29330925  0.18383879  0.30313097
   0.50322473  0.49543190  0.25081676
   0.01306850  0.95555312  0.03801498
   0.10563099  0.05357301  0.15054821
   0.59857404  0.06143337  0.55544584
   0.31958664  0.81974994  0.90492581
   0.52612728  0.97335936  0.63777392
   0.29330925  0.68383876  0.80313097
   0.50322473  0.99543193  0.75081679
   0.01306850  0.45555315  0.53801497
   0.10563099  0.55357306  0.65054824
   0.09876322  0.44271243  0.94486134
   0.82222015  0.67701573  0.59695513
   0.02527137  0.52683756  0.86312958
   0.79161197  0.81205211  0.69563483
   0.00251118  0.50433814  0.74808849
   0.51155211  0.04248066  0.96178206
   0.60793858  0.94642274  0.85012139
   0.09876322  0.94271246  0.44486131
   0.82222015  0.17701573  0.09695515
   0.02527137  0.02683758  0.36312958
   0.79161197  0.31205211  0.19563483
   0.00251118  0.00433817  0.24808851
   0.51155211  0.54248069  0.46178203
   0.60793858  0.44642280  0.35012142
   0.11472325  0.44106259  0.05372320
   0.82471051  0.68006756  0.40385385
   0.02750657  0.52515386  0.13785677
   0.79443580  0.81418123  0.30398221
   0.00175455  0.50487261  0.25067236
   0.50062147  0.04379608  0.03920831
   0.60690901  0.94388348  0.15120068
   0.11472325  0.94106256  0.55372324
   0.82471051  0.18006758  0.90385388
   0.02750657  0.02515383  0.63785674
   0.79443580  0.31418126  0.80398218
   0.00175455  0.00487262  0.75067236
   0.50062147  0.54379609  0.53920828
   0.60690901  0.44388348  0.65120070
   0.61232683  0.55847682  0.94656281
   0.32546263  0.32140965  0.59732569
   0.52755095  0.47394436  0.86292429
   0.29402070  0.18734605  0.69510279
   0.50327189  0.49429603  0.74818591
   0.00191683  0.95547970  0.96055831
   0.10774622  0.05916560  0.84950605
   0.61232683  0.05847677  0.44656287
   0.32546263  0.82140965  0.09732571
   0.52755095  0.97394433  0.36292426
   0.29402070  0.68734605  0.19510274
   0.50327189  0.99429603  0.24818588
   0.00191683  0.45547973  0.46055831
   0.10774622  0.55916562  0.34950611
   0.31749557  0.15956325  0.50011256
   0.31749557  0.65956331  1.00011259
   0.81790341  0.84099087  0.49934265
   0.81790341  0.34099093 -0.00065735
   0.29460700  0.24930899  0.34583496
   0.29460700  0.74930899  0.84583499
   0.78956897  0.75448972  0.55091282
   0.78956897  0.25448972  0.05091281
