   0.24429921  0.24683165  0.10359867
   0.23628845  0.27333876  0.22016579
   0.24429921  0.74683165  0.60359869
   0.23628845  0.77333879  0.72016574
   0.74939516  0.75099081  0.89367231
   0.72112970  0.73034121  0.78155056
   0.74939516  0.25099081  0.39367234
   0.72112970  0.23034122  0.28155050
   0.75046487  0.75430008  0.10376207
   0.74653725  0.72970896  0.22006336
   0.75046487  0.25430011  0.60376210
   0.74653725  0.22970895  0.72006339
   0.25326616  0.24778472  0.89364539
   0.23604789  0.28141765  0.78128626
   0.25326616  0.74778475  0.39364542
   0.23604789  0.78141762  0.28128629
   0.24703330  0.24125619  0.00145247
   0.24703330  0.74125619  0.50145247
   0.75200031  0.75584887  1.00149841
   0.75200031  0.25584887  0.50149835
   0.79434879  0.75016264  0.34719248
   0.79434879  0.25016264  0.84719248
   0.79197243  0.75068498  0.65215699
   0.79197243  0.25068500  0.15215701
   0.79491690  0.75312996  0.45090875
   0.79491690  0.25312996  0.95090872
   0.29495017  0.24615387  0.54940936
   0.29301862  0.24867858  0.65264203
   0.29301862  0.74867858  0.15264203
   0.29495017  0.74615386  0.04940934
   0.29566118  0.24743303  0.45063772
   0.29566118  0.74743303  0.95063772
   0.60632439  0.55699775  0.05351799
   0.31905931  0.31972480  0.40512773
   0.52295879  0.47374699  0.13730909
   0.30725539  0.18364268  0.30231666
   0.50337811  0.49692399  0.25082363
   0.01855637  0.96150215  0.03885708
   0.10267249  0.05317367  0.14929666
   0.60632439  0.05699776  0.55351797
   0.31905931  0.81972480  0.90512773
   0.52295879  0.97374702  0.63730908
   0.30725539  0.68364265  0.80231666
   0.50337811  0.99692402  0.75082366
   0.01855637  0.46150218  0.53885707
   0.10267249  0.55317372  0.64929669
   0.10416994  0.44898650  0.94645978
   0.82522538  0.67871819  0.59658873
   0.02594601  0.52436300  0.86215540
   0.79013477  0.80774583  0.69531209
   0.00127948  0.50402498  0.74896762
   0.51900318  0.03598418  0.96217326
   0.59532044  0.95279237  0.85119061
   0.10416994  0.94898653  0.44645975
   0.82522538  0.17871819  0.09658875
   0.02594601  0.02436302  0.36215540
   0.79013477  0.30774583  0.19531209
   0.00127948  0.00402501  0.24896764
   0.51900318  0.53598420  0.46217323
   0.59532044  0.45279243  0.35119064
   0.10557830  0.44725788  0.05372891
   0.81713011  0.68301660  0.40453212
   0.02372027  0.52716240  0.13696057
   0.79076432  0.80751153  0.30376605
   0.00155089  0.50629124  0.25107566
   0.51591837  0.03538548  0.03880039
   0.60190082  0.94569391  0.14917536
   0.10557830  0.94725785  0.55372896
   0.81713011  0.18301661  0.90453215
   0.02372027  0.02716238  0.63696054
   0.79076432  0.30751156  0.80376602
   0.00155089  0.00629124  0.75107566
   0.51591837  0.53538549  0.53880036
   0.60190082  0.44569391  0.64917539
   0.60388521  0.55083638  0.94660261
   0.31830949  0.31792976  0.59619378
   0.52680100  0.47577856  0.86237265
   0.28154226  0.19088959  0.69560244
   0.50424271  0.49414705  0.74841694
   0.01933760  0.96415335  0.96211610
   0.09762425  0.04818184  0.85103651
   0.60388521  0.05083633  0.44660267
   0.31830949  0.81792976  0.09619380
   0.52680100  0.97577853  0.36237262
   0.28154226  0.69088959  0.19560240
   0.50424271  0.99414705  0.24841691
   0.01933760  0.46415338  0.46211610
   0.09762425  0.54818186  0.35103656
   0.32322921  0.16737215  0.50034461
   0.32322921  0.66737221  1.00034463
   0.82513304  0.83246308  0.50004876
   0.82513304  0.33246314  0.00004876
   0.29094248  0.24718104  0.34578320
   0.29094248  0.74718104  0.84578323
   0.78977494  0.75235895  0.54970432
   0.78977494  0.25235895  0.04970431
