   0.24416665  0.24689776  0.10351170
   0.23525099  0.27380849  0.22003637
   0.24416665  0.74689776  0.60351172
   0.23525099  0.77380852  0.72003632
   0.74923974  0.75130190  0.89371266
   0.71979076  0.73032720  0.78151595
   0.74923974  0.25130190  0.39371269
   0.71979076  0.23032722  0.28151589
   0.75019716  0.75465222  0.10368354
   0.74640070  0.72989040  0.21999946
   0.75019716  0.25465225  0.60368356
   0.74640070  0.22989038  0.71999949
   0.25283595  0.24691681  0.89368154
   0.23557443  0.28155028  0.78118120
   0.25283595  0.74691684  0.39368157
   0.23557443  0.78155025  0.28118123
   0.24806585  0.24095625  0.00145116
   0.24806585  0.74095625  0.50145116
   0.75302280  0.75608793  1.00154957
   0.75302280  0.25608793  0.50154951
   0.79367994  0.75036356  0.34723338
   0.79367994  0.25036356  0.84723338
   0.79149780  0.75081074  0.65202459
   0.79149780  0.25081075  0.15202460
   0.79586765  0.75323416  0.45102312
   0.79586765  0.25323416  0.95102309
   0.29554631  0.24603031  0.54938122
   0.29237868  0.24869437  0.65251840
   0.29237868  0.74869437  0.15251840
   0.29554631  0.74603030  0.04938120
   0.29665358  0.24714457  0.45075798
   0.29665358  0.74714457  0.95075798
   0.60684042  0.55688020  0.05352212
   0.31938999  0.31959372  0.40528998
   0.52257912  0.47390337  0.13723449
   0.30788740  0.18354874  0.30237593
   0.50277275  0.49700172  0.25071442
   0.01957648  0.96175187  0.03885695
   0.10174702  0.05285087  0.14914035
   0.60684042  0.05688021  0.55352210
   0.31938999  0.81959372  0.90528998
   0.52257912  0.97390340  0.63723448
   0.30788740  0.68354871  0.80237593
   0.50277275  0.99700175  0.75071445
   0.01957648  0.46175190  0.53885695
   0.10174702  0.55285092  0.64914038
   0.10548859  0.44860184  0.94656098
   0.82503867  0.67881198  0.59651433
   0.02578500  0.52371142  0.86218223
   0.79065295  0.80823157  0.69517434
   0.00071071  0.50429947  0.74893811
   0.52043022  0.03561645  0.96230328
   0.59333417  0.95399990  0.85142307
   0.10548859  0.94860187  0.44656095
   0.82503867  0.17881198  0.09651435
   0.02578500  0.02371144  0.36218223
   0.79065295  0.30823157  0.19517434
   0.00071071  0.00429950  0.24893812
   0.52043022  0.53561647  0.46230325
   0.59333417  0.45399996  0.35142310
   0.10600617  0.44742565  0.05373521
   0.81769363  0.68299190  0.40469162
   0.02343773  0.52699644  0.13679867
   0.79003469  0.80751606  0.30382437
   0.00107788  0.50668343  0.25099516
   0.51699661  0.03499389  0.03876811
   0.60102019  0.94612939  0.14909604
   0.10600617  0.94742562  0.55373525
   0.81769363  0.18299192  0.90469165
   0.02343773  0.02699642  0.63679864
   0.79003469  0.30751609  0.80382434
   0.00107788  0.00668343  0.75099516
   0.51699661  0.53499390  0.53876809
   0.60102019  0.44612939  0.64909607
   0.60515642  0.55097567  0.94667699
   0.31851325  0.31792131  0.59613316
   0.52666861  0.47618283  0.86246944
   0.27973086  0.19068664  0.69546089
   0.50367216  0.49415624  0.74836314
   0.02082210  0.96440262  0.96226797
   0.09562551  0.04660293  0.85122472
   0.60515642  0.05097563  0.44667705
   0.31851325  0.81792131  0.09613317
   0.52666861  0.97618280  0.36246941
   0.27973086  0.69068664  0.19546085
   0.50367216  0.99415624  0.24836311
   0.02082210  0.46440265  0.46226797
   0.09562551  0.54660296  0.35122478
   0.32421090  0.16719185  0.50038608
   0.32421090  0.66719191  1.00038611
   0.82609292  0.83248479  0.50010305
   0.82609292  0.33248485  0.00010305
   0.29045749  0.24670735  0.34585388
   0.29045749  0.74670735  0.84585391
   0.79038012  0.75248078  0.54965901
   0.79038012  0.25248078  0.04965900
