   0.24790304  0.24746725  0.10441669
   0.23821753  0.27265231  0.22032257
   0.24790304  0.74746725  0.60441670
   0.23821753  0.77265234  0.72032253
   0.75325725  0.75028314  0.89326789
   0.73092125  0.72800629  0.78120078
   0.75325725  0.25028314  0.39326792
   0.73092125  0.22800630  0.28120072
   0.75196342  0.75433786  0.10464764
   0.74000731  0.72843600  0.21992380
   0.75196342  0.25433789  0.60464766
   0.74000731  0.22843599  0.71992383
   0.25518171  0.24936545  0.89306816
   0.23602520  0.27991156  0.78148082
   0.25518171  0.74936548  0.39306819
   0.23602520  0.77991153  0.28148085
   0.24256235  0.24145875  0.00199473
   0.24256235  0.74145875  0.50199473
   0.74629222  0.75677321  1.00018390
   0.74629222  0.25677321  0.50018384
   0.79655672  0.74987735  0.34692816
   0.79655672  0.24987735  0.84692816
   0.79468906  0.75042053  0.65310935
   0.79468906  0.25042055  0.15310936
   0.79182782  0.75308358  0.45016051
   0.79182782  0.25308358  0.95016048
   0.29340353  0.24676338  0.54974718
   0.29571857  0.24880922  0.65326894
   0.29571857  0.74880922  0.15326894
   0.29340353  0.74676337  0.04974717
   0.29106906  0.24688233  0.44979093
   0.29106906  0.74688233  0.94979093
   0.60413629  0.55853958  0.05485673
   0.31831983  0.31941569  0.40407647
   0.52596122  0.47351590  0.13790034
   0.29622705  0.18130806  0.30238105
   0.50382238  0.49528230  0.25123889
   0.01287285  0.95769086  0.03863789
   0.10521284  0.05303287  0.15045013
   0.60413629  0.05853958  0.55485671
   0.31831983  0.81941569  0.90407647
   0.52596122  0.97351593  0.63790033
   0.29622705  0.68130803  0.80238105
   0.50382238  0.99528233  0.75123892
   0.01287285  0.45769089  0.53863788
   0.10521284  0.55303292  0.65045016
   0.10241518  0.44669377  0.94521405
   0.82426410  0.67784828  0.59719120
   0.02698604  0.52625868  0.86240916
   0.79071504  0.81086131  0.69590182
   0.00159220  0.50312407  0.74858483
   0.51093356  0.04016649  0.96147103
   0.60413666  0.94840377  0.84991971
   0.10241518  0.94669380  0.44521402
   0.82426410  0.17784828  0.09719122
   0.02698604  0.02625870  0.36240916
   0.79071504  0.31086131  0.19590182
   0.00159220  0.00312410  0.24858485
   0.51093356  0.54016651  0.46147100
   0.60413666  0.44840383  0.34991974
   0.10826587  0.44272276  0.05397408
   0.81946715  0.68150339  0.40361067
   0.02710492  0.52574765  0.13785461
   0.79341025  0.81293014  0.30339699
   0.00128242  0.50551788  0.25111923
   0.50725024  0.04157966  0.03935555
   0.60574770  0.94432433  0.15077265
   0.10826587  0.94272273  0.55397412
   0.81946715  0.18150340  0.90361070
   0.02710492  0.02574762  0.63785458
   0.79341025  0.31293016  0.80339696
   0.00128242  0.00551789  0.75111923
   0.50725024  0.54157967  0.53935552
   0.60574770  0.44432433  0.65077268
   0.60558969  0.55619090  0.94624968
   0.32105055  0.32032090  0.59708728
   0.52885053  0.47462363  0.86224612
   0.29184821  0.18765628  0.69612763
   0.50353935  0.49439598  0.74854672
   0.00807789  0.95672540  0.96073320
   0.10582580  0.05583133  0.84949003
   0.60558969  0.05619086  0.44624974
   0.32105055  0.82032090  0.09708729
   0.52885053  0.97462360  0.36224609
   0.29184821  0.68765628  0.19612759
   0.50353935  0.99439598  0.24854669
   0.00807789  0.45672543  0.46073320
   0.10582580  0.55583135  0.34949009
   0.31916114  0.16436846  0.50019428
   0.31916114  0.66436852  1.00019431
   0.82007870  0.83627291  0.49964641
   0.82007870  0.33627297 -0.00035359
   0.29309464  0.24894622  0.34564523
   0.29309464  0.74894622  0.84564526
   0.78716334  0.75367217  0.55020420
   0.78716334  0.25367217  0.05020420
