   0.24415406  0.24692541  0.10348089
   0.23467854  0.27400834  0.21997700
   0.24415406  0.74692541  0.60348090
   0.23467854  0.77400837  0.71997695
   0.74919934  0.75147388  0.89372000
   0.71919742  0.73034568  0.78148556
   0.74919934  0.25147388  0.39372003
   0.71919742  0.23034570  0.28148550
   0.75011995  0.75480038  0.10365807
   0.74614961  0.72996097  0.21996530
   0.75011995  0.25480040  0.60365809
   0.74614961  0.22996096  0.71996533
   0.25270547  0.24651547  0.89368401
   0.23525060  0.28162196  0.78113191
   0.25270547  0.74651550  0.39368404
   0.23525060  0.78162193  0.28113194
   0.24851940  0.24083961  0.00145541
   0.24851940  0.74083961  0.50145541
   0.75347539  0.75617849  1.00156550
   0.75347539  0.25617849  0.50156544
   0.79338408  0.75047094  0.34724789
   0.79338408  0.25047094  0.84724789
   0.79132303  0.75086729  0.65196873
   0.79132303  0.25086731  0.15196874
   0.79634452  0.75327112  0.45106842
   0.79634452  0.25327112  0.95106839
   0.29585503  0.24599589  0.54937450
   0.29213270  0.24870232  0.65246981
   0.29213270  0.74870232  0.15246981
   0.29585503  0.74599587  0.04937449
   0.29713819  0.24699249  0.45080825
   0.29713819  0.74699249  0.95080825
   0.60711756  0.55683345  0.05353659
   0.31954502  0.31948488  0.40535524
   0.52246268  0.47399595  0.13720966
   0.30796215  0.18349725  0.30238965
   0.50240773  0.49702457  0.25066509
   0.02001259  0.96184862  0.03886374
   0.10138202  0.05269549  0.14908423
   0.60711756  0.05683345  0.55353656
   0.31954502  0.81948488  0.90535524
   0.52246268  0.97399598  0.63720965
   0.30796215  0.68349722  0.80238965
   0.50240773  0.99702460  0.75066512
   0.02001259  0.46184865  0.53886373
   0.10138202  0.55269554  0.64908426
   0.10620917  0.44830478  0.94660470
   0.82500007  0.67886082  0.59649276
   0.02576940  0.52340661  0.86218893
   0.79089325  0.80849596  0.69512487
   0.00034639  0.50441849  0.74891667
   0.52100699  0.03551547  0.96235541
   0.59239415  0.95455903  0.85152059
   0.10620917  0.94830481  0.44660467
   0.82500007  0.17886082  0.09649278
   0.02576940  0.02340663  0.36218893
   0.79089325  0.30849596  0.19512487
   0.00034639  0.00441852  0.24891669
   0.52100699  0.53551550  0.46235538
   0.59239415  0.45455909  0.35152062
   0.10623863  0.44746808  0.05374525
   0.81792222  0.68300787  0.40475586
   0.02337868  0.52691682  0.13673901
   0.78972338  0.80754804  0.30383349
   0.00074933  0.50684991  0.25095668
   0.51746831  0.03487638  0.03876640
   0.60066747  0.94631143  0.14907424
   0.10623863  0.94746805  0.55374529
   0.81792222  0.18300789  0.90475589
   0.02337868  0.02691679  0.63673898
   0.78972338  0.30754807  0.80383346
   0.00074933  0.00684991  0.75095668
   0.51746831  0.53487639  0.53876638
   0.60066747  0.44631143  0.64907426
   0.60585785  0.55114304  0.94671319
   0.31863457  0.31792993  0.59611974
   0.52662200  0.47641466  0.86249895
   0.27902630  0.19057931  0.69541047
   0.50331557  0.49416584  0.74833396
   0.02140265  0.96440011  0.96232552
   0.09473629  0.04585057  0.85130243
   0.60585785  0.05114299  0.44671325
   0.31863457  0.81792993  0.09611976
   0.52662200  0.97641463  0.36249892
   0.27902630  0.69057931  0.19541043
   0.50331557  0.99416584  0.24833393
   0.02140265  0.46440014  0.46232552
   0.09473629  0.54585060  0.35130249
   0.32466830  0.16710176  0.50040798
   0.32466830  0.66710182  1.00040801
   0.82653791  0.83250370  0.50012935
   0.82653791  0.33250376  0.00012935
   0.29022477  0.24647955  0.34587211
   0.29022477  0.74647955  0.84587214
   0.79068896  0.75254121  0.54964591
   0.79068896  0.25254121  0.04964591
