   0.24445002  0.24679753  0.10365966
   0.23678368  0.27307205  0.22023273
   0.24445002  0.74679753  0.60365968
   0.23678368  0.77307208  0.72023268
   0.74956668  0.75084559  0.89364052
   0.72200700  0.73036000  0.78155244
   0.74956668  0.25084559  0.39364055
   0.72200700  0.23036002  0.28155238
   0.75069511  0.75409743  0.10382155
   0.74638258  0.72956279  0.22008736
   0.75069511  0.25409746  0.60382157
   0.74638258  0.22956277  0.72008739
   0.25364887  0.24828045  0.89361122
   0.23620824  0.28138591  0.78135073
   0.25364887  0.74828048  0.39361125
   0.23620824  0.78138588  0.28135076
   0.24641808  0.24145029  0.00147139
   0.24641808  0.74145029  0.50147139
   0.75139748  0.75570155  1.00144944
   0.75139748  0.25570155  0.50144938
   0.79480670  0.75005890  0.34715970
   0.79480670  0.25005890  0.84715970
   0.79232565  0.75058477  0.65223613
   0.79232565  0.25058479  0.15223615
   0.79434210  0.75304496  0.45083017
   0.79434210  0.25304496  0.95083014
   0.29460959  0.24626712  0.54943837
   0.29347755  0.24869021  0.65271676
   0.29347755  0.74869021  0.15271676
   0.29460959  0.74626711  0.04943836
   0.29503711  0.24758329  0.45055552
   0.29503711  0.74758329  0.95055552
   0.60607960  0.55710755  0.05353955
   0.31886192  0.31972642  0.40502339
   0.52324453  0.47366852  0.13736604
   0.30657933  0.18361346  0.30226672
   0.50360387  0.49686077  0.25088505
   0.01792571  0.96131829  0.03886440
   0.10321374  0.05332699  0.14940591
   0.60607960  0.05710756  0.55353953
   0.31886192  0.81972642  0.90502339
   0.52324453  0.97366855  0.63736602
   0.30657933  0.68361343  0.80226672
   0.50360387  0.99686080  0.75088508
   0.01792571  0.46131832  0.53886439
   0.10321374  0.55332704  0.64940594
   0.10359071  0.44902663  0.94639453
   0.82535187  0.67868169  0.59664980
   0.02609160  0.52470340  0.86213369
   0.78987777  0.80757489  0.69540186
   0.00146277  0.50386601  0.74897375
   0.51809567  0.03630096  0.96208878
   0.59646911  0.95215362  0.85104243
   0.10359071  0.94902666  0.44639450
   0.82535187  0.17868169  0.09664982
   0.02609160  0.02470342  0.36213369
   0.78987777  0.30757489  0.19540186
   0.00146277  0.00386604  0.24897377
   0.51809567  0.53630098  0.46208875
   0.59646911  0.45215368  0.35104246
   0.10541047  0.44708833  0.05373361
   0.81678825  0.68305675  0.40442691
   0.02395150  0.52723448  0.13706976
   0.79118736  0.80756801  0.30372735
   0.00167066  0.50605039  0.25111880
   0.51523273  0.03572064  0.03883859
   0.60244253  0.94545734  0.14924856
   0.10541047  0.94708830  0.55373365
   0.81678825  0.18305676  0.90442694
   0.02395150  0.02723445  0.63706973
   0.79118736  0.30756804  0.80372732
   0.00167066  0.00605039  0.75111880
   0.51523273  0.53572065  0.53883856
   0.60244253  0.44545734  0.64924858
   0.60336608  0.55091355  0.94656321
   0.31821012  0.31795191  0.59624654
   0.52694499  0.47557752  0.86229817
   0.28268915  0.19092922  0.69569974
   0.50444162  0.49414533  0.74844339
   0.01834235  0.96381032  0.96200973
   0.09879111  0.04909764  0.85090807
   0.60336608  0.05091350  0.44656327
   0.31821012  0.81795191  0.09624656
   0.52694499  0.97557749  0.36229814
   0.28268915  0.69092922  0.19569970
   0.50444162  0.99414533  0.24844336
   0.01834235  0.46381035  0.46200973
   0.09879111  0.54909766  0.35090813
   0.32267338  0.16745452  0.50032365
   0.32267338  0.66745458  1.00032368
   0.82457727  0.83247275  0.50001662
   0.82457727  0.33247281  0.00001662
   0.29124178  0.24745691  0.34573331
   0.29124178  0.74745691  0.84573334
   0.78943368  0.75230219  0.54974433
   0.78943368  0.25230219  0.04974432
