   0.24415851  0.24690512  0.10349698
   0.23496733  0.27390328  0.22000789
   0.24415851  0.74690512  0.60349700
   0.23496733  0.77390331  0.72000784
   0.74921670  0.75138515  0.89371877
   0.71950056  0.73033007  0.78150261
   0.74921670  0.25138515  0.39371880
   0.71950056  0.23033008  0.28150255
   0.75014582  0.75473267  0.10367169
   0.74629112  0.72992910  0.21998396
   0.75014582  0.25473270  0.60367171
   0.74629112  0.22992908  0.71998399
   0.25277351  0.24671661  0.89368547
   0.23541698  0.28158454  0.78115778
   0.25277351  0.74671664  0.39368550
   0.23541698  0.78158451  0.28115781
   0.24828722  0.24089677  0.00145401
   0.24828722  0.74089677  0.50145401
   0.75324909  0.75613450  1.00155869
   0.75324909  0.25613450  0.50155863
   0.79352060  0.75043448  0.34722374
   0.79352060  0.25043448  0.84722374
   0.79140294  0.75083052  0.65199203
   0.79140294  0.25083054  0.15199205
   0.79610818  0.75325821  0.45104917
   0.79610818  0.25325821  0.95104914
   0.29570115  0.24601452  0.54938186
   0.29225613  0.24872196  0.65247151
   0.29225613  0.74872196  0.15247151
   0.29570115  0.74601450  0.04938185
   0.29689963  0.24706978  0.45078276
   0.29689963  0.74706978  0.95078276
   0.60696497  0.55686316  0.05352801
   0.31946470  0.31954497  0.40532216
   0.52252599  0.47394330  0.13722272
   0.30793949  0.18352680  0.30238534
   0.50259780  0.49701731  0.25068855
   0.01979648  0.96179715  0.03885936
   0.10155227  0.05277625  0.14911203
   0.60696497  0.05686317  0.55352798
   0.31946470  0.81954497  0.90532216
   0.52252599  0.97394333  0.63722270
   0.30793949  0.68352677  0.80238534
   0.50259780  0.99701734  0.75068858
   0.01979648  0.46179718  0.53885935
   0.10155227  0.55277630  0.64911206
   0.10583427  0.44846163  0.94658194
   0.82501543  0.67883532  0.59650248
   0.02577745  0.52356253  0.86218549
   0.79077277  0.80836728  0.69515229
   0.00054683  0.50436317  0.74892624
   0.52071783  0.03556131  0.96232932
   0.59287990  0.95428905  0.85147140
   0.10583427  0.94846166  0.44658191
   0.82501543  0.17883532  0.09650250
   0.02577745  0.02356255  0.36218549
   0.79077277  0.30836728  0.19515229
   0.00054683  0.00436320  0.24892626
   0.52071783  0.53556134  0.46232929
   0.59287990  0.45428911  0.35147143
   0.10612110  0.44745568  0.05373892
   0.81780724  0.68299548  0.40472028
   0.02340373  0.52695174  0.13676911
   0.78987981  0.80750770  0.30384756
   0.00093019  0.50676572  0.25097489
   0.51722299  0.03492593  0.03876589
   0.60084965  0.94623281  0.14908494
   0.10612110  0.94745565  0.55373896
   0.81780724  0.18299549  0.90472031
   0.02340373  0.02695171  0.63676908
   0.78987981  0.30750773  0.80384753
   0.00093019  0.00676573  0.75097489
   0.51722299  0.53492594  0.53876586
   0.60084965  0.44623281  0.64908497
   0.60549432  0.55105284  0.94669394
   0.31857059  0.31792230  0.59612165
   0.52665224  0.47629088  0.86248455
   0.27936479  0.19060411  0.69545671
   0.50350206  0.49416136  0.74834745
   0.02111210  0.96441067  0.96229700
   0.09517983  0.04623613  0.85126327
   0.60549432  0.05105279  0.44669400
   0.31857059  0.81792230  0.09612166
   0.52665224  0.97629085  0.36248452
   0.27936479  0.69060411  0.19545667
   0.50350206  0.99416136  0.24834742
   0.02111210  0.46441070  0.46229700
   0.09517983  0.54623615  0.35126333
   0.32443558  0.16714658  0.50039625
   0.32443558  0.66714664  1.00039627
   0.82631105  0.83249537  0.50011493
   0.82631105  0.33249543  0.00011493
   0.29032719  0.24657458  0.34586432
   0.29032719  0.74657458  0.84586435
   0.79055359  0.75251347  0.54965203
   0.79055359  0.25251347  0.04965203
