   0.24421543  0.24698003  0.10344560
   0.23368051  0.27428193  0.21988462
   0.24421543  0.74698003  0.60344561
   0.23368051  0.77428196  0.71988458
   0.74915349  0.75176855  0.89371548
   0.71826581  0.73040377  0.78142376
   0.74915349  0.25176855  0.39371551
   0.71826581  0.23040378  0.28142370
   0.75009607  0.75499492  0.10362910
   0.74554094  0.73006796  0.21990641
   0.75009607  0.25499495  0.60362912
   0.74554094  0.23006795  0.71990644
   0.25258422  0.24590156  0.89367100
   0.23460249  0.28172445  0.78105222
   0.25258422  0.74590159  0.39367103
   0.23460249  0.78172442  0.28105225
   0.24922870  0.24068213  0.00146428
   0.24922870  0.74068213  0.50146428
   0.75418162  0.75629258  1.00158731
   0.75418162  0.25629258  0.50158725
   0.79294054  0.75064022  0.34724851
   0.79294054  0.25064022  0.84724851
   0.79114061  0.75093426  0.65190198
   0.79114061  0.25093427  0.15190200
   0.79706612  0.75332902  0.45113073
   0.79706612  0.25332902  0.95113070
   0.29633667  0.24595823  0.54937667
   0.29185961  0.24874127  0.65240647
   0.29185961  0.74874127  0.15240647
   0.29633667  0.74595822  0.04937666
   0.29786550  0.24675659  0.45087559
   0.29786550  0.74675659  0.95087559
   0.60752962  0.55678509  0.05356876
   0.31978138  0.31925828  0.40545331
   0.52237687  0.47411808  0.13718087
   0.30784255  0.18347199  0.30239474
   0.50174204  0.49705134  0.25059172
   0.02068528  0.96194428  0.03888530
   0.10096049  0.05251996  0.14901911
   0.60752962  0.05678510  0.55356873
   0.31978138  0.81925828  0.90545331
   0.52237687  0.97411811  0.63718086
   0.30784255  0.68347196  0.80239474
   0.50174204  0.99705137  0.75059175
   0.02068528  0.46194431  0.53888529
   0.10096049  0.55252002  0.64901914
   0.10742918  0.44773451  0.94667311
   0.82501093  0.67894057  0.59647521
   0.02574729  0.52288972  0.86219148
   0.79121501  0.80884226  0.69505298
  -0.00033710  0.50458629  0.74887601
   0.52182204  0.03543722  0.96242632
   0.59093872  0.95549012  0.85165820
   0.10742918  0.94773454  0.44667308
   0.82501093  0.17894057  0.09647522
   0.02574729  0.02288974  0.36219148
   0.79121501  0.30884226  0.19505298
  -0.00033710  0.00458632  0.24887603
   0.52182204  0.53543724  0.46242629
   0.59093872  0.45549018  0.35165823
   0.10664621  0.44755883  0.05376863
   0.81822521  0.68308973  0.40484744
   0.02335731  0.52681404  0.13666445
   0.78928761  0.80752290  0.30384860
   0.00011715  0.50708780  0.25089648
   0.51814164  0.03472079  0.03877804
   0.60027351  0.94655602  0.14905477
   0.10664621  0.94755880  0.55376867
   0.81822521  0.18308975  0.90484747
   0.02335731  0.02681401  0.63666442
   0.78928761  0.30752293  0.80384857
   0.00011715  0.00708780  0.75089648
   0.51814164  0.53472080  0.53877802
   0.60027351  0.44655602  0.64905480
   0.60704919  0.55149846  0.94677360
   0.31885071  0.31793519  0.59610872
   0.52658915  0.47678959  0.86252385
   0.27819642  0.19044097  0.69534017
   0.50265465  0.49418070  0.74828602
   0.02220798  0.96429111  0.96240078
   0.09331907  0.04471759  0.85141409
   0.60704919  0.05149841  0.44677366
   0.31885071  0.81793519  0.09610874
   0.52658915  0.97678956  0.36252382
   0.27819642  0.69044097  0.19534013
   0.50265465  0.99418070  0.24828599
   0.02220798  0.46429114  0.46240078
   0.09331907  0.54471761  0.35141415
   0.32535858  0.16697977  0.50044416
   0.32535858  0.66697983  1.00044419
   0.82721841  0.83251721  0.50016661
   0.82721841  0.33251727  0.00016661
   0.28986578  0.24615398  0.34587701
   0.28986578  0.74615398  0.84587704
   0.79113848  0.75261800  0.54963966
   0.79113848  0.25261800  0.04963965
