   0.24739439  0.24734519  0.10440051
   0.23820564  0.27260618  0.22039613
   0.24739439  0.74734519  0.60440053
   0.23820564  0.77260621  0.72039608
   0.75292261  0.75029915  0.89326859
   0.73032254  0.72827080  0.78120318
   0.75292261  0.25029915  0.39326862
   0.73032254  0.22827081  0.28120312
   0.75190805  0.75439164  0.10462647
   0.74046504  0.72848660  0.21999734
   0.75190805  0.25439167  0.60462649
   0.74046504  0.22848659  0.71999737
   0.25533226  0.24941391  0.89308927
   0.23598647  0.28031569  0.78148122
   0.25533226  0.74941394  0.39308930
   0.23598647  0.78031566  0.28148125
   0.24261488  0.24151435  0.00200187
   0.24261488  0.74151435  0.50200187
   0.74666867  0.75660374  1.00027756
   0.74666867  0.25660374  0.50027750
   0.79659139  0.74999262  0.34681622
   0.79659139  0.24999262  0.84681622
   0.79463987  0.75013767  0.65290972
   0.79463987  0.25013769  0.15290973
   0.79199666  0.75308812  0.45017170
   0.79199666  0.25308812  0.95017167
   0.29353987  0.24680647  0.54978617
   0.29579281  0.24889043  0.65322670
   0.29579281  0.74889043  0.15322670
   0.29353987  0.74680645  0.04978616
   0.29127973  0.24702281  0.44975568
   0.29127973  0.74702281  0.94975568
   0.60428614  0.55846755  0.05471980
   0.31818130  0.31925130  0.40419565
   0.52585383  0.47356183  0.13788246
   0.29679222  0.18122276  0.30235571
   0.50387790  0.49536042  0.25121189
   0.01311402  0.95794163  0.03866574
   0.10524651  0.05304251  0.15038984
   0.60428614  0.05846756  0.55471978
   0.31818130  0.81925130  0.90419565
   0.52585383  0.97356186  0.63788244
   0.29679222  0.68122273  0.80235571
   0.50387790  0.99536044  0.75121192
   0.01311402  0.45794166  0.53866573
   0.10524651  0.55304257  0.65038987
   0.10250730  0.44706298  0.94532274
   0.82454579  0.67793041  0.59713901
   0.02701616  0.52610471  0.86237032
   0.79057688  0.81077203  0.69600088
   0.00153267  0.50316553  0.74860781
   0.51113069  0.03987444  0.96148506
   0.60392524  0.94864991  0.84998450
   0.10250730  0.94706301  0.44532271
   0.82454579  0.17793041  0.09713902
   0.02701616  0.02610473  0.36237032
   0.79057688  0.31077203  0.19600088
   0.00153267  0.00316556  0.24860782
   0.51113069  0.53987446  0.46148503
   0.60392524  0.44864997  0.34998453
   0.10782381  0.44321276  0.05394499
   0.81886920  0.68177653  0.40367764
   0.02697804  0.52589746  0.13782281
   0.79332021  0.81242859  0.30351843
   0.00127766  0.50540965  0.25111254
   0.50782163  0.04108651  0.03931696
   0.60565168  0.94432648  0.15065835
   0.10782381  0.94321273  0.55394503
   0.81886920  0.18177655  0.90367767
   0.02697804  0.02589743  0.63782278
   0.79332021  0.31242862  0.80351840
   0.00127766  0.00540965  0.75111254
   0.50782163  0.54108652  0.53931693
   0.60565168  0.44432648  0.65065838
   0.60501232  0.55567881  0.94626916
   0.32060550  0.32005889  0.59696630
   0.52892668  0.47463600  0.86221568
   0.29145711  0.18784137  0.69615582
   0.50369077  0.49433884  0.74853402
   0.00874340  0.95713863  0.96081336
   0.10555953  0.05561931  0.84958496
   0.60501232  0.05567877  0.44626922
   0.32060550  0.82005889  0.09696631
   0.52892668  0.97463597  0.36221565
   0.29145711  0.68784137  0.19615578
   0.50369077  0.99433884  0.24853399
   0.00874340  0.45713866  0.46081336
   0.10555953  0.55561933  0.34958502
   0.31938930  0.16483154  0.50019691
   0.31938930  0.66483160  1.00019694
   0.82041478  0.83579857  0.49966948
   0.82041478  0.33579863 -0.00033052
   0.29303640  0.24884232  0.34558533
   0.29303640  0.74884232  0.84558536
   0.78717414  0.75348416  0.55021745
   0.78717414  0.25348416  0.05021745
