   0.24448172  0.24679566  0.10367039
   0.23684932  0.27303700  0.22024026
   0.24448172  0.74679566  0.60367040
   0.23684932  0.77303703  0.72024022
   0.74959332  0.75083378  0.89363253
   0.72214277  0.73036292  0.78155090
   0.74959332  0.25083378  0.39363256
   0.72214277  0.23036294  0.28155084
   0.75073455  0.75406770  0.10383258
   0.74635475  0.72953763  0.22008911
   0.75073455  0.25406773  0.60383260
   0.74635475  0.22953762  0.72008914
   0.25371075  0.24833665  0.89360258
   0.23621955  0.28137474  0.78135830
   0.25371075  0.74833668  0.39360261
   0.23621955  0.78137471  0.28135833
   0.24633181  0.24146673  0.00147524
   0.24633181  0.74146673  0.50147524
   0.75132413  0.75569068  1.00144115
   0.75132413  0.25569068  0.50144109
   0.79487726  0.75005385  0.34713741
   0.79487726  0.25005385  0.84713741
   0.79237260  0.75059551  0.65227213
   0.79237260  0.25059552  0.15227215
   0.79426492  0.75302556  0.45081039
   0.79426492  0.25302556  0.95081036
   0.29455773  0.24628610  0.54944893
   0.29353855  0.24866594  0.65275181
   0.29353855  0.74866594  0.15275181
   0.29455773  0.74628609  0.04944892
   0.29495045  0.24761698  0.45053023
   0.29495045  0.74761698  0.95053023
   0.60602530  0.55714177  0.05354261
   0.31882914  0.31970485  0.40501939
   0.52329307  0.47365382  0.13737245
   0.30645532  0.18361355  0.30226611
   0.50362461  0.49684672  0.25089506
   0.01784408  0.96127848  0.03886443
   0.10329377  0.05334780  0.14941863
   0.60602530  0.05714178  0.55354259
   0.31882914  0.81970485  0.90501939
   0.52329307  0.97365385  0.63737244
   0.30645532  0.68361352  0.80226611
   0.50362461  0.99684675  0.75089509
   0.01784408  0.46127851  0.53886443
   0.10329377  0.55334785  0.64941866
   0.10350581  0.44902619  0.94638772
   0.82536889  0.67868127  0.59665834
   0.02610899  0.52473766  0.86213214
   0.78984573  0.80753263  0.69539516
   0.00148372  0.50383765  0.74897608
   0.51795815  0.03634671  0.96207664
   0.59665401  0.95206911  0.85102343
   0.10350581  0.94902622  0.44638769
   0.82536889  0.17868127  0.09665836
   0.02610899  0.02473768  0.36213214
   0.78984573  0.30753263  0.19539516
   0.00148372  0.00383768  0.24897609
   0.51795815  0.53634673  0.46207661
   0.59665401  0.45206917  0.35102346
   0.10540316  0.44707634  0.05373291
   0.81673498  0.68307857  0.40441844
   0.02398772  0.52724447  0.13708352
   0.79124963  0.80756484  0.30373798
   0.00168064  0.50602290  0.25112597
   0.51511439  0.03576004  0.03884401
   0.60252824  0.94542301  0.14925720
   0.10540316  0.94707631  0.55373295
   0.81673498  0.18307859  0.90441847
   0.02398772  0.02724444  0.63708349
   0.79124963  0.30756487  0.80373795
   0.00168064  0.00602291  0.75112597
   0.51511439  0.53576004  0.53884398
   0.60252824  0.44542301  0.64925723
   0.60329520  0.55092749  0.94656075
   0.31819761  0.31794516  0.59624971
   0.52697937  0.47554540  0.86228820
   0.28287083  0.19095316  0.69569468
   0.50445793  0.49414935  0.74844917
   0.01818809  0.96375398  0.96199382
   0.09895176  0.04925668  0.85089130
   0.60329520  0.05092745  0.44656081
   0.31819761  0.81794516  0.09624973
   0.52697937  0.97554537  0.36228817
   0.28287083  0.69095316  0.19569464
   0.50445793  0.99414935  0.24844914
   0.01818809  0.46375401  0.46199382
   0.09895176  0.54925670  0.35089136
   0.32258914  0.16747155  0.50032067
   0.32258914  0.66747161  1.00032070
   0.82449326  0.83247167  0.50000972
   0.82449326  0.33247173  0.00000972
   0.29130024  0.24749720  0.34571573
   0.29130024  0.74749720  0.84571576
   0.78938272  0.75229236  0.54975399
   0.78938272  0.25229236  0.04975399
