   0.24418765  0.24689618  0.10351576
   0.23532525  0.27377886  0.22004099
   0.24418765  0.74689618  0.60351577
   0.23532525  0.77377889  0.72004095
   0.74924943  0.75128160  0.89371419
   0.71988695  0.73032614  0.78152438
   0.74924943  0.25128160  0.39371422
   0.71988695  0.23032616  0.28152432
   0.75021483  0.75462468  0.10368716
   0.74642680  0.72988066  0.22000054
   0.75021483  0.25462471  0.60368718
   0.74642680  0.22988065  0.72000057
   0.25286749  0.24697049  0.89368382
   0.23560985  0.28153161  0.78119311
   0.25286749  0.74697052  0.39368385
   0.23560985  0.78153158  0.28119314
   0.24801314  0.24097129  0.00144853
   0.24801314  0.74097129  0.50144853
   0.75297209  0.75607823  1.00154468
   0.75297209  0.25607823  0.50154462
   0.79371173  0.75036328  0.34722863
   0.79371173  0.25036328  0.84722863
   0.79152050  0.75081398  0.65203264
   0.79152050  0.25081399  0.15203265
   0.79582323  0.75322528  0.45101694
   0.79582323  0.25322528  0.95101691
   0.29551738  0.24604107  0.54938199
   0.29241325  0.24868754  0.65252033
   0.29241325  0.74868754  0.15252033
   0.29551738  0.74604105  0.04938197
   0.29660631  0.24716583  0.45075174
   0.29660631  0.74716583  0.95075174
   0.60681037  0.55687716  0.05352067
   0.31936124  0.31960892  0.40527674
   0.52259519  0.47388921  0.13723831
   0.30784925  0.18356563  0.30237280
   0.50282698  0.49700109  0.25072261
   0.01947761  0.96174743  0.03885646
   0.10181035  0.05288861  0.14915129
   0.60681037  0.05687716  0.55352065
   0.31936124  0.81960892  0.90527674
   0.52259519  0.97388924  0.63723830
   0.30784925  0.68356561  0.80237280
   0.50282698  0.99700112  0.75072264
   0.01947761  0.46174746  0.53885645
   0.10181035  0.55288866  0.64915132
   0.10537454  0.44863425  0.94655332
   0.82504090  0.67881137  0.59651952
   0.02579634  0.52378306  0.86218049
   0.79061235  0.80818826  0.69518339
   0.00076785  0.50428236  0.74893964
   0.52032027  0.03563967  0.96229516
   0.59347656  0.95388487  0.85140514
   0.10537454  0.94863428  0.44655329
   0.82504090  0.17881137  0.09651953
   0.02579634  0.02378308  0.36218049
   0.79061235  0.30818826  0.19518339
   0.00076785  0.00428239  0.24893965
   0.52032027  0.53563969  0.46229513
   0.59347656  0.45388493  0.35140517
   0.10595347  0.44739452  0.05373427
   0.81764854  0.68299371  0.40467773
   0.02344435  0.52700981  0.13680949
   0.79008863  0.80750458  0.30382437
   0.00112916  0.50665113  0.25100213
   0.51692129  0.03503552  0.03876946
   0.60108650  0.94609163  0.14910055
   0.10595347  0.94739449  0.55373432
   0.81764854  0.18299373  0.90467776
   0.02344435  0.02700978  0.63680946
   0.79008863  0.30750461  0.80382434
   0.00112916  0.00665113  0.75100213
   0.51692129  0.53503553  0.53876944
   0.60108650  0.44609163  0.64910058
   0.60504814  0.55096207  0.94667085
   0.31849175  0.31791939  0.59613797
   0.52665516  0.47615655  0.86246291
   0.27985766  0.19069722  0.69547556
   0.50372672  0.49415602  0.74836602
   0.02070924  0.96439705  0.96225853
   0.09579665  0.04671545  0.85121021
   0.60504814  0.05096202  0.44667091
   0.31849175  0.81791939  0.09613798
   0.52665516  0.97615652  0.36246288
   0.27985766  0.69069722  0.19547551
   0.50372672  0.99415602  0.24836599
   0.02070924  0.46439708  0.46225853
   0.09579665  0.54671547  0.35121027
   0.32412397  0.16720846  0.50038384
   0.32412397  0.66720852  1.00038387
   0.82600494  0.83248099  0.50010199
   0.82600494  0.33248105  0.00010199
   0.29045709  0.24670367  0.34585599
   0.29045709  0.74670367  0.84585602
   0.79039073  0.75248346  0.54965710
   0.79039073  0.25248346  0.04965709
