   0.24424303  0.24684992  0.10356737
   0.23599323  0.27348915  0.22012275
   0.24424303  0.74684992  0.60356739
   0.23599323  0.77348918  0.72012271
   0.74932980  0.75108698  0.89369111
   0.72069693  0.73032686  0.78154516
   0.74932980  0.25108698  0.39369114
   0.72069693  0.23032687  0.28154510
   0.75036195  0.75441284  0.10373256
   0.74655624  0.72976867  0.22004231
   0.75036195  0.25441287  0.60373258
   0.74655624  0.22976866  0.72004234
   0.25310175  0.24751222  0.89366426
   0.23592978  0.28145519  0.78125379
   0.25310175  0.74751224  0.39366429
   0.23592978  0.78145516  0.28125382
   0.24735677  0.24115448  0.00145002
   0.24735677  0.74115448  0.50145002
   0.75231825  0.75593009  1.00151845
   0.75231825  0.25593009  0.50151839
   0.79413024  0.75022683  0.34720862
   0.79413024  0.25022683  0.84720862
   0.79181406  0.75072376  0.65210776
   0.79181406  0.25072377  0.15210777
   0.79520236  0.75316359  0.45094924
   0.79520236  0.25316359  0.95094921
   0.29513071  0.24611202  0.54939735
   0.29280763  0.24868392  0.65259395
   0.29280763  0.74868392  0.15259395
   0.29513071  0.74611201  0.04939734
   0.29596503  0.24735111  0.45068096
   0.29596503  0.74735111  0.95068096
   0.60649310  0.55694510  0.05351429
   0.31916651  0.31970129  0.40518277
   0.52281355  0.47379618  0.13728329
   0.30755169  0.18362521  0.30233940
   0.50320684  0.49695659  0.25078648
   0.01889047  0.96160278  0.03885463
   0.10235602  0.05306743  0.14924102
   0.60649310  0.05694511  0.55351427
   0.31916651  0.81970129  0.90518277
   0.52281355  0.97379621  0.63728328
   0.30755169  0.68362518  0.80233940
   0.50320684  0.99695662  0.75078651
   0.01889047  0.46160281  0.53885462
   0.10235602  0.55306748  0.64924105
   0.10456376  0.44890049  0.94649273
   0.82515239  0.67874358  0.59656054
   0.02587780  0.52415680  0.86216371
   0.79030158  0.80788945  0.69526590
   0.00112900  0.50411896  0.74896009
   0.51949660  0.03584402  0.96221824
   0.59466800  0.95318790  0.85127048
   0.10456376  0.94890052  0.44649270
   0.82515239  0.17874358  0.09656056
   0.02587780  0.02415682  0.36216371
   0.79030158  0.30788945  0.19526590
   0.00112900  0.00411899  0.24896010
   0.51949660  0.53584404  0.46221821
   0.59466800  0.45318796  0.35127051
   0.10569108  0.44731214  0.05372878
   0.81732353  0.68299951  0.40458612
   0.02361009  0.52711341  0.13690496
   0.79051808  0.80749920  0.30379117
   0.00143485  0.50642632  0.25104859
   0.51629179  0.03523841  0.03878460
   0.60159263  0.94583781  0.14914436
   0.10569108  0.94731211  0.55372882
   0.81732353  0.18299952  0.90458615
   0.02361009  0.02711338  0.63690493
   0.79051808  0.30749923  0.80379114
   0.00143485  0.00642633  0.75104859
   0.51629179  0.53523841  0.53878458
   0.60159263  0.44583781  0.64914438
   0.60426160  0.55084653  0.94662453
   0.31837151  0.31792615  0.59616986
   0.52674717  0.47589730  0.86240779
   0.28089333  0.19083822  0.69555565
   0.50408559  0.49415257  0.74840009
   0.01985968  0.96427694  0.96217029
   0.09695399  0.04765549  0.85110218
   0.60426160  0.05084648  0.44662459
   0.31837151  0.81792615  0.09616987
   0.52674717  0.97589727  0.36240776
   0.28089333  0.69083822  0.19555560
   0.50408559  0.99415257  0.24840006
   0.01985968  0.46427697  0.46217029
   0.09695399  0.54765551  0.35110224
   0.32355036  0.16731103  0.50035659
   0.32355036  0.66731109  1.00035662
   0.82544806  0.83246982  0.50006626
   0.82544806  0.33246988  0.00006626
   0.29078430  0.24702269  0.34581244
   0.29078430  0.74702269  0.84581247
   0.78997697  0.75239290  0.54968643
   0.78997697  0.25239290  0.04968643
