   0.24417437  0.24694952  0.10346179
   0.23421746  0.27414350  0.21993191
   0.24417437  0.74694952  0.60346181
   0.23421746  0.77414353  0.71993187
   0.74917996  0.75161013  0.89372105
   0.71875535  0.73037063  0.78146006
   0.74917996  0.25161013  0.39372108
   0.71875535  0.23037064  0.28146000
   0.75009447  0.75489932  0.10364249
   0.74589349  0.73001424  0.21993734
   0.75009447  0.25489935  0.60364251
   0.74589349  0.23001423  0.71993737
   0.25264133  0.24622024  0.89368154
   0.23496199  0.28167010  0.78109623
   0.25264133  0.74622027  0.39368157
   0.23496199  0.78167007  0.28109626
   0.24886648  0.24075767  0.00145947
   0.24886648  0.74075767  0.50145947
   0.75382464  0.75623822  1.00157630
   0.75382464  0.25623822  0.50157624
   0.79316804  0.75055077  0.34725111
   0.79316804  0.25055077  0.84725111
   0.79121591  0.75089850  0.65193089
   0.79121591  0.25089852  0.15193090
   0.79669760  0.75329604  0.45110011
   0.79669760  0.25329604  0.95110008
   0.29608782  0.24597655  0.54937488
   0.29198160  0.24872582  0.65243121
   0.29198160  0.74872582  0.15243121
   0.29608782  0.74597654  0.04937487
   0.29749778  0.24687968  0.45084230
   0.29749778  0.74687968  0.95084230
   0.60730971  0.55680659  0.05355024
   0.31965631  0.31938491  0.40540277
   0.52240297  0.47405759  0.13719360
   0.30793603  0.18347977  0.30239481
   0.50211257  0.49703904  0.25063082
   0.02032511  0.96189701  0.03887245
   0.10115517  0.05260629  0.14904947
   0.60730971  0.05680660  0.55355021
   0.31965631  0.81938491  0.90540277
   0.52240297  0.97405762  0.63719359
   0.30793603  0.68347974  0.80239481
   0.50211257  0.99703907  0.75063085
   0.02032511  0.46189704  0.53887245
   0.10115517  0.55260634  0.64904950
   0.10676497  0.44806003  0.94663746
   0.82498657  0.67890340  0.59648197
   0.02575076  0.52317107  0.86219234
   0.79105065  0.80866929  0.69509036
   0.00004727  0.50449957  0.74889840
   0.52140615  0.03546909  0.96239023
   0.59172087  0.95498360  0.85158680
   0.10676497  0.94806006  0.44663743
   0.82498657  0.17890340  0.09648198
   0.02575076  0.02317109  0.36219234
   0.79105065  0.30866929  0.19509036
   0.00004727  0.00449960  0.24889841
   0.52140615  0.53546911  0.46239020
   0.59172087  0.45498366  0.35158683
   0.10642186  0.44750812  0.05375469
   0.81806962  0.68304035  0.40480070
   0.02335255  0.52686349  0.13670039
   0.78951516  0.80754886  0.30384312
   0.00047248  0.50696206  0.25092958
   0.51778802  0.03480385  0.03876992
   0.60045452  0.94643278  0.14906250
   0.10642186  0.94750809  0.55375474
   0.81806962  0.18304037  0.90480073
   0.02335255  0.02686346  0.63670036
   0.78951516  0.30754889  0.80384309
   0.00047248  0.00696207  0.75092958
   0.51778802  0.53480385  0.53876990
   0.60045452  0.44643278  0.64906253
   0.60640199  0.55128639  0.94674165
   0.31872480  0.31792872  0.59611247
   0.52659900  0.47658636  0.86251442
   0.27859826  0.19050526  0.69537954
   0.50302710  0.49417191  0.74831155
   0.02179924  0.96436024  0.96236268
   0.09407888  0.04532889  0.85135586
   0.60640199  0.05128634  0.44674171
   0.31872480  0.81792872  0.09611248
   0.52659900  0.97658633  0.36251439
   0.27859826  0.69050526  0.19537950
   0.50302710  0.99417191  0.24831152
   0.02179924  0.46436027  0.46236268
   0.09407888  0.54532891  0.35135592
   0.32498945  0.16704337  0.50042474
   0.32498945  0.66704343  1.00042477
   0.82685315  0.83250975  0.50014749
   0.82685315  0.33250981  0.00014749
   0.29002756  0.24630064  0.34587797
   0.29002756  0.74630064  0.84587800
   0.79094266  0.75259059  0.54964024
   0.79094266  0.25259059  0.04964023
