   0.24420113  0.24696857  0.10344967
   0.23386720  0.27423808  0.21989859
   0.24420113  0.74696857  0.60344968
   0.23386720  0.77423811  0.71989855
   0.74917142  0.75171335  0.89371924
   0.71843786  0.73038939  0.78143701
   0.74917142  0.25171335  0.39371927
   0.71843786  0.23038941  0.28143695
   0.75009715  0.75496465  0.10363277
   0.74567205  0.73004488  0.21991472
   0.75009715  0.25496468  0.60363279
   0.74567205  0.23004486  0.71991475
   0.25260209  0.24601618  0.89367633
   0.23473284  0.28170650  0.78106824
   0.25260209  0.74601621  0.39367636
   0.23473284  0.78170647  0.28106827
   0.24909746  0.24071188  0.00146351
   0.24909746  0.74071188  0.50146351
   0.75405897  0.75627167  1.00158400
   0.75405897  0.25627167  0.50158394
   0.79302283  0.75061983  0.34724908
   0.79302283  0.25061983  0.84724908
   0.79116339  0.75092941  0.65191338
   0.79116339  0.25092942  0.15191340
   0.79694007  0.75331484  0.45112101
   0.79694007  0.25331484  0.95112098
   0.29624489  0.24596330  0.54937562
   0.29189690  0.24872981  0.65241576
   0.29189690  0.74872981  0.15241576
   0.29624489  0.74596329  0.04937561
   0.29774314  0.24680049  0.45086475
   0.29774314  0.74680049  0.95086475
   0.60745739  0.55679552  0.05356184
   0.31973764  0.31930085  0.40543438
   0.52238204  0.47409271  0.13718553
   0.30788377  0.18347869  0.30239505
   0.50187294  0.49704862  0.25060423
   0.02054916  0.96194297  0.03888051
   0.10102288  0.05255127  0.14903048
   0.60745739  0.05679553  0.55356182
   0.31973764  0.81930085  0.90543438
   0.52238204  0.97409274  0.63718552
   0.30788377  0.68347867  0.80239505
   0.50187294  0.99704865  0.75060426
   0.02054916  0.46194300  0.53888050
   0.10102288  0.55255132  0.64903051
   0.10720427  0.44783691  0.94666006
   0.82499019  0.67893157  0.59647686
   0.02576574  0.52299701  0.86219142
   0.79116012  0.80878476  0.69506730
  -0.00020125  0.50455467  0.74888348
   0.52167910  0.03544070  0.96241390
   0.59120844  0.95532390  0.85163461
   0.10720427  0.94783694  0.44666003
   0.82499019  0.17893157  0.09647687
   0.02576574  0.02299704  0.36219142
   0.79116012  0.30878476  0.19506730
  -0.00020125  0.00455470  0.24888350
   0.52167910  0.53544073  0.46241387
   0.59120844  0.45532396  0.35163464
   0.10655275  0.44752220  0.05376293
   0.81817313  0.68307162  0.40483054
   0.02335078  0.52683075  0.13667631
   0.78936190  0.80753263  0.30384563
   0.00024519  0.50704756  0.25090705
   0.51801685  0.03474669  0.03877461
   0.60033519  0.94651308  0.14905908
   0.10655275  0.94752217  0.55376297
   0.81817313  0.18307163  0.90483057
   0.02335078  0.02683072  0.63667628
   0.78936190  0.30753266  0.80384560
   0.00024519  0.00704757  0.75090705
   0.51801685  0.53474670  0.53877459
   0.60033519  0.44651308  0.64905911
   0.60683079  0.55143454  0.94676143
   0.31880226  0.31793183  0.59611107
   0.52659668  0.47672709  0.86252105
   0.27831692  0.19046742  0.69535371
   0.50278557  0.49417741  0.74829432
   0.02206576  0.96432095  0.96238775
   0.09357957  0.04491997  0.85139478
   0.60683079  0.05143450  0.44676149
   0.31880226  0.81793183  0.09611108
   0.52659668  0.97672706  0.36252102
   0.27831692  0.69046742  0.19535367
   0.50278557  0.99417741  0.24829429
   0.02206576  0.46432098  0.46238775
   0.09357957  0.54491999  0.35139484
   0.32523182  0.16700149  0.50043693
   0.32523182  0.66700155  1.00043696
   0.82708987  0.83251176  0.50016095
   0.82708987  0.33251182  0.00016095
   0.28989178  0.24617036  0.34587877
   0.28989178  0.74617036  0.84587880
   0.79111113  0.75260950  0.54963970
   0.79111113  0.25260950  0.04963969
