   0.24484918  0.24678440  0.10380615
   0.23747022  0.27265047  0.22034784
   0.24484918  0.74678440  0.60380617
   0.23747022  0.77265050  0.72034779
   0.75015679  0.75063006  0.89355012
   0.72392064  0.73036593  0.78149822
   0.75015679  0.25063006  0.39355015
   0.72392064  0.23036595  0.28149816
   0.75118805  0.75382973  0.10397516
   0.74555207  0.72922735  0.22011151
   0.75118805  0.25382976  0.60397518
   0.74555207  0.22922734  0.72011154
   0.25457326  0.24907291  0.89350623
   0.23632614  0.28143667  0.78145883
   0.25457326  0.74907293  0.39350626
   0.23632614  0.78143664  0.28145886
   0.24527433  0.24182122  0.00156772
   0.24527433  0.74182122  0.50156772
   0.75029289  0.75546845  1.00127663
   0.75029289  0.25546845  0.50127657
   0.79564298  0.74990845  0.34708763
   0.79564298  0.24990845  0.84708763
   0.79299900  0.75045049  0.65240595
   0.79299900  0.25045050  0.15240596
   0.79347943  0.75285968  0.45067177
   0.79347943  0.25285968  0.95067174
   0.29418280  0.24652255  0.54950982
   0.29432698  0.24866958  0.65288567
   0.29432698  0.74866958  0.15288567
   0.29418280  0.74652254  0.04950981
   0.29398341  0.24776450  0.45038078
   0.29398341  0.74776450  0.95038078
   0.60566114  0.55737021  0.05366420
   0.31839579  0.31951834  0.40481058
   0.52394273  0.47360511  0.13749635
   0.30447972  0.18317221  0.30218584
   0.50388078  0.49661841  0.25100258
   0.01659571  0.96082832  0.03888093
   0.10418047  0.05345018  0.14965005
   0.60566114  0.05737021  0.55366417
   0.31839579  0.81951834  0.90481058
   0.52394273  0.97360514  0.63749633
   0.30447972  0.68317218  0.80218584
   0.50388078  0.99661844  0.75100261
   0.01659571  0.46082835  0.53888093
   0.10418047  0.55345023  0.64965008
   0.10277319  0.44882450  0.94622777
   0.82557107  0.67864540  0.59679155
   0.02650788  0.52524304  0.86211305
   0.78962756  0.80765324  0.69556570
   0.00155470  0.50356963  0.74895234
   0.51611447  0.03709992  0.96190060
   0.59871131  0.95102213  0.85074171
   0.10277319  0.94882453  0.44622774
   0.82557107  0.17864540  0.09679156
   0.02650788  0.02524306  0.36211305
   0.78962756  0.30765324  0.19556570
   0.00155470  0.00356966  0.24895235
   0.51611447  0.53709994  0.46190057
   0.59871131  0.45102219  0.35074174
   0.10530137  0.44658661  0.05376196
   0.81620476  0.68315625  0.40421568
   0.02461596  0.52720781  0.13729396
   0.79191033  0.80810420  0.30363496
   0.00163664  0.50556305  0.25118892
   0.51370901  0.03667734  0.03895270
   0.60351340  0.94502505  0.14946743
   0.10530137  0.94658658  0.55376200
   0.81620476  0.18315626  0.90421570
   0.02461596  0.02720779  0.63729393
   0.79191033  0.30810423  0.80363493
   0.00163664  0.00556305  0.75118892
   0.51370901  0.53667735  0.53895268
   0.60351340  0.44502505  0.64946746
   0.60279071  0.55140386  0.94648599
   0.31813000  0.31811239  0.59638221
   0.52741205  0.47530496  0.86215867
   0.28517101  0.19073474  0.69587669
   0.50457976  0.49414396  0.74848403
   0.01602166  0.96265016  0.96175030
   0.10110082  0.05093142  0.85061841
   0.60279071  0.05140381  0.44648605
   0.31813000  0.81811239  0.09638222
   0.52741205  0.97530493  0.36215864
   0.28517101  0.69073474  0.19587664
   0.50457976  0.99414396  0.24848400
   0.01602166  0.46265019  0.46175030
   0.10110082  0.55093144  0.35061847
   0.32164154  0.16747667  0.50029271
   0.32164154  0.66747673  1.00029274
   0.82346898  0.83264348  0.49995406
   0.82346898  0.33264354 -0.00004594
   0.29180708  0.24789406  0.34562538
   0.29180708  0.74789406  0.84562541
   0.78876992  0.75230076  0.54983260
   0.78876992  0.25230076  0.04983260
