   0.24468943  0.24678305  0.10375149
   0.23725409  0.27277685  0.22031113
   0.24468943  0.74678305  0.60375150
   0.23725409  0.77277688  0.72031108
   0.74990952  0.75068774  0.89358283
   0.72318572  0.73037884  0.78152452
   0.74990952  0.25068774  0.39358286
   0.72318572  0.23037886  0.28152446
   0.75101037  0.75389447  0.10391720
   0.74592659  0.72936193  0.22010896
   0.75101037  0.25389450  0.60391722
   0.74592659  0.22936191  0.72010899
   0.25422547  0.24882235  0.89354509
   0.23630074  0.28140406  0.78142145
   0.25422547  0.74882238  0.39354512
   0.23630074  0.78140403  0.28142148
   0.24568946  0.24169269  0.00151930
   0.24568946  0.74169269  0.50151930
   0.75069660  0.75553437  1.00135167
   0.75069660  0.25553437  0.50135161
   0.79534100  0.74996902  0.34710202
   0.79534100  0.24996902  0.84710202
   0.79274489  0.75050668  0.65235233
   0.79274489  0.25050670  0.15235234
   0.79377671  0.75293435  0.45072734
   0.79377671  0.25293435  0.95072731
   0.29430574  0.24641657  0.54948214
   0.29401234  0.24867124  0.65282997
   0.29401234  0.74867124  0.15282997
   0.29430574  0.74641656  0.04948213
   0.29436643  0.24770552  0.45044474
   0.29436643  0.74770552  0.95044474
   0.60578450  0.55728118  0.05360169
   0.31856876  0.31961842  0.40488937
   0.52367041  0.47361539  0.13744369
   0.30534168  0.18340750  0.30221284
   0.50379735  0.49672189  0.25096070
   0.01712030  0.96101651  0.03887544
   0.10385296  0.05344180  0.14955405
   0.60578450  0.05728119  0.55360166
   0.31856876  0.81961842  0.90488937
   0.52367041  0.97361542  0.63744367
   0.30534168  0.68340747  0.80221284
   0.50379735  0.99672192  0.75096073
   0.01712030  0.46101654  0.53887544
   0.10385296  0.55344186  0.64955408
   0.10301553  0.44893611  0.94630016
   0.82550533  0.67865752  0.59673626
   0.02633189  0.52506132  0.86211915
   0.78966985  0.80754048  0.69550295
   0.00156100  0.50366690  0.74896623
   0.51686652  0.03677985  0.96197423
   0.59790340  0.95141608  0.85085464
   0.10301553  0.94893614  0.44630013
   0.82550533  0.17865752  0.09673628
   0.02633189  0.02506134  0.36211915
   0.78966985  0.30754048  0.19550295
   0.00156100  0.00366693  0.24896625
   0.51686652  0.53677988  0.46197420
   0.59790340  0.45141614  0.35085467
   0.10531814  0.44682735  0.05374676
   0.81637572  0.68312756  0.40429382
   0.02434102  0.52724651  0.13720923
   0.79166936  0.80781749  0.30367769
   0.00168382  0.50573919  0.25116696
   0.51428485  0.03625995  0.03890497
   0.60313158  0.94517246  0.14937161
   0.10531814  0.94682732  0.55374680
   0.81637572  0.18312758  0.90429385
   0.02434102  0.02724648  0.63720920
   0.79166936  0.30781752  0.80367766
   0.00168382  0.00573919  0.75116696
   0.51428485  0.53625996  0.53890495
   0.60313158  0.44517246  0.64937164
   0.60292165  0.55116625  0.94651855
   0.31813196  0.31802390  0.59632532
   0.52720948  0.47538373  0.86220831
   0.28425698  0.19086476  0.69581138
   0.50456289  0.49414976  0.74847113
   0.01692602  0.96315170  0.96185506
   0.10025461  0.05027170  0.85073303
   0.60292165  0.05116621  0.44651861
   0.31813196  0.81802390  0.09632533
   0.52720948  0.97538370  0.36220828
   0.28425698  0.69086476  0.19581133
   0.50456289  0.99414976  0.24847110
   0.01692602  0.46315173  0.46185506
   0.10025461  0.55027172  0.35073309
   0.32200812  0.16750817  0.50030410
   0.32200812  0.66750823  1.00030413
   0.82387643  0.83254422  0.49997585
   0.82387643  0.33254428 -0.00002415
   0.29163025  0.24775972  0.34565296
   0.29163025  0.74775972  0.84565299
   0.78899224  0.75228473  0.54980963
   0.78899224  0.25228473  0.04980963
