   0.24424332  0.24684578  0.10356565
   0.23599278  0.27349280  0.22012112
   0.24424332  0.74684578  0.60356566
   0.23599278  0.77349283  0.72012107
   0.74933519  0.75109065  0.89369244
   0.72068986  0.73031236  0.78154757
   0.74933519  0.25109065  0.39369247
   0.72068986  0.23031237  0.28154751
   0.75036302  0.75441812  0.10373065
   0.74656644  0.72976656  0.22004118
   0.75036302  0.25441815  0.60373067
   0.74656644  0.22976655  0.72004121
   0.25310400  0.24750935  0.89366552
   0.23593049  0.28146657  0.78125554
   0.25310400  0.74750938  0.39366555
   0.23593049  0.78146654  0.28125557
   0.24734394  0.24115361  0.00144869
   0.24734394  0.74115361  0.50144869
   0.75231029  0.75593337  1.00151729
   0.75231029  0.25593337  0.50151723
   0.79415706  0.75022966  0.34720602
   0.79415706  0.25022966  0.84720602
   0.79182086  0.75072150  0.65211626
   0.79182086  0.25072152  0.15211627
   0.79518585  0.75316048  0.45094362
   0.79518585  0.25316048  0.95094359
   0.29510399  0.24611479  0.54939918
   0.29282343  0.24868003  0.65260483
   0.29282343  0.74868003  0.15260483
   0.29510399  0.74611477  0.04939917
   0.29595133  0.24735968  0.45067405
   0.29595133  0.74735968  0.95067405
   0.60650401  0.55693649  0.05351460
   0.31917222  0.31971000  0.40517738
   0.52281366  0.47379861  0.13728453
   0.30756228  0.18362928  0.30233687
   0.50321256  0.49696037  0.25078481
   0.01886851  0.96162383  0.03885466
   0.10237484  0.05305208  0.14924129
   0.60650401  0.05693650  0.55351458
   0.31917222  0.81971000  0.90517738
   0.52281366  0.97379864  0.63728451
   0.30756228  0.68362925  0.80233687
   0.50321256  0.99696040  0.75078484
   0.01886851  0.46162386  0.53885465
   0.10237484  0.55305213  0.64924132
   0.10455143  0.44887994  0.94649376
   0.82515121  0.67874365  0.59656098
   0.02589160  0.52417329  0.86216193
   0.79030304  0.80789296  0.69526882
   0.00113055  0.50411758  0.74895995
   0.51948012  0.03583599  0.96221981
   0.59466718  0.95318538  0.85126789
   0.10455143  0.94887997  0.44649373
   0.82515121  0.17874365  0.09656099
   0.02589160  0.02417331  0.36216193
   0.79030304  0.30789296  0.19526882
   0.00113055  0.00411761  0.24895996
   0.51948012  0.53583601  0.46221978
   0.59466718  0.45318544  0.35126792
   0.10567512  0.44729076  0.05372926
   0.81732817  0.68299548  0.40458130
   0.02362697  0.52712746  0.13690687
   0.79051033  0.80749681  0.30378863
   0.00143618  0.50642848  0.25104700
   0.51630348  0.03524867  0.03878524
   0.60159080  0.94583376  0.14914483
   0.10567512  0.94729073  0.55372930
   0.81732817  0.18299550  0.90458133
   0.02362697  0.02712743  0.63690684
   0.79051033  0.30749684  0.80378860
   0.00143618  0.00642848  0.75104700
   0.51630348  0.53524868  0.53878521
   0.60159080  0.44583376  0.64914486
   0.60425142  0.55086475  0.94662535
   0.31837555  0.31793052  0.59617433
   0.52675154  0.47589397  0.86240573
   0.28089242  0.19084430  0.69555307
   0.50409251  0.49414657  0.74839995
   0.01983395  0.96429353  0.96217194
   0.09697020  0.04764464  0.85109959
   0.60425142  0.05086471  0.44662541
   0.31837555  0.81793052  0.09617435
   0.52675154  0.97589394  0.36240570
   0.28089242  0.69084430  0.19555303
   0.50409251  0.99414657  0.24839992
   0.01983395  0.46429356  0.46217194
   0.09697020  0.54764466  0.35109965
   0.32354975  0.16730763  0.50035568
   0.32354975  0.66730769  1.00035571
   0.82544885  0.83247190  0.50006701
   0.82544885  0.33247196  0.00006701
   0.29073245  0.24698640  0.34582488
   0.29073245  0.74698640  0.84582491
   0.79002494  0.75239944  0.54968237
   0.79002494  0.25239944  0.04968237
