   0.24419036  0.24696483  0.10345062
   0.23390317  0.27422764  0.21990284
   0.24419036  0.74696483  0.60345063
   0.23390317  0.77422767  0.71990280
   0.74917304  0.75169654  0.89371984
   0.71846715  0.73038265  0.78143772
   0.74917304  0.25169654  0.39371987
   0.71846715  0.23038267  0.28143766
   0.75009214  0.75496013  0.10363367
   0.74569703  0.73004037  0.21991773
   0.75009214  0.25496016  0.60363369
   0.74569703  0.23004036  0.71991776
   0.25260020  0.24604179  0.89367702
   0.23475774  0.28170808  0.78106952
   0.25260020  0.74604182  0.39367705
   0.23475774  0.78170805  0.28106955
   0.24906795  0.24071934  0.00146412
   0.24906795  0.74071934  0.50146412
   0.75403182  0.75626487  1.00158415
   0.75403182  0.25626487  0.50158409
   0.79304307  0.75061568  0.34725209
   0.79304307  0.25061568  0.84725209
   0.79117065  0.75091782  0.65190909
   0.79117065  0.25091784  0.15190911
   0.79690762  0.75331302  0.45112077
   0.79690762  0.25331302  0.95112074
   0.29622104  0.24596172  0.54937514
   0.29190997  0.24873539  0.65241166
   0.29190997  0.74873539  0.15241166
   0.29622104  0.74596171  0.04937513
   0.29770996  0.24680720  0.45086505
   0.29770996  0.74680720  0.95086505
   0.60744849  0.55679782  0.05356092
   0.31973491  0.31931079  0.40542982
   0.52238445  0.47409021  0.13718711
   0.30789222  0.18347591  0.30239437
   0.50189156  0.49704764  0.25060576
   0.02053397  0.96194217  0.03887952
   0.10103354  0.05255165  0.14903275
   0.60744849  0.05679783  0.55356090
   0.31973491  0.81931079  0.90542982
   0.52238445  0.97409024  0.63718709
   0.30789222  0.68347588  0.80239437
   0.50189156  0.99704767  0.75060579
   0.02053397  0.46194220  0.53887952
   0.10103354  0.55255170  0.64903278
   0.10717031  0.44785191  0.94665754
   0.82499224  0.67892598  0.59647659
   0.02577180  0.52301018  0.86219104
   0.79115335  0.80878748  0.69507566
  -0.00018321  0.50454936  0.74888477
   0.52166007  0.03543940  0.96241134
   0.59124869  0.95530143  0.85163087
   0.10717031  0.94785194  0.44665751
   0.82499224  0.17892598  0.09647660
   0.02577180  0.02301020  0.36219104
   0.79115335  0.30878748  0.19507566
  -0.00018321  0.00454939  0.24888478
   0.52166007  0.53543943  0.46241131
   0.59124869  0.45530149  0.35163090
   0.10654237  0.44751814  0.05376227
   0.81816847  0.68306395  0.40482687
   0.02335327  0.52683290  0.13667884
   0.78937393  0.80753747  0.30384304
   0.00026243  0.50704116  0.25090812
   0.51800091  0.03474707  0.03877384
   0.60034250  0.94650712  0.14906029
   0.10654237  0.94751811  0.55376231
   0.81816847  0.18306397  0.90482690
   0.02335327  0.02683287  0.63667881
   0.78937393  0.30753750  0.80384301
   0.00026243  0.00704117  0.75090812
   0.51800091  0.53474707  0.53877381
   0.60034250  0.44650712  0.64906032
   0.60679618  0.55142517  0.94675909
   0.31879935  0.31793467  0.59611086
   0.52660115  0.47671606  0.86252039
   0.27833292  0.19045955  0.69536216
   0.50280349  0.49417625  0.74829587
   0.02204629  0.96432611  0.96238517
   0.09361619  0.04494649  0.85139165
   0.60679618  0.05142512  0.44675915
   0.31879935  0.81793467  0.09611087
   0.52660115  0.97671603  0.36252036
   0.27833292  0.69045955  0.19536211
   0.50280349  0.99417625  0.24829584
   0.02204629  0.46432614  0.46238517
   0.09361619  0.54494651  0.35139171
   0.32521946  0.16700303  0.50043477
   0.32521946  0.66700309  1.00043480
   0.82707757  0.83251170  0.50015896
   0.82707757  0.33251176  0.00015896
   0.28993420  0.24621128  0.34587859
   0.28993420  0.74621128  0.84587862
   0.79105370  0.75260269  0.54964007
   0.79105370  0.25260269  0.04964006
