   0.24419230  0.24688098  0.10352838
   0.23556745  0.27368697  0.22006481
   0.24419230  0.74688098  0.60352840
   0.23556745  0.77368700  0.72006477
   0.74927115  0.75121223  0.89371166
   0.72015907  0.73031985  0.78153501
   0.74927115  0.25121223  0.39371169
   0.72015907  0.23031987  0.28153495
   0.75024842  0.75454911  0.10369824
   0.74650015  0.72983692  0.22001065
   0.75024842  0.25454914  0.60369826
   0.74650015  0.22983691  0.72001068
   0.25292221  0.24715847  0.89368233
   0.23572676  0.28151301  0.78121625
   0.25292221  0.74715850  0.39368236
   0.23572676  0.78151298  0.28121628
   0.24778404  0.24103140  0.00145052
   0.24778404  0.74103140  0.50145052
   0.75275588  0.75602757  1.00153869
   0.75275588  0.25602757  0.50153863
   0.79383125  0.75033134  0.34723134
   0.79383125  0.25033134  0.84723134
   0.79159019  0.75078545  0.65204501
   0.79159019  0.25078546  0.15204503
   0.79565247  0.75320365  0.45100285
   0.79565247  0.25320365  0.95100282
   0.29540239  0.24605892  0.54938377
   0.29251229  0.24869270  0.65253061
   0.29251229  0.74869270  0.15253061
   0.29540239  0.74605891  0.04938376
   0.29643079  0.24722313  0.45073821
   0.29643079  0.74722313  0.95073821
   0.60670903  0.55689733  0.05351754
   0.31928944  0.31965604  0.40523912
   0.52267070  0.47385143  0.13725505
   0.30777645  0.18357993  0.30235786
   0.50299045  0.49698205  0.25074779
   0.01924485  0.96171467  0.03885375
   0.10199385  0.05295334  0.14918361
   0.60670903  0.05689733  0.55351752
   0.31928944  0.81965604  0.90523912
   0.52267070  0.97385146  0.63725503
   0.30777645  0.68357991  0.80235786
   0.50299045  0.99698208  0.75074782
   0.01924485  0.46171470  0.53885375
   0.10199385  0.55295339  0.64918364
   0.10506941  0.44874038  0.94653006
   0.82507733  0.67877904  0.59653474
   0.02585535  0.52395644  0.86217254
   0.79049589  0.80807289  0.69521181
   0.00092420  0.50421371  0.74894977
   0.52003025  0.03569829  0.96226901
   0.59387788  0.95361221  0.85135732
   0.10506941  0.94874041  0.44653003
   0.82507733  0.17877904  0.09653476
   0.02585535  0.02395646  0.36217254
   0.79049589  0.30807289  0.19521181
   0.00092420  0.00421374  0.24894979
   0.52003025  0.53569831  0.46226898
   0.59387788  0.45361227  0.35135735
   0.10583127  0.44733776  0.05373265
   0.81753555  0.68297816  0.40464255
   0.02349410  0.52704485  0.13684393
   0.79024222  0.80749523  0.30381527
   0.00126533  0.50657032  0.25102049
   0.51669915  0.03510958  0.03877106
   0.60125958  0.94600507  0.14911578
   0.10583127  0.94733773  0.55373269
   0.81753555  0.18297817  0.90464258
   0.02349410  0.02704482  0.63684390
   0.79024222  0.30749526  0.80381524
   0.00126533  0.00657032  0.75102049
   0.51669915  0.53510959  0.53877103
   0.60125958  0.44600507  0.64911581
   0.60474500  0.55091771  0.94665207
   0.31844863  0.31792982  0.59615143
   0.52666245  0.47608042  0.86244281
   0.28021211  0.19075554  0.69550488
   0.50388092  0.49415721  0.74838037
   0.02041541  0.96437400  0.96222918
   0.09623278  0.04702385  0.85117188
   0.60474500  0.05091766  0.44665213
   0.31844863  0.81792982  0.09615145
   0.52666245  0.97608039  0.36244278
   0.28021211  0.69075554  0.19550483
   0.50388092  0.99415721  0.24838034
   0.02041541  0.46437403  0.46222918
   0.09623278  0.54702387  0.35117194
   0.32392254  0.16724045  0.50037107
   0.32392254  0.66724051  1.00037110
   0.82580113  0.83247716  0.50008988
   0.82580113  0.33247722  0.00008988
   0.29057760  0.24684092  0.34584900
   0.29057760  0.74684092  0.84584903
   0.79022203  0.75244232  0.54966730
   0.79022203  0.25244232  0.04966730
