   0.24434907  0.24680982  0.10362801
   0.23654603  0.27320792  0.22020446
   0.24434907  0.74680982  0.60362803
   0.23654603  0.77320795  0.72020441
   0.74947533  0.75089939  0.89366259
   0.72154661  0.73034048  0.78155359
   0.74947533  0.25089939  0.39366262
   0.72154661  0.23034049  0.28155353
   0.75056970  0.75420126  0.10378962
   0.74647066  0.72963675  0.22008009
   0.75056970  0.25420129  0.60378964
   0.74647066  0.22963673  0.72008012
   0.25344562  0.24805981  0.89363520
   0.23614541  0.28141592  0.78131954
   0.25344562  0.74805984  0.39363523
   0.23614541  0.78141589  0.28131957
   0.24671295  0.24137094  0.00145917
   0.24671295  0.74137094  0.50145917
   0.75165732  0.75575900  1.00147575
   0.75165732  0.25575900  0.50147569
   0.79458378  0.75009298  0.34719759
   0.79458378  0.25009298  0.84719759
   0.79217011  0.75057751  0.65215213
   0.79217011  0.25057752  0.15215214
   0.79459242  0.75309315  0.45088658
   0.79459242  0.25309315  0.95088655
   0.29476741  0.24620849  0.54940998
   0.29327440  0.24873242  0.65264175
   0.29327440  0.74873242  0.15264175
   0.29476741  0.74620847  0.04940997
   0.29531385  0.24749506  0.45062362
   0.29531385  0.74749506  0.95062362
   0.60620752  0.55704269  0.05352731
   0.31896695  0.31976122  0.40506051
   0.52309845  0.47371745  0.13734219
   0.30695519  0.18362854  0.30228617
   0.50351131  0.49689546  0.25085199
   0.01824298  0.96141191  0.03886237
   0.10295722  0.05324024  0.14935451
   0.60620752  0.05704270  0.55352729
   0.31896695  0.81976122  0.90506051
   0.52309845  0.97371748  0.63734218
   0.30695519  0.68362851  0.80228617
   0.50351131  0.99689549  0.75085202
   0.01824298  0.46141194  0.53886236
   0.10295722  0.55324029  0.64935454
   0.10385855  0.44903759  0.94642302
   0.82530451  0.67869158  0.59661962
   0.02600768  0.52452290  0.86214376
   0.78999885  0.80768540  0.69539109
   0.00138600  0.50394411  0.74897051
   0.51856611  0.03614394  0.96212630
   0.59590576  0.95248380  0.85111530
   0.10385855  0.94903762  0.44642299
   0.82530451  0.17869158  0.09661963
   0.02600768  0.02452292  0.36214376
   0.78999885  0.30768540  0.19539109
   0.00138600  0.00394414  0.24897052
   0.51856611  0.53614397  0.46212627
   0.59590576  0.45248386  0.35111533
   0.10547843  0.44717643  0.05373254
   0.81696546  0.68301718  0.40447036
   0.02384858  0.52720235  0.13702008
   0.79098429  0.80754827  0.30373215
   0.00162757  0.50616796  0.25109394
   0.51558449  0.03554865  0.03881927
   0.60216037  0.94557140  0.14921348
   0.10547843  0.94717640  0.55373258
   0.81696546  0.18301720  0.90447039
   0.02384858  0.02720232  0.63702005
   0.79098429  0.30754830  0.80373212
   0.00162757  0.00616796  0.75109394
   0.51558449  0.53554866  0.53881924
   0.60216037  0.44557140  0.64921351
   0.60359949  0.55084598  0.94657772
   0.31826046  0.31794911  0.59622412
   0.52688671  0.47566987  0.86233577
   0.28211811  0.19088017  0.69567879
   0.50436531  0.49413867  0.74842979
   0.01886010  0.96399719  0.96205885
   0.09819707  0.04864137  0.85097178
   0.60359949  0.05084593  0.44657778
   0.31826046  0.81794911  0.09622413
   0.52688671  0.97566984  0.36233574
   0.28211811  0.69088017  0.19567874
   0.50436531  0.99413867  0.24842976
   0.01886010  0.46399722  0.46205885
   0.09819707  0.54864139  0.35097184
   0.32295024  0.16742247  0.50033143
   0.32295024  0.66742253  1.00033146
   0.82485331  0.83245717  0.50002988
   0.82485331  0.33245723  0.00002988
   0.29108771  0.24732592  0.34576594
   0.29108771  0.74732592  0.84576597
   0.78958426  0.75233195  0.54971973
   0.78958426  0.25233195  0.04971973
