   0.24602190  0.24709796  0.10413585
   0.23809012  0.27234766  0.22043268
   0.24602190  0.74709796  0.60413587
   0.23809012  0.77234769  0.72043264
   0.75183076  0.75037196  0.89336549
   0.72771318  0.72975671  0.78132386
   0.75183076  0.25037196  0.39336552
   0.72771318  0.22975672  0.28132380
   0.75191510  0.75401447  0.10433869
   0.74292436  0.72868021  0.22005922
   0.75191510  0.25401450  0.60433871
   0.74292436  0.22868020  0.72005925
   0.25573124  0.24963303  0.89326151
   0.23620684  0.28122441  0.78154613
   0.25573124  0.74963306  0.39326154
   0.23620684  0.78122438  0.28154616
   0.24343225  0.24190811  0.00186247
   0.24343225  0.74190811  0.50186247
   0.74830611  0.75582651  1.00069663
   0.74830611  0.25582651  0.50069657
   0.79666641  0.74979759  0.34699869
   0.79666641  0.24979759  0.84699869
   0.79409840  0.75033396  0.65276878
   0.79409840  0.25033397  0.15276880
   0.79248472  0.75284863  0.45031473
   0.79248472  0.25284863  0.95031470
   0.29375781  0.24681276  0.54967052
   0.29554943  0.24866529  0.65316683
   0.29554943  0.74866529  0.15316683
   0.29375781  0.74681274  0.04967050
   0.29235692  0.24758519  0.44995703
   0.29235692  0.74758519  0.94995703
   0.60499293  0.55802462  0.05418451
   0.31781403  0.31906444  0.40443152
   0.52522464  0.47361464  0.13775083
   0.29973300  0.18149452  0.30213450
   0.50395484  0.49592023  0.25116806
   0.01435296  0.95934305  0.03883272
   0.10509189  0.05316708  0.15009694
   0.60499293  0.05802463  0.55418449
   0.31781403  0.81906444  0.90443152
   0.52522464  0.97361467  0.63775082
   0.29973300  0.68149449  0.80213450
   0.50395484  0.99592025  0.75116809
   0.01435296  0.45934308  0.53883272
   0.10509189  0.55316714  0.65009697
   0.10234682  0.44790134  0.94577815
   0.82538063  0.67836839  0.59704687
   0.02719633  0.52583327  0.86218809
   0.79001204  0.80921767  0.69581847
   0.00130722  0.50324301  0.74878846
   0.51277232  0.03877000  0.96160320
   0.60203316  0.94945097  0.85024926
   0.10234682  0.94790137  0.44577812
   0.82538063  0.17836839  0.09704688
   0.02719633  0.02583329  0.36218809
   0.79001204  0.30921767  0.19581847
   0.00130722  0.00324304  0.24878848
   0.51277232  0.53877002  0.46160317
   0.60203316  0.44945103  0.35024929
   0.10609592  0.44496637  0.05387321
   0.81669596  0.68278386  0.40389608
   0.02610523  0.52659280  0.13763804
   0.79271626  0.81060414  0.30343366
   0.00127530  0.50521403  0.25119883
   0.51054114  0.03900933  0.03919160
   0.60503629  0.94450585  0.15010822
   0.10609592  0.94496634  0.55387325
   0.81669596  0.18278388  0.90389611
   0.02610523  0.02659277  0.63763801
   0.79271626  0.31060417  0.80343363
   0.00127530  0.00521404  0.75119883
   0.51054114  0.53900934  0.53919158
   0.60503629  0.44450585  0.65010825
   0.60332121  0.55341668  0.94635761
   0.31889501  0.31901636  0.59668778
   0.52845599  0.47503527  0.86208101
   0.28924230  0.18920439  0.69613493
   0.50416535  0.49413601  0.74852668
   0.01156908  0.95956059  0.96120787
   0.10437156  0.05384378  0.84999932
   0.60332121  0.05341663  0.44635767
   0.31889501  0.81901636  0.09668780
   0.52845599  0.97503524  0.36208098
   0.28924230  0.68920439  0.19613489
   0.50416535  0.99413601  0.24852665
   0.01156908  0.45956062  0.46120787
   0.10437156  0.55384380  0.34999938
   0.32026783  0.16658848  0.50026545
   0.32026783  0.66658854  1.00026548
   0.82169487  0.83385423  0.49982118
   0.82169487  0.33385429 -0.00017882
   0.29269950  0.24857452  0.34553466
   0.29269950  0.74857452  0.84553469
   0.78755253  0.75277548  0.55007308
   0.78755253  0.25277548  0.05007307
