   0.24417969  0.24689767  0.10351787
   0.23537620  0.27377003  0.22004556
   0.24417969  0.74689767  0.60351789
   0.23537620  0.77377006  0.72004552
   0.74924908  0.75127159  0.89371230
   0.71992524  0.73033066  0.78152412
   0.74924908  0.25127159  0.39371232
   0.71992524  0.23033067  0.28152406
   0.75022120  0.75460757  0.10368883
   0.74643591  0.72986923  0.22000273
   0.75022120  0.25460760  0.60368885
   0.74643591  0.22986921  0.72000276
   0.25286740  0.24700406  0.89368220
   0.23564009  0.28152796  0.78119485
   0.25286740  0.74700408  0.39368223
   0.23564009  0.78152793  0.28119488
   0.24796986  0.24097929  0.00144822
   0.24796986  0.74097929  0.50144822
   0.75292738  0.75607171  1.00154326
   0.75292738  0.25607171  0.50154320
   0.79374464  0.75033587  0.34724260
   0.79374464  0.25033587  0.84724260
   0.79153830  0.75081214  0.65203747
   0.79153830  0.25081216  0.15203749
   0.79578020  0.75321994  0.45100870
   0.79578020  0.25321994  0.95100867
   0.29548851  0.24604399  0.54937850
   0.29242870  0.24866679  0.65254292
   0.29242870  0.74866679  0.15254292
   0.29548851  0.74604397  0.04937849
   0.29656236  0.24717255  0.45074658
   0.29656236  0.74717255  0.95074658
   0.60683062  0.55684752  0.05352047
   0.31935725  0.31961751  0.40527121
   0.52257571  0.47391467  0.13723963
   0.30785108  0.18356376  0.30237171
   0.50285276  0.49699450  0.25072655
   0.01942812  0.96176628  0.03885580
   0.10186175  0.05286233  0.14915421
   0.60683062  0.05684752  0.55352045
   0.31935725  0.81961751  0.90527121
   0.52257571  0.97391470  0.63723961
   0.30785108  0.68356374  0.80237171
   0.50285276  0.99699453  0.75072658
   0.01942812  0.46176631  0.53885579
   0.10186175  0.55286238  0.64915424
   0.10534114  0.44865610  0.94655084
   0.82504880  0.67880372  0.59651806
   0.02583275  0.52382981  0.86218042
   0.79059894  0.80818322  0.69519218
   0.00077132  0.50427012  0.74894250
   0.52028806  0.03564675  0.96229283
   0.59348960  0.95381041  0.85140026
   0.10534114  0.94865613  0.44655081
   0.82504880  0.17880372  0.09651807
   0.02583275  0.02382983  0.36218042
   0.79059894  0.30818322  0.19519218
   0.00077132  0.00427015  0.24894251
   0.52028806  0.53564677  0.46229280
   0.59348960  0.45381047  0.35140029
   0.10591137  0.44735937  0.05373458
   0.81764095  0.68298598  0.40467750
   0.02347739  0.52703946  0.13681286
   0.79010566  0.80754256  0.30380011
   0.00113420  0.50664231  0.25100513
   0.51692602  0.03506971  0.03876965
   0.60107123  0.94604920  0.14910149
   0.10591137  0.94735934  0.55373462
   0.81764095  0.18298600  0.90467752
   0.02347739  0.02703943  0.63681283
   0.79010566  0.30754258  0.80380008
   0.00113420  0.00664232  0.75100513
   0.51692602  0.53506971  0.53876963
   0.60107123  0.44604920  0.64910152
   0.60500888  0.55095295  0.94666882
   0.31849046  0.31793106  0.59614638
   0.52662700  0.47617779  0.86246213
   0.27990056  0.19073676  0.69545896
   0.50375029  0.49415065  0.74836861
   0.02068123  0.96438975  0.96225592
   0.09588776  0.04671857  0.85120629
   0.60500888  0.05095291  0.44666888
   0.31849046  0.81793106  0.09614639
   0.52662700  0.97617776  0.36246210
   0.27990056  0.69073676  0.19545891
   0.50375029  0.99415065  0.24836858
   0.02068123  0.46438978  0.46225592
   0.09588776  0.54671859  0.35120635
   0.32410899  0.16720342  0.50038124
   0.32410899  0.66720348  1.00038127
   0.82599000  0.83248173  0.50010412
   0.82599000  0.33248179  0.00010412
   0.29048788  0.24674590  0.34585392
   0.29048788  0.74674590  0.84585395
   0.79033712  0.75247492  0.54965885
   0.79033712  0.25247492  0.04965885
