   0.24421219  0.24697429  0.10345052
   0.23384798  0.27424276  0.21989677
   0.24421219  0.74697429  0.60345054
   0.23384798  0.77424279  0.71989672
   0.74917169  0.75172245  0.89371704
   0.71842639  0.73039504  0.78143583
   0.74917169  0.25172245  0.39371707
   0.71842639  0.23039505  0.28143577
   0.75010328  0.75496422  0.10363360
   0.74565857  0.73004903  0.21991368
   0.75010328  0.25496425  0.60363362
   0.74565857  0.23004901  0.71991371
   0.25260707  0.24600404  0.89367422
   0.23472055  0.28170175  0.78106669
   0.25260707  0.74600407  0.39367425
   0.23472055  0.78170172  0.28106672
   0.24911405  0.24070680  0.00146217
   0.24911405  0.74070680  0.50146217
   0.75407324  0.75627757  1.00158293
   0.75407324  0.25627757  0.50158287
   0.79300756  0.75062221  0.34724464
   0.79300756  0.25062221  0.84724464
   0.79115561  0.75094242  0.65192331
   0.79115561  0.25094243  0.15192332
   0.79695470  0.75331621  0.45111848
   0.79695470  0.25331621  0.95111845
   0.29625530  0.24596647  0.54937660
   0.29188336  0.24872143  0.65242602
   0.29188336  0.74872143  0.15242602
   0.29625530  0.74596646  0.04937659
   0.29775974  0.24679874  0.45086150
   0.29775974  0.74679874  0.95086150
   0.60745762  0.55679517  0.05356241
   0.31973541  0.31929281  0.40543756
   0.52237500  0.47409350  0.13718565
   0.30787936  0.18348288  0.30239488
   0.50186406  0.49705214  0.25060342
   0.02055944  0.96194087  0.03888114
   0.10102130  0.05255738  0.14903169
   0.60745762  0.05679517  0.55356239
   0.31973541  0.81929281  0.90543756
   0.52237500  0.97409353  0.63718564
   0.30787936  0.68348285  0.80239488
   0.50186406  0.99705217  0.75060345
   0.02055944  0.46194090  0.53888113
   0.10102130  0.55255744  0.64903172
   0.10721575  0.44783866  0.94666024
   0.82499023  0.67893029  0.59647513
   0.02576514  0.52299224  0.86219124
   0.79115973  0.80877560  0.69506171
  -0.00021252  0.50455737  0.74888362
   0.52168648  0.03544813  0.96241449
   0.59119335  0.95533120  0.85163539
   0.10721575  0.94783869  0.44666021
   0.82499023  0.17893029  0.09647515
   0.02576514  0.02299227  0.36219124
   0.79115973  0.30877560  0.19506171
  -0.00021252  0.00455740  0.24888364
   0.52168648  0.53544815  0.46241446
   0.59119335  0.45533126  0.35163542
   0.10655782  0.44753088  0.05376330
   0.81817167  0.68307766  0.40483371
   0.02334660  0.52683313  0.13667562
   0.78935599  0.80752902  0.30384660
   0.00023643  0.50704912  0.25090641
   0.51802347  0.03474521  0.03877506
   0.60033461  0.94650823  0.14906076
   0.10655782  0.94753085  0.55376335
   0.81817167  0.18307767  0.90483374
   0.02334660  0.02683310  0.63667559
   0.78935599  0.30752905  0.80384657
   0.00023643  0.00704913  0.75090641
   0.51802347  0.53474522  0.53877504
   0.60033461  0.44650823  0.64906079
   0.60684537  0.55142960  0.94676164
   0.31880301  0.31793263  0.59610852
   0.52659166  0.47673721  0.86252109
   0.27831575  0.19047925  0.69534811
   0.50277701  0.49417701  0.74829429
   0.02207246  0.96431372  0.96238837
   0.09356602  0.04491118  0.85139511
   0.60684537  0.05142956  0.44676170
   0.31880301  0.81793263  0.09610853
   0.52659166  0.97673718  0.36252106
   0.27831575  0.69047925  0.19534806
   0.50277701  0.99417701  0.24829426
   0.02207246  0.46431375  0.46238837
   0.09356602  0.54491120  0.35139516
   0.32523589  0.16699916  0.50043960
   0.32523589  0.66699922  1.00043962
   0.82709407  0.83251405  0.50016281
   0.82709407  0.33251411  0.00016281
   0.28984403  0.24612076  0.34587657
   0.28984403  0.74612076  0.84587659
   0.79118619  0.75261833  0.54963981
   0.79118619  0.25261833  0.04963980
