   0.24420080  0.24688023  0.10353205
   0.23559958  0.27367030  0.22006897
   0.24420080  0.74688023  0.60353206
   0.23559958  0.77367033  0.72006893
   0.74927635  0.75120445  0.89370965
   0.72020086  0.73032526  0.78153655
   0.74927635  0.25120445  0.39370968
   0.72020086  0.23032528  0.28153649
   0.75026163  0.75453863  0.10370176
   0.74650385  0.72983456  0.22001285
   0.75026163  0.25453866  0.60370178
   0.74650385  0.22983455  0.72001288
   0.25293985  0.24718243  0.89368052
   0.23574465  0.28150356  0.78121971
   0.25293985  0.74718246  0.39368055
   0.23574465  0.78150353  0.28121974
   0.24775489  0.24103884  0.00145007
   0.24775489  0.74103884  0.50145007
   0.75273021  0.75602220  1.00153657
   0.75273021  0.25602220  0.50153651
   0.79385306  0.75031898  0.34722995
   0.79385306  0.25031898  0.84722995
   0.79160648  0.75078097  0.65205157
   0.79160648  0.25078098  0.15205158
   0.79562029  0.75320277  0.45099677
   0.79562029  0.25320277  0.95099674
   0.29537820  0.24606160  0.54938582
   0.29253615  0.24869254  0.65253669
   0.29253615  0.74869254  0.15253669
   0.29537820  0.74606158  0.04938581
   0.29639836  0.24723354  0.45073012
   0.29639836  0.74723354  0.95073012
   0.60668171  0.55690747  0.05351703
   0.31927818  0.31965603  0.40523564
   0.52268401  0.47384263  0.13725700
   0.30774999  0.18358718  0.30235629
   0.50300652  0.49698194  0.25075142
   0.01921619  0.96170137  0.03885410
   0.10202771  0.05296924  0.14918848
   0.60668171  0.05690748  0.55351700
   0.31927818  0.81965603  0.90523564
   0.52268401  0.97384266  0.63725698
   0.30774999  0.68358715  0.80235629
   0.50300652  0.99698197  0.75075145
   0.01921619  0.46170140  0.53885410
   0.10202771  0.55296930  0.64918851
   0.10502293  0.44875265  0.94652717
   0.82508096  0.67877844  0.59653711
   0.02585355  0.52397347  0.86217195
   0.79047625  0.80805752  0.69521932
   0.00093935  0.50420700  0.74895045
   0.51997911  0.03571122  0.96226451
   0.59395640  0.95357504  0.85134923
   0.10502293  0.94875268  0.44652714
   0.82508096  0.17877844  0.09653712
   0.02585355  0.02397349  0.36217195
   0.79047625  0.30805752  0.19521932
   0.00093935  0.00420703  0.24895046
   0.51997911  0.53571124  0.46226448
   0.59395640  0.45357510  0.35134926
   0.10582392  0.44734104  0.05373189
   0.81751502  0.68298542  0.40463802
   0.02350075  0.52705082  0.13684889
   0.79026679  0.80750092  0.30380868
   0.00127921  0.50655695  0.25102359
   0.51665575  0.03511686  0.03877271
   0.60129546  0.94598892  0.14911824
   0.10582392  0.94734101  0.55373193
   0.81751502  0.18298544  0.90463804
   0.02350075  0.02705079  0.63684886
   0.79026679  0.30750095  0.80380865
   0.00127921  0.00655696  0.75102359
   0.51665575  0.53511687  0.53877268
   0.60129546  0.44598892  0.64911827
   0.60470302  0.55091165  0.94665008
   0.31844032  0.31792527  0.59615202
   0.52667231  0.47606093  0.86243959
   0.28027470  0.19075902  0.69551341
   0.50389710  0.49415482  0.74838162
   0.02036058  0.96436600  0.96222386
   0.09629788  0.04708875  0.85116550
   0.60470302  0.05091160  0.44665014
   0.31844032  0.81792527  0.09615204
   0.52667231  0.97606090  0.36243956
   0.28027470  0.69075902  0.19551336
   0.50389710  0.99415482  0.24838159
   0.02036058  0.46436603  0.46222386
   0.09629788  0.54708877  0.35116556
   0.32388483  0.16724973  0.50037079
   0.32388483  0.66724979  1.00037082
   0.82576604  0.83247608  0.50008766
   0.82576604  0.33247614  0.00008766
   0.29057653  0.24683198  0.34584670
   0.29057653  0.74683198  0.84584673
   0.79023143  0.75244259  0.54966739
   0.79023143  0.25244259  0.04966739
