   0.24416346  0.24694118  0.10346914
   0.23438718  0.27409560  0.21994836
   0.24416346  0.74694118  0.60346915
   0.23438718  0.77409563  0.71994832
   0.74918790  0.75155858  0.89372028
   0.71891518  0.73035784  0.78146855
   0.74918790  0.25155858  0.39372030
   0.71891518  0.23035786  0.28146849
   0.75010024  0.75486254  0.10364869
   0.74599370  0.72999149  0.21994770
   0.75010024  0.25486257  0.60364871
   0.74599370  0.22999148  0.71994773
   0.25266056  0.24632755  0.89368196
   0.23507139  0.28165408  0.78110819
   0.25266056  0.74632758  0.39368199
   0.23507139  0.78165405  0.28110822
   0.24873569  0.24078735  0.00145865
   0.24873569  0.74078735  0.50145865
   0.75369777  0.75621509  1.00157306
   0.75369777  0.25621509  0.50157300
   0.79324958  0.75052451  0.34724908
   0.79324958  0.25052451  0.84724908
   0.79125324  0.75088960  0.65194665
   0.79125324  0.25088962  0.15194666
   0.79656649  0.75328759  0.45108850
   0.79656649  0.25328759  0.95108847
   0.29599800  0.24597880  0.54937471
   0.29203143  0.24871508  0.65244739
   0.29203143  0.74871508  0.15244739
   0.29599800  0.74597878  0.04937470
   0.29736575  0.24692080  0.45082910
   0.29736575  0.74692080  0.95082910
   0.60723790  0.55682106  0.05354482
   0.31961917  0.31941906  0.40538778
   0.52241853  0.47403724  0.13719894
   0.30795367  0.18348480  0.30239407
   0.50221778  0.49703337  0.25064221
   0.02022249  0.96187888  0.03886890
   0.10123179  0.05263187  0.14906103
   0.60723790  0.05682107  0.55354480
   0.31961917  0.81941906  0.90538778
   0.52241853  0.97403727  0.63719892
   0.30795367  0.68348477  0.80239407
   0.50221778  0.99703340  0.75064224
   0.02022249  0.46187891  0.53886890
   0.10123179  0.55263192  0.64906106
   0.10656999  0.44814701  0.94662620
   0.82498851  0.67888719  0.59648527
   0.02575859  0.52325139  0.86219101
   0.79100017  0.80861080  0.69509951
   0.00015680  0.50447074  0.74890466
   0.52127181  0.03548153  0.96237828
   0.59196168  0.95484383  0.85156483
   0.10656999  0.94814704  0.44662617
   0.82498851  0.17888719  0.09648529
   0.02575859  0.02325142  0.36219101
   0.79100017  0.30861080  0.19509951
   0.00015680  0.00447077  0.24890468
   0.52127181  0.53548155  0.46237825
   0.59196168  0.45484389  0.35156486
   0.10636006  0.44749622  0.05375068
   0.81802056  0.68302879  0.40478625
   0.02336178  0.52688385  0.13671332
   0.78958793  0.80755043  0.30384261
   0.00057368  0.50692526  0.25093846
   0.51767384  0.03481998  0.03876804
   0.60052243  0.94638872  0.14906639
   0.10636006  0.94749619  0.55375072
   0.81802056  0.18302881  0.90478628
   0.02336178  0.02688383  0.63671329
   0.78958793  0.30755045  0.80384258
   0.00057368  0.00692526  0.75093846
   0.51767384  0.53481999  0.53876801
   0.60052243  0.44638872  0.64906642
   0.60621231  0.55123283  0.94673172
   0.31869392  0.31792962  0.59611395
   0.52661214  0.47652257  0.86250969
   0.27873307  0.19054151  0.69538579
   0.50312896  0.49417149  0.74831923
   0.02166506  0.96437713  0.96235013
   0.09430035  0.04551035  0.85133820
   0.60621231  0.05123279  0.44673178
   0.31869392  0.81792962  0.09611397
   0.52661214  0.97652254  0.36250966
   0.27873307  0.69054151  0.19538575
   0.50312896  0.99417149  0.24831920
   0.02166506  0.46437716  0.46235013
   0.09430035  0.54551037  0.35133826
   0.32488018  0.16706364  0.50041890
   0.32488018  0.66706370  1.00041893
   0.82674538  0.83250739  0.50014064
   0.82674538  0.33250745  0.00014064
   0.29011906  0.24637882  0.34587438
   0.29011906  0.74637882  0.84587441
   0.79082255  0.75256478  0.54964403
   0.79082255  0.25256478  0.04964402
