   0.24519516  0.24684866  0.10392806
   0.23778938  0.27244415  0.22040551
   0.24519516  0.74684866  0.60392807
   0.23778938  0.77244418  0.72040547
   0.75075474  0.75048992  0.89347165
   0.72534434  0.73026087  0.78143414
   0.75075474  0.25048992  0.39347168
   0.72534434  0.23026089  0.28143408
   0.75151774  0.75380251  0.10410802
   0.74469998  0.72900657  0.22011086
   0.75151774  0.25380254  0.60410804
   0.74469998  0.22900655  0.72011089
   0.25519836  0.24944710  0.89341092
   0.23631574  0.28144342  0.78150851
   0.25519836  0.74944713  0.39341095
   0.23631574  0.78144339  0.28150854
   0.24450544  0.24198589  0.00167261
   0.24450544  0.74198589  0.50167261
   0.74954289  0.75544793  1.00109125
   0.74954289  0.25544793  0.50109119
   0.79615456  0.74988830  0.34700883
   0.79615456  0.24988830  0.84700883
   0.79346744  0.75039776  0.65254844
   0.79346744  0.25039778  0.15254846
   0.79300258  0.75279566  0.45054329
   0.79300258  0.25279566  0.95054326
   0.29395155  0.24666087  0.54957013
   0.29487696  0.24863815  0.65301621
   0.29487696  0.74863815  0.15301621
   0.29395155  0.74666085  0.04957012
   0.29331458  0.24776597  0.45023552
   0.29331458  0.74776597  0.95023552
   0.60537977  0.55762506  0.05381150
   0.31808134  0.31933488  0.40465149
   0.52444599  0.47360300  0.13759164
   0.30271314  0.18262658  0.30215213
   0.50394148  0.49638883  0.25107202
   0.01576040  0.96035492  0.03888034
   0.10466185  0.05340545  0.14981844
   0.60537977  0.05762507  0.55381148
   0.31808134  0.81933488  0.90465149
   0.52444599  0.97360303  0.63759162
   0.30271314  0.68262655  0.80215213
   0.50394148  0.99638886  0.75107205
   0.01576040  0.46035495  0.53888033
   0.10466185  0.55340550  0.64981847
   0.10244968  0.44852732  0.94608685
   0.82561450  0.67858461  0.59689495
   0.02682064  0.52551381  0.86212408
   0.78966780  0.80807298  0.69567229
   0.00147002  0.50341596  0.74890794
   0.51479622  0.03771404  0.96177571
   0.60006658  0.95035555  0.85054834
   0.10244968  0.94852735  0.44608682
   0.82561450  0.17858461  0.09689496
   0.02682064  0.02551383  0.36212408
   0.78966780  0.30807298  0.19567229
   0.00147002  0.00341599  0.24890796
   0.51479622  0.53771407  0.46177568
   0.60006658  0.45035561  0.35054837
   0.10545941  0.44613218  0.05379456
   0.81607023  0.68312836  0.40407421
   0.02516015  0.52705503  0.13743347
   0.79226138  0.80880779  0.30358619
   0.00150071  0.50532764  0.25121198
   0.51257643  0.03743154  0.03904230
   0.60418500  0.94476897  0.14967310
   0.10545941  0.94613215  0.55379460
   0.81607023  0.18312837  0.90407424
   0.02516015  0.02705500  0.63743344
   0.79226138  0.30880782  0.80358616
   0.00150071  0.00532765  0.75121198
   0.51257643  0.53743155  0.53904228
   0.60418500  0.44476897  0.64967313
   0.60275108  0.55198693  0.94643815
   0.31824144  0.31834990  0.59648560
   0.52778907  0.47520472  0.86209791
   0.28681938  0.19029608  0.69599524
   0.50449280  0.49413877  0.74850246
   0.01434089  0.96160288  0.96155269
   0.10251459  0.05209507  0.85039948
   0.60275108  0.05198688  0.44643821
   0.31824144  0.81834990  0.09648562
   0.52778907  0.97520469  0.36209788
   0.28681938  0.69029608  0.19599520
   0.50449280  0.99413877  0.24850243
   0.01434089  0.46160291  0.46155269
   0.10251459  0.55209509  0.35039954
   0.32106839  0.16733604  0.50027847
   0.32106839  0.66733610  1.00027850
   0.82278305  0.83291731  0.49990255
   0.82278305  0.33291737 -0.00009745
   0.29221566  0.24816673  0.34554738
   0.29221566  0.74816673  0.84554741
   0.78826921  0.75240716  0.54993251
   0.78826921  0.25240716  0.04993251
