   0.24415862  0.24690460  0.10350738
   0.23518940  0.27383845  0.22002987
   0.24415862  0.74690460  0.60350739
   0.23518940  0.77383848  0.72002982
   0.74923749  0.75132015  0.89371311
   0.71971957  0.73033129  0.78151250
   0.74923749  0.25132015  0.39371314
   0.71971957  0.23033130  0.28151244
   0.75018716  0.75466782  0.10367965
   0.74637508  0.72989864  0.21999629
   0.75018716  0.25466785  0.60367967
   0.74637508  0.22989863  0.71999632
   0.25281182  0.24687408  0.89368141
   0.23554314  0.28155843  0.78117525
   0.25281182  0.74687411  0.39368144
   0.23554314  0.78155840  0.28117528
   0.24811712  0.24094547  0.00144957
   0.24811712  0.74094547  0.50144957
   0.75306943  0.75609711  1.00154973
   0.75306943  0.25609711  0.50154967
   0.79364854  0.75037394  0.34724721
   0.79364854  0.25037394  0.84724721
   0.79147947  0.75082365  0.65201551
   0.79147947  0.25082367  0.15201552
   0.79592709  0.75323873  0.45102601
   0.79592709  0.25323873  0.95102598
   0.29558575  0.24602799  0.54937500
   0.29234602  0.24868368  0.65251850
   0.29234602  0.74868368  0.15251850
   0.29558575  0.74602797  0.04937499
   0.29671176  0.24712032  0.45076544
   0.29671176  0.74712032  0.95076544
   0.60689186  0.55685953  0.05352457
   0.31940844  0.31958471  0.40529543
   0.52255746  0.47392156  0.13723023
   0.30790534  0.18353945  0.30237600
   0.50273494  0.49700373  0.25070882
   0.01961303  0.96178002  0.03885826
   0.10171028  0.05282863  0.14913237
   0.60689186  0.05685954  0.55352455
   0.31940844  0.81958471  0.90529543
   0.52255746  0.97392159  0.63723022
   0.30790534  0.68353943  0.80237600
   0.50273494  0.99700376  0.75070885
   0.01961303  0.46178005  0.53885825
   0.10171028  0.55282868  0.64913240
   0.10557086  0.44856939  0.94656615
   0.82503465  0.67881567  0.59651094
   0.02579704  0.52368976  0.86218281
   0.79068213  0.80826913  0.69517270
   0.00066683  0.50431288  0.74893595
   0.52049564  0.03559980  0.96231032
   0.59320725  0.95404809  0.85143442
   0.10557086  0.94856942  0.44656612
   0.82503465  0.17881567  0.09651095
   0.02579704  0.02368978  0.36218281
   0.79068213  0.30826913  0.19517270
   0.00066683  0.00431291  0.24893597
   0.52049564  0.53559982  0.46231029
   0.59320725  0.45404815  0.35143445
   0.10601316  0.44740795  0.05373756
   0.81772315  0.68299004  0.40470056
   0.02343394  0.52699056  0.13679013
   0.78999457  0.80753361  0.30381426
   0.00103942  0.50670362  0.25099082
   0.51706773  0.03499109  0.03876826
   0.60096895  0.94613962  0.14909218
   0.10601316  0.94740792  0.55373760
   0.81772315  0.18299006  0.90470059
   0.02343394  0.02699053  0.63679010
   0.78999457  0.30753363  0.80381423
   0.00103942  0.00670363  0.75099082
   0.51706773  0.53499110  0.53876823
   0.60096895  0.44613962  0.64909221
   0.60523236  0.55099803  0.94668127
   0.31852683  0.31792854  0.59613634
   0.52665254  0.47622114  0.86247318
   0.27964511  0.19066947  0.69545270
   0.50363463  0.49415597  0.74835967
   0.02089066  0.96440729  0.96227570
   0.09553924  0.04649645  0.85123350
   0.60523236  0.05099799  0.44668133
   0.31852683  0.81792854  0.09613635
   0.52665254  0.97622111  0.36247315
   0.27964511  0.69066947  0.19545265
   0.50363463  0.99415597  0.24835964
   0.02089066  0.46440732  0.46227570
   0.09553924  0.54649647  0.35123356
   0.32426786  0.16717898  0.50038913
   0.32426786  0.66717904  1.00038916
   0.82614661  0.83248732  0.50010907
   0.82614661  0.33248738  0.00010907
   0.29042519  0.24668288  0.34585877
   0.29042519  0.74668288  0.84585880
   0.79041453  0.75249054  0.54965541
   0.79041453  0.25249054  0.04965541
