   0.24423300  0.24685544  0.10356183
   0.23593289  0.27352001  0.22011475
   0.24423300  0.74685544  0.60356184
   0.23593289  0.77352004  0.72011470
   0.74931813  0.75110441  0.89369398
   0.72061660  0.73032681  0.78154329
   0.74931813  0.25110441  0.39369401
   0.72061660  0.23032683  0.28154323
   0.75034376  0.75443273  0.10372758
   0.74655281  0.72977849  0.22003845
   0.75034376  0.25443276  0.60372760
   0.74655281  0.22977847  0.72003848
   0.25307008  0.24746029  0.89366683
   0.23590318  0.28146070  0.78124723
   0.25307008  0.74746032  0.39366686
   0.23590318  0.78146067  0.28124726
   0.24741947  0.24113519  0.00144957
   0.24741947  0.74113519  0.50144957
   0.75237906  0.75594616  1.00152153
   0.75237906  0.25594616  0.50152147
   0.79408778  0.75024004  0.34721287
   0.79408778  0.25024004  0.84721287
   0.79178241  0.75073264  0.65209873
   0.79178241  0.25073265  0.15209874
   0.79526236  0.75317020  0.45095669
   0.79526236  0.25317020  0.95095666
   0.29516950  0.24610438  0.54939425
   0.29276450  0.24868329  0.65258646
   0.29276450  0.74868329  0.15258646
   0.29516950  0.74610437  0.04939424
   0.29602757  0.24733178  0.45068983
   0.29602757  0.74733178  0.95068983
   0.60653670  0.55692806  0.05351430
   0.31918812  0.31969788  0.40519168
   0.52278617  0.47380743  0.13727810
   0.30759749  0.18361662  0.30234268
   0.50317169  0.49696251  0.25078004
   0.01894472  0.96162744  0.03885408
   0.10229704  0.05304822  0.14923091
   0.60653670  0.05692806  0.55351428
   0.31918812  0.81969788  0.90519168
   0.52278617  0.97380746  0.63727808
   0.30759749  0.68361660  0.80234268
   0.50317169  0.99696254  0.75078007
   0.01894472  0.46162747  0.53885408
   0.10229704  0.55304827  0.64923094
   0.10464406  0.44888024  0.94649859
   0.82514059  0.67874830  0.59655532
   0.02587719  0.52412626  0.86216589
   0.79033395  0.80792255  0.69525884
   0.00109494  0.50413591  0.74895858
   0.51958702  0.03581987  0.96222650
   0.59453173  0.95324800  0.85128564
   0.10464406  0.94888027  0.44649856
   0.82514059  0.17874830  0.09655534
   0.02587719  0.02412628  0.36216589
   0.79033395  0.30792255  0.19525884
   0.00109494  0.00413594  0.24895860
   0.51958702  0.53581990  0.46222647
   0.59453173  0.45324806  0.35128567
   0.10570706  0.44731062  0.05372916
   0.81735998  0.68299372  0.40459618
   0.02359029  0.52710289  0.13689403
   0.79047286  0.80750610  0.30379136
   0.00140792  0.50645160  0.25104399
   0.51636855  0.03522194  0.03878187
   0.60153393  0.94586206  0.14913910
   0.10570706  0.94731059  0.55372920
   0.81735998  0.18299373  0.90459621
   0.02359029  0.02710287  0.63689400
   0.79047286  0.30750613  0.80379133
   0.00140792  0.00645161  0.75104399
   0.51636855  0.53522195  0.53878185
   0.60153393  0.44586206  0.64913913
   0.60433764  0.55085281  0.94662866
   0.31838450  0.31792935  0.59616759
   0.52672748  0.47593335  0.86241484
   0.28077570  0.19082440  0.69554677
   0.50405322  0.49415180  0.74839686
   0.01995504  0.96429476  0.96218006
   0.09684189  0.04754618  0.85111452
   0.60433764  0.05085277  0.44662872
   0.31838450  0.81792935  0.09616760
   0.52672748  0.97593332  0.36241481
   0.28077570  0.69082440  0.19554672
   0.50405322  0.99415180  0.24839683
   0.01995504  0.46429479  0.46218006
   0.09684189  0.54754620  0.35111458
   0.32361273  0.16729796  0.50035877
   0.32361273  0.66729802  1.00035880
   0.82550831  0.83247115  0.50007102
   0.82550831  0.33247121  0.00007102
   0.29075494  0.24699598  0.34581716
   0.29075494  0.74699598  0.84581719
   0.79001315  0.75240130  0.54968293
   0.79001315  0.25240130  0.04968292
